1 0 -1.81899e-10 0 9.31323e-10 1 0 0 -6.54836e-11 0 1 0
0.9999992353751754 -0.0016174752080945257 -0.0018046815172609817 -0.008848224677604452 0.0016165842607110338 1.0000042020313236 -0.0005109287438331845 -0.01958443142547411 0.0018057036992448845 0.0005080799577348125 0.9999994794794909 0.602739179430498
1.000004777326396 -0.00010668491854343138 -0.0009785743290391963 0.0017544635589602238 0.00010594007006812453 1.000016195484502 -0.0008915088450916797 -0.01854926710485563 0.0009808656337081316 0.0008916062137674882 0.999998654678727 0.6038852445119011
0.99999967327963 3.5660636051657043e-05 -0.0019812945281004403 0.0013717769298076513 -3.718372636940522e-05 1.0000110795977633 -0.0008463629896549113 -0.012917868886627487 0.0019824228577006576 0.0008465593045532813 0.9999985092774166 0.5730217687805065
1.0000064002871634 -0.0014122852006729022 -0.002045934429295615 9.838103674639731e-05 0.0014103538724965356 1.000039092962879 -0.001058360818472316 -0.01717559312840377 0.002046049656072918 0.0010558827796638812 1.0000028516954194 0.5914855754393483
1.0000049100108332 -0.0024627821838564433 -0.0016093880374927626 0.001665530350714208 0.0024609677188128787 1.0000352829303207 -0.0013111501569324498 -0.01917834286753075 0.0016106248986990758 0.001307564421413802 1.000003964188853 0.6065761658521815
1.0000072389595385 -0.0005527277010732188 -0.00147081221545121 0.00092128393041468 0.000552546382544658 1.0000320665058258 -0.0002984514870598974 -0.00972628493239338 0.0014711157833394836 0.00029799293771579175 1.0000011488685674 0.5909852014107917
1.0000084061316474 -1.7095016361750518e-05 -0.0010598289558368902 0.016664584447366897 1.808186205883351e-05 1.0000257129065186 0.0005842591063915125 -0.00954811639941319 0.0010627146388182988 -0.0005839978851421649 0.9999985289175777 0.5531555208875801
1.0000054579682116 -8.014784908920097e-05 -0.0012490260030161983 0.023826189912796194 8.06883029868077e-05 1.0000334202553958 -9.334221883980838e-05 -0.014594424116453094 0.0012469576273640727 9.366881233112495e-05 1.0000046552446744 0.5803479734906732
1.0000053487580638 0.0005053830210624921 -0.0010276709927353027 0.0006946451131952228 -0.0005071770857349682 1.0000227193473372 -0.002189544441962414 -0.014472048712500305 0.001027359222812281 0.0021903940402164847 0.9999993238077121 0.6138613126576342
1.0000048388879774 0.0012749762863601061 -0.001315307082788029 -0.008707824958378714 -0.001278296170517479 1.000034737319112 -0.0031076844651729955 -0.015985342776796887 0.0013106163091340765 0.003109772395582268 0.9999989299865565 0.6130790046159017
1.000003086374349 0.000951083201571014 -0.001140981443166422 -0.01837109248214888 -0.0009544246851813687 1.0000092944554493 -0.003194902608589223 -0.005870510426893537 0.0011381705621554287 0.0031961344561404923 0.9999969009807582 0.621422440232707
1.0000023692823143 0.0012697731049651096 -0.0008723060880328943 -0.01565888072714439 -0.001269010721942762 1.0000204762976332 0.0003684734813264202 -0.009766729638121883 0.0008739307195524636 -0.00036727682974419787 0.9999995358704933 0.6301970151813733
0.9999980896452328 0.0012019562704100799 -0.001184740295060228 -0.05989249944084042 -0.0011947188714264833 0.9999870474845938 0.00595004582208547 0.01121563104889978 0.0011905660819272028 -0.0059485881121957955 0.9999839205942009 0.6274452341245216
1.0000015419147257 0.00030388477741495466 -0.00028613019235379955 -0.011609440491187676 -0.00030084177917108783 0.9999601602306211 0.009817398172037752 -0.005027165916251147 0.0002891088306898589 -0.009817219822548165 0.999953727720108 0.6821134875376839
1.0000019715076096 0.0005586484957436603 -0.0008111033900151435 -0.018513143327555864 -0.0005529483278070238 0.9999956311520677 0.006444009978142073 -0.012851042047076211 0.0008098208708359193 -0.006443276208384093 0.9999828231776106 0.6816622544468329
1.0000073880602218 0.0013734223696980708 -0.0008483288667605017 -0.019667346698740592 -0.001372994906382195 1.0000262385875094 -0.00031811016662799425 -0.020914586629993015 0.000849508051854501 0.0003197167951846602 1.0000058711234805 0.6561163250252021
0.9999998936372466 0.0025356863789384354 -0.0003315067998686759 -0.027170533912353377 -0.002537568493517281 0.9999843969383309 -0.006737143898314536 -0.008244286365250493 0.00031121683416009805 0.006738157532201916 0.9999770136074186 0.7063203267532464
1.0000074438541895 0.0002933789155177935 -0.0010834773040118058 0.00786915227247195 -0.00029878277195297446 1.0000141514964063 -0.005603771573732026 -0.009718476292182726 0.0010829931939483966 0.005604416131113658 0.9999893709782438 0.6983647232255472
1.0000072724906839 -0.0012144036616057153 -0.0006787807685299976 0.02671153172969571 0.0012157232023654726 1.0000316864394716 0.0008564408666400747 -0.012494608992423219 0.0006779813145650053 -0.0008568636937149007 1.000005163184309 0.7413735266853684
1.0000010619007222 -0.0016470090959903973 -0.0005368354077734542 0.006052182928312683 0.0016517840366105311 0.9999662696523837 0.008787190926354355 0.001311405612355514 0.0005214243263408978 -0.008787949740815697 0.9999597602489096 0.7465261467837061
1.0000065213790958 -0.0008704485143922445 0.00025677009081548076 0.019087625843121042 0.0008693415860597222 1.0000011061852396 0.006945579317370892 -0.00119434119198676 -0.0002641969464762762 -0.0069450441129138216 0.9999789108711087 0.7810550851508767
1.0000067262157144 -0.00019729376717464062 -0.0005911902813848237 0.02560714935297074 0.0001990556147692846 1.0000179153006112 0.0022700536024131504 -0.01651662314135402 0.0005917651170642907 -0.0022699172485079354 0.9999998828368358 0.7888387655860187
1.0000044539044488 -0.0009077469450840339 0.00023753063106493247 0.012409400560740988 0.0009083522708597542 1.0000233843671975 -0.0004996281580509386 -0.022635309017514607 -0.0002356847555769128 0.0005001702675589225 1.0000035062839412 0.8059555810973877
1.0000023913829192 0.000191925562298368 0.0008929853060318426 0.006069674793752949 -0.00018973250641884487 1.0000145566080505 -0.001984689203628794 -0.019292230047319905 -0.0008939566272011124 0.0019847729997334185 0.9999995445480777 0.8304184140813622
1.0000071601244693 0.0020669186314842517 0.00045573589470928504 0.0003729421998414752 -0.002065165477371087 1.0000168920848411 -0.003014954254920146 0.005155978896095996 -0.000462254394861372 0.003014399287577248 0.9999982100878786 0.8392642473751881
1.000003934307722 -0.0025567245975085732 0.0015540769003679665 0.0029577033048230777 0.0025644921771564152 1.0000138382192216 -0.004753365628088375 -0.01575761271804461 -0.00154268394184718 0.004757750436520238 0.9999915116082123 0.8495316217000596
1.000001705416018 -0.002114105922315602 0.00046600115997088773 0.004121627885951021 0.0021169579763133353 1.0000064490776037 -0.005520130021905358 -0.021524842927066655 -0.0004536892716962963 0.005521371686470262 0.9999865303607939 0.8647288244644924
1.0000022284058636 0.0006783490767782916 0.0016268411004218956 -0.0034774453924276954 -0.0006706127506149111 1.0000170487161595 -0.00464479132713408 -0.015142194314785612 -0.001628383722513233 0.004643935621484416 0.9999938842407846 0.8958105272072423
1.0000065579784374 0.0013770064743504947 0.0002111764481557898 0.004246571216389226 -0.0013766869986358361 1.0000298289347602 -0.0010559449043042507 0.0021562787711814128 -0.00021284331194873556 0.0010559332013317657 1.0000023785896297 0.896330561062123
1.0000035861385363 -0.0005909541634900932 -5.474061668535614e-05 -0.025676207378082534 0.0005910946165035262 1.0000213176380908 0.00046335159944331923 -0.010563840613276353 5.534301001286002e-05 -0.00046319986531281985 1.000003252860551 0.908315064545905
1.0000051186483816 0.0007295289438040562 0.0005652147850061549 0.005738947156442384 -0.0007290728351850816 1.0000273196562837 -0.0007423450584290033 -0.013530491256531324 -0.0005657815970581896 0.0007422401494845364 1.0000029288163654 0.9597053244432717
1.000001883631026 0.002702916418666272 0.00011816942271896763 -0.00940057359707292 -0.002702749842271836 1.000023202570921 -0.0016448239408757294 -0.014338275546641622 -0.00012216547207512065 0.0016446998339117284 1.0000017126105452 0.9574250918074325
0.9999984947450035 0.00394266632184656 0.0002560104326081854 -0.0054172776695801395 -0.003942631347924799 1.0000143459450677 -0.0006237499017015498 -0.009373496690948478 -0.0002593216252434813 0.0006229659076321846 1.0000003123403072 0.9792983413364251
1.0000002954978224 0.0007852837615978648 -6.071039870825202e-06 -0.05693312986748039 -0.0007854127406926013 1.0000173738557132 0.0005773442789859214 -0.007924869885664206 7.59601038499109e-06 -0.0005771731402100621 1.0000038523616999 0.1502766511651152
1.0000015964201283 0.0005724971260281073 0.0004973750386125516 -0.030073407446882947 -0.0005728093374339306 1.0000083788535086 0.0005738506661380181 -0.004685094079204719 -0.0004972673661573469 -0.0005740491887695889 1.000001816053438 0.16331760182505115
1.0000063389228877 0.00034185502352330094 0.00114744684139889 -0.009043043509500037 -0.00034268299997351813 1.0000277586059996 0.0005778235397643435 -0.008133842273887339 -0.0011472824582056153 -0.0005779097077274712 1.0000015120947667 0.26166959548162755
1.000004625665553 0.0003532615404459176 -0.0001312709913308908 -0.0070161533347888735 -0.0003530719297329793 1.0000230721259342 0.0007100752904514125 -0.014427940871109164 0.0001320062246205476 -0.0007097984065009976 1.000002436789002 0.9849132992774161
1.0000058500955888 0.00045935310813742015 0.00017913192433592718 0.003867432167366856 -0.00045939317338795183 1.0000236817573422 0.0012469506395795394 -0.01640395209130902 -0.00017874353434525788 -0.001246781697601283 1.0000029592760622 1.031728998936446
1.0000071903020744 0.0005766268978919945 -0.0004502933893532174 -0.017866938791749082 -0.0005760867271256947 1.000029091078215 0.0008115127731342358 -0.012134394758366722 0.000449929389320918 -0.0008108010316264993 1.0000016623226253 1.0077503159835737
1.000004771209097 0.0007432618215656005 0.00020469200647202238 -0.021769759500650476 -0.000742978232664879 1.0000220350495597 -0.00046661661904495814 -0.02657182215568549 -0.000204655429483919 0.0004668148140035006 1.0000012600921127 1.046052260768284
1.000010765633091 -0.0004571710069740559 -8.409799033927126e-05 -0.04132693582670253 0.00045712141813930405 1.0000308995276337 -0.00015625997926691786 0.008194650665608693 8.295939316252678e-05 0.00015685566168420088 0.9999995812716058 0.03880973938878781
1.0000039519125603 -0.0006386588303000225 -0.00013951974233041158 -0.01418151151759152 0.0006389205596255528 1.00001908658627 0.00041647039167076944 -0.015247085961596218 0.00013921407908680392 -0.00041626237262844094 1.000001271370203 1.0433122212293402
1.0000060571837417 -0.0009149247556771787 -0.00018157405118470032 0.002537188573234933 0.0009155847567119466 1.0000203005914514 0.0020727051671147207 -0.016244144277826743 0.00017941959656539035 -0.002072473671606735 1.0000002788557725 1.0743402494110417
1.0000056178238579 -0.0005214191443262736 -0.00044393816373445997 -0.006780278096967712 0.0005228881071307961 1.0000190015634622 0.0026594430939085047 -0.01079109881511215 0.00044221940464951706 -0.0026592449138893247 0.9999976169170152 1.0665330060711868
1.0000045280550598 -0.0009759898736047617 -0.0002707489974436706 -0.023546700017772135 0.0009765352539094399 1.00001273581944 0.0015779339074257204 -0.015186238689841655 0.0002686454399193039 -0.0015778631109227119 0.9999971567194232 1.0747156211609814
1.000008474270049 0.0003197036362782557 -0.0006520576022151211 -0.019890498110743428 -0.00031907327399597664 1.0000302681506827 0.0003955671274857248 -0.020169270658580814 0.0006520389079095511 -0.00039472395660084425 1.0000069740108746 1.0806774896286109
1.0000043576345545 -0.0017118421250572515 0.0010351313685947666 -0.026443350843878846 0.0017125110391062724 1.0000195151577382 -0.00044062417759356076 0.003949161634706976 -0.0010346329147897652 0.00044294814834154795 1.00000199357639 0.11371068515504457
1.0000066779983987 -0.0008969071094571847 -9.585789383481928e-05 -0.026988749064568017 0.0008970779938682848 1.0000213984308821 0.0008344520724007642 0.0034736602903775557 9.506211550572459e-05 -0.0008340010160353053 1.0000013716321816 0.12364529392734742
1.0000052709296632 -0.0003215158099428868 -0.0005812750403379985 -0.005136951301194544 0.0003222062168240976 1.0000204143765858 0.000612484162055596 -0.023785372724327774 0.0005810436025367253 -0.0006122497345416077 1.0000034023119386 1.0923083009140884
1.0000055434295987 -0.0003076999052166504 -0.00047643549931548776 -0.012428606569907736 0.00030872524826612227 1.000021156230023 0.0014364310673946141 -0.021179039620533337 0.0004757287615659629 -0.001436125047973784 1.00000117166057 1.1128012046780178
1.0000030951223826 -0.00029968656880864164 -0.0004985327069129007 -0.017635285261090927 0.0003004957504078999 1.0000152666137854 0.0013030160209073548 -0.02101477230701652 0.0004981525387481663 -0.0013027553179935168 0.9999998460414345 1.0892558815124944
1.0000065083955458 0.0008569162480365944 -0.00014691295041337728 -0.01567693052564095 -0.000856716555188293 1.0000193618094364 -8.488065149243758e-05 -0.023619372562860133 0.0001468237847393264 8.546654242447036e-05 1.0000030355177083 1.0969137616226086
1.0000024766557878 0.001146593009061509 -0.0004164478520149669 -0.01639380970819079 -0.0011476600656330472 1.0000027831995788 -0.002482057302829296 -0.032720453218967056 0.00041369278934950856 0.002482688618475622 0.9999984774976323 1.0874760637533947
1.0000044513615227 0.0021102995270861555 0.00034189511277691627 -0.012245366704390595 -0.0021091521254453954 1.0000083590703697 -0.0032204093643549156 -0.03283932931044598 -0.0003484085772846579 0.0032200227756142077 0.9999972296841855 1.1060116446577315
1.0000060666757782 0.0004548315435893042 1.5846020967195154e-05 -0.022349910671859458 -0.0004548801342063442 1.0000160105525184 -0.000331104395549794 -0.01523993543418408 -1.5642735406139814e-05 0.00033150779372955683 0.9999998832332243 1.101836072771202
1.0000062259225306 -0.0006332627283259613 0.00020654902578962607 -0.002628489819602395 0.0006330521165886019 1.0000171823592978 0.0015298341083698403 -0.021279177030666615 -0.00020741403937918796 -0.0015292994675783576 0.9999971236313521 1.1047282705964494
1.0000040760927442 0.0014498039045009322 0.00040971891582552566 -0.00011468100309061446 -0.0014498779214999857 1.000016343374981 0.0008767071418418502 -0.019012334750794804 -0.0004082311672994876 -0.0008768998394712522 1.0000016987121876 1.1119205090612982
1.0000041506366548 -0.0010260018838781095 -0.00012213817719229126 -0.011352829946824166 0.0010264322003001398 1.0000207764174984 0.0006414602736447965 -0.02778669519588641 0.00012145516719527471 -0.000641089431601132 1.0000019940492049 1.1009112157721184
1.0000068917468063 0.0008250675523364283 0.0011825001021057348 -0.01757127804827846 -0.0008250057254533681 1.00002139214634 9.791551052089615e-05 0.003783079750055725 -0.0011820754321128573 -9.827367232450251e-05 1.0000022431590792 0.13881189926607143
1.0000030861722886 -0.0007874379802657066 0.0011235397469214644 -0.013589842072575832 0.0007884169636787048 1.0000090379498359 -0.0008884203562612136 0.00038703496811104784 -0.0011224489629819746 0.000889676119353526 0.9999964883981601 0.1323448114401862
1.0000042234630093 0.00025874020341951553 0.0004042769793470431 -0.006083699194788749 -0.0002580429029968949 1.0000094056664715 -0.0016445856767416844 -0.020535795515393276 -0.00040453223995059876 0.001644739000814937 0.9999987091393489 1.0934819550562533
1.000005331925256 -0.0009318401763613216 0.0008042901285972437 0.004095674994893777 0.0009329059520496348 1.0000231958451462 -0.0011584333050213044 -0.02920047900326348 -0.0008032286046657279 0.00115963818606555 1.0000026773163742 1.0977682100551975
1.0000060127452992 -0.00140426200360365 -0.0001635814318049074 -0.008017345423616309 0.0014039695070518967 1.000018047741135 -0.0021964054871572037 -0.03243004002160291 0.00016667584050193557 0.002196550833499256 1.0000019606309176 1.0894921461203362
1.0000059983326954 -0.0008111879444685869 0.00051370657336659 -0.00018470855291554541 0.0008117469943268143 1.0000193313143442 -0.0009249823781077125 -0.026438611367640266 -0.0005129212685741209 0.0009258321962668494 1.0000020056195402 1.0963215673143587
1.0000101524823617 -0.0015223354898033867 0.0001721630526456128 -0.0029656227978777203 0.001522260873631946 1.0000333356048512 0.0015743328183525581 -0.022169287705030943 -0.00017463900682183764 -0.001573363121515908 1.0000042718928717 1.0903874591627714
1.0000078571516036 -0.0018766906722906926 0.0006985236401145624 -0.008682097557581687 0.0018732213891604148 1.0000194258374826 0.0050488361235855265 -0.013952734375082387 -0.0007079931448936268 -0.005046756703879773 0.9999923184930928 1.1130819088453798
1.0000062379943488 -0.0019507817628368548 0.00020808801068551377 0.0035866163255503106 0.0019498803110161744 1.0000142912991372 0.0053073710648472916 -0.018081560795418634 -0.00021850282731698543 -0.005306310845812951 0.9999885092016154 1.1045050917234005
1.000004916541159 -0.0011870811471759192 0.00023805551760103637 0.006700762258308573 0.0011871147886736095 1.000024396726913 0.0008938555273483659 -0.029308622731814126 -0.000239117813835452 -0.0008930230321883502 1.0000043854810916 1.098704229707112
1.0000055712753042 -0.001629794805924097 0.000766500595921954 0.011384585368716664 0.0016316669796153484 1.000014862134348 -0.002303280193426825 -0.03170000527319209 -0.0007627856135833275 0.002305017698365396 0.9999995996701392 1.1019974886023767
1.000005002218993 -0.0017521281216540232 -4.913991876412139e-05 0.00011661266026616284 0.0017520973795225336 1.0000141000900318 -0.002710326591041212 -0.0258516863633519 5.382908294817656e-05 0.0027106852102940487 0.9999966099983721 1.1039653084931393
1.0000052845697092 0.002247524814761309 -3.2674929861235054e-05 -0.0037028547952870877 -0.0022473926575155524 1.0000181844832776 -0.003003005572284068 -0.023822676335153507 2.5795566878201796e-05 0.0030035823790809783 0.9999984341322185 1.1205189211584217
1.0000059862799515 0.00022086002750057123 -6.42616388842909e-05 -0.018706972465398403 -0.00022087022699326334 1.0000194586598379 -0.003294447910081579 -0.03173171726739804 6.34881116544181e-05 0.0032949047810391617 0.9999971372537454 1.1050640148290274
1.0000028226217397 0.002499005496814738 0.0008778620271456805 -0.013773026279980435 -0.0024981555748078994 1.0000217951125443 -0.000688887021150342 -0.017702997406895116 -0.0008796800962081619 0.0006871540607319228 1.0000015865455454 1.1099673070877052
1.0000023674160112 0.0028484967352808838 0.0010806050068115764 -0.006744603085897668 -0.002850910944247511 1.000018892744247 0.0025948684035434033 -0.008075875751304544 -0.0010732559015619477 -0.0025975039627968563 0.9999995938042582 1.1320654759740565
1.0000037124338799 0.0005372065227381984 -0.00025842368433336003 -0.022935187892904833 -0.0005364315089376576 1.0000248055255987 0.0016478028533964103 -0.02830384244708667 0.0002594067752248376 -0.0016472106893663748 1.0000038181532334 1.1211511556396847
1.0000064771654726 2.0520069742939034e-05 0.00014703388192988928 0.0009659330013330962 -2.0295639460995597e-05 1.0000240274553382 0.0005336602028763218 -0.025381899385372095 -0.00014705600268022451 -0.0005331693840658693 1.0000022432997195 1.1073849669026654
1.0000037872437437 -0.0011762039135507982 -0.0003382400815523434 0.0050958487480452855 0.0011766866816141522 1.0000192981934002 0.0005618996739953859 -0.023760856957642868 0.00033762953084457716 -0.0005618849611888374 1.0000047934446468 1.118040175379148
1.0000040269054735 -0.0009470182053695481 -1.1054439320727998e-05 -0.005817275675889404 0.0009471941042963427 1.0000127501865725 0.0009821892783091828 -0.01981249914267879 1.0098167941087175e-05 -0.0009818897498266436 1.0000023010586279 1.1195251653938765
1.0000043669163112 -0.0016754188428711402 -0.0005541828206747294 -0.005259195311495108 0.0016764550484017556 1.0000160992321487 0.0013450764346647737 -0.02177771682757922 0.0005519523381437382 -0.0013455994264853113 1.000001776059035 1.1206630511247162
1.000003782937948 -0.001089974761501233 -0.0006503236516611304 0.0025960419818504463 0.0010911456976999514 1.0000177742459109 0.0012224478594616125 -0.02207479921498409 0.0006489912628182857 -0.001222743355153964 0.9999998211892788 1.1081620601960707
1.0000020246098247 2.5863478623294783e-06 -0.00032694490464782905 -0.0019827483433422152 -2.6137477305679845e-06 1.0000097814837903 -0.0007692284007142055 -0.02437477815117593 0.000327020227559155 0.0007694859076908182 1.0000003145240017 1.1013190933747294
0.9999993300706409 0.0006391982719969296 -0.0009132712008440843 0.0012875441146286825 -0.0006420307047125193 0.999998066594884 -0.003199290724845409 -0.030720736785504393 0.0009113017462804114 0.003199924508161711 0.9999945938933875 1.0821005932194057
1.0000037625753704 0.0010437298033377943 -0.00028382715558055935 -0.0020098841152134846 -0.0010435221061037656 1.0000209951725563 -0.0016281221211351584 -0.02179654575625287 0.00028220108216687946 0.0016287874387170297 1.0000003959271846 1.092511752511579
1.0000033743644332 0.0009373340895890506 -0.0010932163356642403 -0.02528263282085854 -0.0009351629390779764 1.0000256520887878 0.0012506077745378394 -0.017969329987802242 0.001094158685903676 -0.0012492419995582022 1.0000013695807513 1.090050887505079
0.9999994034711815 0.0010413098066668523 -0.000490671514709946 -0.0023831089833570443 -0.001039368333968826 0.9999948429223089 0.003865274834290894 -0.020595015611573383 0.0004951750652208857 -0.0038647022066103645 0.9999911906476376 1.1037338036008344
1.0000027838122094 0.0003909621993925854 -0.00028142962401452276 -0.004849721048255475 -0.0003895384849633266 1.0000099423118518 0.0037194452356179675 -0.01743576687960562 0.00028312037946785334 -0.0037190297976397455 0.9999950329557897 1.0903027446355882
1.0000040809599962 0.0006632285617294052 -0.0006731896407065895 -0.014718184584388769 -0.0006623890008069358 1.0000196225845301 0.0006352016393071664 -0.023066453593677136 0.0006736482453636191 -0.0006343399192866192 1.0000022163452018 1.0802310551292842
1.0000014178609589 0.0014602637134105208 -0.0007140887966720009 -0.016430064360527914 -0.0014608705794677366 1.0000155519334124 -0.0011332268063656656 0.017026811170084803 0.0007125441670666203 0.0011346242944896986 1.0000008391016193 -0.051597691215281814
1.0000054561389402 0.0002648085702938146 -0.0009604485380960844 -0.001183255925013477 -0.0002650511804573067 1.000016449600454 -0.0003667832671364472 0.008966845120444183 0.0009606828956581949 0.0003675036586309817 0.9999981762278064 0.04905058612702486
1.0000030159964297 0.0005749151174512269 -0.0011997566626927836 -0.015319388977292103 -0.0005744131451399344 1.0000127965730796 0.0003144827973414055 0.005039361541426576 0.0012001377305992165 -0.0003134108959138872 1.000000274348795 0.19477315783045068
1.0000028089751292 -0.000939764392854044 -0.000787477482268363 0.003630204488286427 0.0009401192517253137 1.0000119384031965 0.00031780296296555555 -0.029586606522361954 0.0007872724205029477 -0.00031821074319355344 0.9999985805770287 1.041408247245099
1.0000029703742155 -0.0007434987664942926 -0.000675068597619462 -0.012978868769213128 0.0007445886417297735 1.0000201412719658 0.0012098869008773058 -0.026924270533345996 0.0006740535378134611 -0.0012098880367609666 1.000000878825126 1.0311732375213034
1.0000081162935412 -0.0007136004569761748 -0.000664747759511815 -0.02023127059224057 0.0007152812491291069 1.0000247884555673 0.0019363932140354138 -0.019298345981693582 0.0006635994269246961 -0.0019361502906437814 1.0000005694604464 1.0266668402399974
1.0000049568415919 -0.00032227029487151874 -0.001350308227580446 -0.00492375569958345 0.0003241052482137533 1.0000235662497279 0.0010494341803868148 -0.03007107959634478 0.0013500822288209345 -0.0010492252472798322 1.0000009872091926 0.9932458255505439
1.0000038141616483 -0.0008894183995555506 -0.0018223459836357483 -0.0019409871790526767 0.0008899538873460369 1.0000142157387668 0.00015364116326670597 -0.02503876168078058 0.00182242572837281 -0.00015484640212317226 0.9999991415727268 0.973823713021686
0.9999884714882455 7.741720767890614e-05 -0.004890648480685911 -0.012998714226833897 -7.612222884153035e-05 1.0000119765295359 0.00020822093284596373 0.00041646973427748835 0.004890687919405284 -0.00020758978326380765 0.9999883968363577 0.19913591853091422
0.9999929060749747 0.00047441206992183987 -0.004984287213314212 -0.018076317943351076 -0.00047475213677299874 1.0000304184536453 -0.00018950765274337555 0.012038997397573973 0.004984141814052848 0.0001924963562351406 0.9999928390518027 0.13077690635393066
0.9999993022096249 -0.00015155637673153384 -0.002914843953610157 0.0010837704059933372 0.00015258160094605046 1.000020723488554 0.00021432248732796883 -0.02466571171466268 0.0029150342044429746 -0.00021435838830286019 0.9999963008136856 0.9110859100636385
0.9999987920444299 0.00036963770481112344 -0.003235444473794957 -0.006234135946456528 -0.0003660957965959583 1.0000239992231492 0.0009043549606717567 -0.02063304452192773 0.003235605987347682 -0.0009027008043844414 0.9999979812490385 0.8747997368202373
0.9999992949642671 0.0011361069236346946 -0.0029049539350939004 -0.018961792050320718 -0.0011332366433596146 1.0000204947682174 0.0008269738572645704 -0.02086960929896964 0.0029058611337606836 -0.0008231964703812695 0.999995863061354 0.8522549166934726
0.9999971150137529 0.0008509963381473996 -0.0030018494872753104 -0.0017012048041356888 -0.000847052266811493 1.0000190952155448 0.00118628542960425 -0.023663485044791942 0.0030024710025480066 -0.0011833296228415155 0.9999990832688936 0.8218959759952231
0.9999974309259936 0.0014114735845134688 -0.002772806409936512 -0.007514958099182274 -0.0014095990445183442 1.000012001233286 0.0005869625978316477 -0.02013997418390491 0.0027736877503433148 -0.0005827227513961189 0.9999983408684048 0.7990663921793693
0.9999974119760304 0.0017831996891153198 -0.0029619775328203076 -0.006405122952716592 -0.0017820047242678694 1.0000118563068499 0.00030013135015470675 -0.021978639977619455 0.0029623823619935098 -0.0002945446284943838 0.9999968875127133 0.7593316094811828
0.9999968093223915 0.001408979625264823 -0.0027274181010970553 -0.014062120323197336 -0.001410682829268595 1.0000106821112127 -0.000713317840127076 -0.022848302716277594 0.0027264611132241023 0.0007174333074576958 0.9999972228228377 0.7510279820228848
1.0000049188623774 0.002145154833326917 -0.0024925766658643656 -0.01867969382808535 -0.0021522851055514433 1.0000207623068857 -0.003050064260170836 -0.02586411331856035 0.0024863838427803416 0.0030560160494826063 0.9999958481094449 0.7236887105060028
1.0000010130072383 0.0028351020321746704 -0.002636107823338231 -0.02849962529642792 -0.0028434678684417926 1.0000218356611663 -0.0033703195906742227 -0.022503831685880507 0.0026268687143383897 0.003378370168822295 0.99999289295325 0.6823294110033676
0.999998695304102 0.0020669540258559473 -0.001678837376318309 -0.014758979268893389 -0.0020707284065436663 1.0000047158572425 -0.0023321554156715088 -0.0166726244185142 0.0016740118430600898 0.0023357896725032697 0.9999944574248341 0.642117192534918
1.000004701133618 0.0015199284454698357 -0.0009414412911624284 -0.0059208297253488225 -0.0015201358033938676 1.0000249109879351 -0.0005540138872560217 -0.016353626765128616 0.0009406359377900125 0.0005557981100879506 1.0000018190224826 0.6330468045635125
1.0000014435846383 0.0019081396689384826 0.0007010754837377429 0.002637147211248223 -0.0019081653789275795 1.0000162459603308 0.0003635633788774093 -0.01642512182789033 -0.0007005172061990274 -0.00036468662324692203 1.0000015980472725 0.5812672363011573
0.9999960556722136 0.0024389628474101414 0.0028855421352802445 -0.011478335943112716 -0.002441680605957146 1.0000119509534036 0.00102633279789534 -0.013023337064434398 -0.0028836882082084844 -0.001033203765766173 1.0000001443535542 0.5865948504412936
0.999988983298627 0.001782247278138921 0.005000374040705655 -0.014691139577042486 -0.0017876532739120954 1.0000070093386648 0.0010992935991688585 -0.013564611937788962 -0.004998772580990478 -0.0011081102774027707 0.9999885390389868 0.5452655095862818
0.999976892807643 0.0003162080069799277 0.0074368271158265 -0.005015613191088874 -0.00032686004143950086 1.0000163685523082 0.0014448071225874356 -0.012487262273162193 -0.007436157070186522 -0.0014469534991146105 0.999971866926323 0.5208304144072363
0.9999609917302 -0.000640657345578511 0.009268015754077603 0.01114462792682908 0.0006218538071040437 1.0000250780885638 0.002048724371440687 -0.008856483776519054 -0.009269668376371694 -0.002042501581784369 0.9999566070761626 0.5027737887195759
0.9999333966235663 -0.0009254961785889755 0.011604262257777637 0.02447268480137849 0.0009114240338270498 1.0000101882589494 0.0012261160244506685 -0.010976718456054335 -0.011605956884991404 -0.0012152778800113711 0.999935600973346 0.4691831602031628
0.9999167467325 -0.0002516598297200677 0.013307315026135138 0.027626306809087554 0.00024679507818729655 1.0000092350193832 0.0003722369720906846 -0.012679583524417053 -0.013305812643499797 -0.0003687236115318527 0.9999104180008831 0.3951104201932621
0.9998812931948724 -0.0003411223071691682 0.015647096444997798 0.033319312979773794 0.00034431620755895874 1.000019088537628 -0.00019322472467463544 -0.0075705176718360604 -0.01564642542727693 0.00019901281484364233 0.9998785480977088 0.37476211073857163
0.9998443376529605 -0.0013565815034336675 0.017775818563335672 0.001815341875158612 0.0013888405539504312 1.00001847112857 -0.0018022609738413038 -0.019115120207217784 -0.017772843001699627 0.00182704238198986 0.9998432826646504 0.45066112003840963
0.9997810696182172 -0.0005163281778804502 0.021177637769544202 0.015176261825525342 0.000596139468204492 1.000011478406002 -0.0037625228846995865 -0.013122320031979655 -0.021174735762590862 0.0037746130669319765 0.9997709992693322 0.4563663488819301
0.9996989159994679 -0.0014983242435016794 0.024544766077463205 0.025525512760585456 0.0015944021668812787 1.0000112541464095 -0.003897818860990379 -0.013094054935244716 -0.02453985752803516 0.003935998815029694 0.9996924935478257 0.44570942915137757
0.9996384438695883 -0.0023163837486958744 0.026995325771185203 0.011811394369443218 0.0023627001734034935 1.0000250064995717 -0.0016868003712209232 -0.008256157203322697 -0.0269915296443169 0.0017503046990242452 0.9996387902585643 0.4343858742735751
0.999551984662375 -0.0026706579315275585 0.02999574077981102 0.01949148789028166 0.0026844163142352995 1.0000225581497086 -0.0004193522730469777 -0.008108356421313882 -0.029994154789003517 0.000499967715844948 0.9995529408116133 0.42353324908557377
0.9994668124189543 -0.002430088050786585 0.03273159184231509 0.005214605409593642 0.0024544875409142418 1.0000201960220967 -0.0007057084932806091 -0.0067768799351289625 -0.03272963191508022 0.0007858955989090343 0.9994672263404478 0.4000834413487416
0.9993544221772965 -0.001732470257911697 0.03604880315421181 0.029908496607974195 0.0017556308843972154 1.0000270954881376 -0.0006056433661093967 -0.008060021896039642 -0.036048547072975806 0.0006687952614551729 0.9993536510782288 0.4094279659181143
0.9992411042299137 -0.002707925923445458 0.039021837121717695 0.037233901837550376 0.0027171839750770093 1.00002501739382 -0.00018141829848511524 -0.010942939510377944 -0.03902064791511224 0.0002876224839992273 0.9992404190656055 0.36899320873080577
0.9991629395711522 -0.001540565406164543 0.04108561133735818 0.04340520297728766 0.0015518874912780352 1.0000320076764946 -0.00023867943366996303 -0.01302270724798051 -0.041083544805225414 0.00030259547677344056 0.9991580972999068 0.3988724266409471
0.9990599571222527 0.0002297531815903791 0.04352744835379084 0.05993781921680597 -0.00020408102778719545 1.0000342650277316 -0.0005893288488427668 -0.009802986616505981 -0.0435270140490046 0.0005803023202466895 0.9990578784626344 0.27527985442293296
0.998922369551738 0.0010809698139764717 0.04645296918740113 0.03675958269122329 -0.001053448734470712 1.0000178134577729 -0.0006124374719349087 0.0030814855930268764 -0.04645416380316904 0.0005629497237786804 0.9989222838225086 0.36250233384377417
0.9988511419250234 -0.00043605453917905113 0.048009493882682684 0.030946200054174595 0.00040789295776383507 1.0000213356431167 0.0006028333110566717 -0.010419603607632708 -0.04800886159494328 -0.0005823930797665971 0.9988487428930883 0.3741898158103661
0.9988394185666915 -0.000366026709345253 0.04830243587112612 0.026728578329765496 0.0003445247737423994 1.000022373241882 0.0004591700295249615 -0.0012799508586568461 -0.04830091871304527 -0.00044169174952529656 0.99883516334337 0.32956911303352093
0.9987418773007182 -0.0008196883199225467 0.05020811866571978 0.10462649015867515 0.0008264893590287458 1.0000159189481523 -0.00010854140286786903 -0.01333733161693886 -0.05020794620650703 0.00015011495148841453 0.998741274963773 0.33949401414990366
0.9987682259708158 -0.0003731209803406361 0.049714040248097446 0.06149824481176097 0.00042773353172671525 1.0000221720705176 -0.0010790372476962642 -0.010424718004551862 -0.04971353072673768 0.001099270996004255 0.99876548488595 0.31148429321774374
0.9987325889208164 5.2476820535390846e-06 0.05044111094749589 0.05839940694789347 0.00011346867302588489 1.0000205521600454 -0.002343595195065281 -0.01341624525570416 -0.05044013343978285 0.002346611262283743 0.9987284353597068 0.39230513332020506
0.9986745947113577 0.0022696992762543506 0.051586899580133724 0.06159077379553235 -0.002088454857031872 1.0000226564844545 -0.0035591080286300103 -0.007255038981031724 -0.05159681146476704 0.003446908873646019 0.998665928963991 0.33293253437360626
0.9985856737234742 0.0037464783422809086 0.05318980435257647 0.05189858915748188 -0.0035594154218734743 1.0000209705257295 -0.0036036061743257106 -0.01101377963624009 -0.0531994157424706 0.0034094288684053814 0.9985820660275806 0.36818410323153655
0.998487539223841 0.00350084499230646 0.054986663672532084 0.042851128493095296 -0.003340122268541633 1.0000130561295044 -0.0030100093178414247 0.012764965049160552 -0.05499622355415768 0.002821979151182319 0.9984844163046709 0.3206218062287173
0.9984844871381086 -0.0005731437764398652 0.05513293656421321 0.06347795082223094 0.0005931823123447629 1.0000251503179773 -0.000343536556221406 -0.004784220651243069 -0.05513439896896155 0.00037577093972206773 0.9984811750935217 0.3214258519363676
0.9984994769204146 -0.0017570951246560719 0.05483391327171387 0.11266112246944605 0.001689540968917569 1.000021977030266 0.0012820452334606997 -0.023700094010973054 -0.05483649849434071 -0.0011873620731659383 0.9984966832859665 0.39268087524382905
0.9984570185381632 -0.00040061452834115445 0.05563391395120307 0.04314836395332684 0.00032723244640233356 1.0000260036791735 0.001332390764262508 0.008508887943282915 -0.055635799034685546 -0.0013119865577862803 0.9984531992596669 0.37526735651295806
0.998413218194776 0.0002533534736947289 0.056412221654019 0.044755986884879126 -0.00034900298968606986 1.0000248384822321 0.001692510841770857 -0.015059552072680707 -0.05641207550820047 -0.0017093666253099938 0.998408691017039 0.4395922756636724
0.99844287292698 -0.0006162027250597424 0.05591533260030147 0.021598237386567996 0.0005356406611459139 1.000028807296086 0.0014578808579320025 0.005365392774860986 -0.0559172751090746 -0.001425360259873338 0.9984392468160302 0.36482543453815935
0.9983383462927595 -0.0021210380024863015 0.05769748390202191 0.07158576296405965 0.0018719530789111838 1.000017541803128 0.004377714320297194 -0.02630553610105087 -0.057705229620918626 -0.00426209149245922 0.9983277515901365 0.42270099740839334
0.9984009666274868 0.002011394179081874 0.05659440933547377 0.02186063166670192 -0.002040894093363021 1.0000207260904306 0.00046756112548706726 0.005385738650751435 -0.05659289422603707 -0.0005819842320726907 0.9984004394784478 0.3583413678736116
0.9984931730479555 0.0031136862357164547 0.054915708689077705 0.08173301719987397 -0.0029691565954103926 1.0000143972502724 -0.0027111991545109492 -0.010315337488330925 -0.054922963328998056 0.002544381480120395 0.9984888083171414 0.4031613207129428
0.9985585308045827 0.0031269793670778236 0.0537057741716002 0.04763472611811282 -0.002894203424742612 1.0000108425080456 -0.004410222810052184 -0.005651100161218294 -0.05371823254437291 0.004248713125663908 0.9985504523543014 0.4318992194128498
0.9988349561545027 -0.0009597150598789529 0.048331558520744305 0.03484145439114833 0.0010499081137776512 1.0000226566868777 -0.0018392471080017206 0.004417437300923396 -0.04832912677068284 0.0018880339739726529 0.9988327272728554 0.4299682027595733
0.999045001992717 -0.005835768857531845 0.04346296234420826 0.0515769045171768 0.00587539152257906 1.0000093345223688 -0.0007845928383566383 -0.009456204633456113 -0.04345847867074755 0.0010394512069728254 0.9990573713765841 0.43457253988620254
0.9993441584299984 -0.006653683147729285 0.03587198593771793 0.06244427462599072 0.006695363448489009 1.0000070897861768 -0.0010424505907697661 -0.007812587281680277 -0.0358646837935929 0.0012822063698194354 0.9993594140388689 0.40296853711770536
0.9994987398027794 -0.002424153957660648 0.03165702777177512 0.027996443686616256 0.0024630563705108723 1.0000199118492408 -0.0011832105444361622 -0.008885789458884725 -0.0316530398088748 0.0012607441014555233 0.9994984440443592 0.4790656883574298
0.999611429711397 0.002104662443897011 0.02784839511419208 0.006848199654135409 -0.0021460842143891847 1.0000051741616536 0.0014598131533403896 -0.004241909798242346 -0.027845043083718744 -0.0015189443805535769 0.9996108345136125 0.41423006166523796
0.9996586141117514 0.005533110893615318 0.02572318372113999 0.009197243510628828 -0.005608406100004111 1.0000021042095542 0.0028585705564437816 0.006851260758584078 -0.025707003391523847 -0.003001657572951703 0.9996669920095125 0.4997683981766568
0.9996958118029832 0.00477763942137741 0.024407361005788088 0.020423542921395584 -0.004850274994424038 1.000012042878794 0.002915180143917524 -0.002454353980096895 -0.02439294542636188 -0.003032302689079744 0.9997023179609636 0.5229000109317443
0.9997507901156746 -0.0035705175168883278 0.02210896342447866 0.043437209989282424 0.0035254244636633647 1.0000077928244646 0.0020740213884574603 -0.010255003890488631 -0.022115925532051682 -0.0019953663610363906 0.999753562453148 0.5460143462161154
0.9997828557227092 -0.00553538107744166 0.020225918196224976 0.042595910746768335 0.005546488550962562 0.9999962145508001 -0.0004924634543387336 -0.02057904793492168 -0.020223048562246798 0.0006047740597786531 0.9997958089495632 0.5416859624937682
0.9998294392484488 -0.005319786235446353 0.01801821760193801 0.024635531112307683 0.005356835730378001 0.9999985641389806 -0.0020057944434842883 -0.018322785878781778 -0.018007391010558038 0.0021022481474557374 0.9998370917177166 0.5744141739989898
0.9999043066010163 -0.00026243792407382676 0.014277603313918329 0.019419265175523392 0.00032897676541334526 1.000009878205615 -0.004651563266743755 -0.004080235645076322 -0.014276170254096774 0.0046560601461153855 0.9998901923249822 0.5778590273181637
0.9999360460963258 0.0027552809395679687 0.011554943711532584 -0.004474697099777839 -0.0027053382577720045 1.000011402823287 -0.00431781481491184 0.008377336862126364 -0.01156684819592448 0.0042865824535646265 0.9999263307708973 0.6118760763928017
0.999979257271872 -0.0016617953491281196 0.006378305936098254 0.0005250310624012126 0.0016629334629175653 1.000012703591661 -0.0001344854970118163 -0.0022050589674219635 -0.006378018989835891 0.0001451952061960355 0.9999805339311345 0.6313701363103743
0.999981946281565 -0.005742189503001336 0.002684892511844054 0.007337392644665793 0.005734307430411117 0.9999937747045996 0.003027025356497123 -0.016818972172707863 -0.0027021280844224463 -0.003011403574889385 0.9999941739629721 0.6581989409923442
