1 0 -1.81899e-10 0 9.31323e-10 1 0 0 -6.54836e-11 0 1 0
1.0000010949938725 -0.001427354655260081 -0.0020314443686119395 -0.007260636200765795 0.0014263898553648394 1.0000140554497172 -0.0005679394678672087 -0.018411445475265905 0.0020330276758318386 0.0005652191605450111 0.9999987184056319 0.5684123562339303
1.0000052581581633 -0.00021154815874499985 -0.001148435192554187 0.03351072021937807 0.00021026934341663602 1.0000164294275973 -0.00129313850981036 -0.019341009445544986 0.0011497661272452924 0.0012931074730996375 1.0000000300623744 0.5790571846763635
1.0000033773130774 -4.271605149222603e-05 -0.0019316237454566837 0.033325875186550946 4.064984318802454e-05 1.0000245030893078 -0.00126571690971419 -0.015220635204278028 0.0019319868279365402 0.0012659159984060656 1.0000003910336905 0.5475959395663683
1.00000283724386 -0.0012421734078208056 -0.00223364648125778 0.018094106728256697 0.0012386662068692822 1.000015654656912 -0.001628434851546115 -0.016060145455717885 0.0022361767442971975 0.0016258637477973206 0.9999971205897243 0.6079249118573067
1.0000016683551358 -0.002458231847282026 -0.0015688033141833275 0.010058029713100384 0.00245575927060014 1.000019074474558 -0.0017126053203876932 -0.02219243659615801 0.0015747869480371777 0.0017089774373542958 0.9999989895411237 0.6277346061818003
1.000002390255125 -0.0006310112120029341 -0.0012566357517587395 0.027364488781380276 0.0006304755824567527 1.000014548822579 -0.0005533005455928488 -0.00963363604364266 0.0012574833325317437 0.0005526436337036489 1.000000313433004 0.5472681030567468
1.0000004449941464 8.314921970018781e-05 -0.001050306267265706 0.0331553683510311 -8.252382530274233e-05 1.00000817565725 0.0004749766915436203 -0.008895350628925106 0.00105005639449119 -0.00047483557766389047 0.9999994797932008 0.564633496087545
0.9999974943646017 -5.3536026112735384e-05 -0.0014339478522122976 0.02845031236059862 5.350903901996796e-05 0.9999967852837134 1.715287668939499e-05 -0.013694533888031594 0.001433085665228227 -1.725870908550525e-05 0.9999979477188852 0.5423215941021795
0.9999979296167956 0.0004810221055714139 -0.0014740337913812078 -0.007058822624836735 -0.00048405496878511104 1.000014649598763 -0.0024073187509800003 -0.015421098991519394 0.0014691978210533566 0.002408256079201621 0.9999989377525127 0.6423020640962332
1.0000049167514622 0.0017102969413265961 -0.0016533486662055467 -0.019801126878711914 -0.0017152812957920327 1.0000195626804302 -0.003386336623606842 -0.015556200611943828 0.001648375384239536 0.003389440090408364 0.9999984411257273 0.6562101364559917
1.0000046873455501 0.0010020127511824366 -0.0015815518120995806 -0.023828953135004844 -0.001007118892795345 1.0000202761921422 -0.003626481828831448 -0.004421223151058798 0.0015786561038027404 0.0036283413424347084 0.9999956181620465 0.6760796479210539
1.0000017446277352 0.0013190194746423994 -0.0014029501170109253 -0.03653149109693199 -0.001317976620837592 1.0000216046589574 0.0003162455671198272 -0.00628011717878722 0.0014032081821237824 -0.00031429012304659337 1.000003545682321 0.6090078908141736
0.999998860604943 0.0013412455317733463 -0.0014719159314550952 -0.04216556382055906 -0.0013325206655989002 0.9999838257423764 0.005885580029648218 0.01580317828752319 0.0014799104673130401 -0.005883592663784722 0.9999812982485021 0.6333030277935687
0.9999981636036002 0.00027202739948630747 -0.00027533503078520905 -0.007363905731549055 -0.0002693645951750551 0.9999599463197076 0.009058935388585973 -0.0037691303077581322 0.0002793450992487662 -0.009058876617218308 0.9999611809487909 0.7017816965755959
0.9999988419012942 0.0007210954356036617 -0.0006435544657223876 -0.00838338727408637 -0.000717086494301023 0.999987025654546 0.005999818257629619 -0.012337915484229512 0.0006474612935510598 -0.005999274477759519 0.9999836446642804 0.6833994691772836
1.0000013798829197 0.0017391869849128828 -0.0011332574833610102 -0.03338979144627831 -0.0017393284139323292 1.0000066994398331 -0.00033424231271730203 -0.01899884601919811 0.0011345572873346771 0.00033626807869577903 1.0000046743769841 0.6579290566258782
1.0000007906438075 0.0026359824438179093 -0.00039658709832175493 -0.014440916134954391 -0.002638281604640066 0.9999840000401764 -0.006444666697333569 -0.007978362714835633 0.0003775332767736769 0.006445896602987442 0.9999803966752668 0.6918284484185172
1.0000021088490068 0.0006119137946503354 -0.0009924339720957475 0.004542497539262476 -0.0006169668246827016 0.9999976779900023 -0.00537192430451141 -0.011132305958739267 0.000989399188094514 0.005372671958726266 0.9999882429258342 0.6973391071962841
1.0000045873312546 -0.001313470192759175 -0.0005654881881220472 0.05569936867189867 0.0013144930891018536 1.0000184257738898 0.0009761586549338629 -0.01097882684282506 0.0005636950552567016 -0.000976654391430499 1.0000023437985717 0.734449751886375
1.0000015837367566 -0.0018213719960669561 -0.00036981637880999506 -0.008012559559885949 0.0018248690191826305 0.9999848547030091 0.008006772426517587 0.004113307245708143 0.0003559010428658297 -0.008007267156571919 0.999971450035039 0.7689483393816932
1.000000016803511 -0.0009015995776150261 0.0004277401462515506 0.020646044667042576 0.0008992337053703822 0.9999899532429506 0.0064715263633472065 0.0002916364134002683 -0.00043224157079853993 -0.006471030234591044 0.9999807575677419 0.7933527866993388
1.000005428487088 -0.0003204124879791965 -0.00042989684831096794 0.05777588405120027 0.00032179761965559585 1.0000133400253075 0.0023242819694969646 -0.020249293225138108 0.0004284841186587314 -0.002324220927316114 1.0000017034280686 0.8259882309405352
1.0000023215867677 -0.001096541628146855 0.0003841089227777485 0.033215130133005116 0.0010969642507583344 1.0000110600633 -0.00023941497001902297 -0.024951238903716314 -0.0003858867226864828 0.0002400570824701552 1.000003672466246 0.7777440759333242
1.0000026581256867 2.3667929404488448e-05 0.0007705270523635764 -0.0007521198818707322 -2.1537001817075025e-05 1.000012181306896 -0.0022350338281571553 -0.019154825513250553 -0.0007703548171119873 0.0022352642414003635 0.9999971159239694 0.8663263172934169
0.9999966050424027 0.00232271876943392 0.0007713173237364423 0.019645716306404524 -0.0023200862035850593 1.0000043248014043 -0.0030126736542600745 0.0043214100546422616 -0.000777933614054137 0.003011060124281555 1.0000012904306128 0.8468571032358128
0.9999985744932384 -0.00240563429738344 0.002130592129008625 0.013873586455970576 0.002415334272375401 1.0000016786006016 -0.0044529437237649325 -0.012738372609218897 -0.002119863959670257 0.004458317579910599 0.9999903162416812 0.8134040232898467
1.0000036232873557 -0.001983218474261925 0.0007892606948507719 -0.0022298887606710467 0.0019875633198501025 1.0000085852315863 -0.005149310404877055 -0.022902891711677715 -0.0007788924601569448 0.005151212990923524 0.9999891111132456 0.8451831453128344
1.0000010036822011 0.001112573369186543 0.0020028691242674392 -0.0005446830166422512 -0.0011035191270853566 1.0000116925262108 -0.004430682130212733 -0.012619873839700042 -0.002007470463555052 0.004428659566429248 0.9999902837401335 0.8769475397635002
1.0000069325591225 0.0018595392576124055 0.00039646954247985085 0.01423698768464916 -0.0018589926894294543 1.000022277911161 -0.001074053421140518 -0.0010517635849467595 -0.0003983344143438647 0.001073493500082246 1.0000034214434863 0.8860901801345705
1.0000039469880255 -0.000706483027769618 0.0005886139412985397 -0.004615813079986509 0.0007061909556104456 1.0000183250413897 0.0007046375025555148 -0.0049528025918931145 -0.0005893478969096463 -0.0007041048461448472 1.0000034031623255 0.844624506687206
1.0000019802830233 0.0010549432400437271 0.0009969109388227552 -0.0026955014497709695 -0.0010542544958638714 1.0000112756472879 -0.000626519057566181 -0.015395385001763465 -0.0009977328459547406 0.0006255789894108769 0.9999988439033752 0.898303793516617
1.0000027688742625 0.0024872576556297563 0.0001586852504273529 0.009003536033253486 -0.0024868538106334135 1.0000191922162276 -0.001867554881483629 -0.015958589907190623 -0.00016283927119262165 0.0018673225667229136 1.0000027533273532 0.9861309555530302
0.999999169302255 0.0039499839351689325 0.0004993653251368351 0.02042484539484687 -0.003949576919540841 1.0000213681790562 -0.0007118353366529468 -0.011825042394126841 -0.000503179726693402 0.0007101100561721877 1.0000008188864171 0.9969235330879487
1.0000034414994246 0.0015187184041846934 0.0002757938236957148 -0.0014499261118052535 -0.0015187947806656868 1.0000281789437437 0.0002784491437908154 -0.01704887874269598 -0.00027526682047249103 -0.0002786161504901427 1.0000038645315978 0.9191679447470689
1.0000115159420193 0.0004732691151590717 0.0006323648909842178 -0.012578228906172904 -0.00047343812238631583 1.0000447905090077 0.00025026654215878804 -0.009796358369018498 -0.0006332576851172649 -0.00025015373938749917 1.0000057217725267 0.8982516689685807
0.999998789667422 0.00022481098688407127 0.00014807982377957932 -0.009416817206504 -0.00022482576793249684 1.0000144272224185 0.0002030542655604581 -0.015757687793556824 -0.00014653329058179697 -0.00020297373679017695 1.0000017934610541 0.9035675808498946
1.0000100166019392 0.000626372936333925 -1.783121417252836e-05 -0.01588026116079668 -0.0006258812232857832 1.0000567076810465 0.0011280094710095076 -0.013525824872255702 1.7915566227109884e-05 -0.0011274570270942577 1.0000065169199457 0.9514843283231639
1.0000125912042883 0.0008448320488673138 0.0006459196781185252 -0.012853025924043398 -0.0008455339970484539 1.0000479251234013 0.0016286735748855716 -0.015923610564260404 -0.000645136989891622 -0.0016287283698063868 1.0000059859041701 1.0273696380141912
1.0000016332363058 0.0008145269209131681 -0.0003462250901241716 -0.01946448848409321 -0.0008140198593445377 1.000012766992791 0.0010815117494921594 -0.009260019482174513 0.00034726432003796 -0.0010810604735421894 1.0000007848568377 0.9963755452855712
1.0000005959732923 0.000766190125845027 0.00031904451457235244 -0.030945855743824177 -0.0007659008311120823 1.0000072740444157 -0.0006365193966624003 -0.02729334382912358 -0.00031930527616762044 0.0006363819884820769 1.000001598373392 1.0342990298515604
1.0000076797910924 0.0021431464814518817 -0.000620602912185637 -0.011844104485355455 -0.002143491450553797 1.0000247636411554 -0.000858834629471245 -0.022373972088990366 0.0006184581230673466 0.0008605203461764669 1.000003269785089 1.0839060604597544
1.0000019991347078 -0.000668550126665527 0.00026246310633678264 -0.031211276701694466 0.0006686502678758193 1.0000218422510239 0.0007143765375504244 -0.012109783889090169 -0.0002624811991502219 -0.000713945415067539 1.0000045947438392 1.0129009544787848
1.0000051664797545 -0.0009252770362208405 7.668395591507946e-05 0.005407274854189134 0.0009255439189064678 1.0000246481532944 0.0023499559301277803 -0.016651790661976633 -7.922484785061663e-05 -0.0023494867583983606 1.0000014399098685 1.119995565023196
1.0000010909614594 -0.0010102692962617736 -0.00021749610980945533 -0.009652162566314765 0.001011267590017853 1.0000141348838893 0.002714324145742537 -0.012152789057060145 0.00021483698977975746 -0.002714311756401572 0.9999959042696247 1.1140334891776444
1.0000026023095427 -0.0006756892422229868 1.2955138505425803e-05 -0.012831308042702194 0.0006759855853833856 1.0000148874862558 0.001875867142510637 -0.016307722800849103 -1.4713312878097928e-05 -0.0018755076228345324 0.9999972964571042 1.1183972750350923
1.000009304888839 0.0002052757842067778 -0.0006805297615474513 -0.011184376844018615 -0.00020439574648599835 1.0000286823030424 0.0006682557332513467 -0.021426001451905104 0.000680157103309858 -0.0006674994234810017 1.0000057437998984 1.0491352247623285
0.9999998244887297 -0.00034806839418642644 0.00043801120257160075 -0.009682162639324367 0.00034875772172383065 1.0000075310504175 -0.0011931617797221537 -0.028914067194674386 -0.0004373236110069008 0.0011934104984086616 1.000001488305122 1.1466244471893778
1.000002081856285 0.0007321168196223998 -0.0003330334008292014 -0.01055815902103764 -0.0007319780301638749 1.0000283361740983 -0.000527781507245373 -0.020841170532110168 0.0003327504547337729 0.0005285062987516878 1.0000011962785562 1.1294472727092766
1.000003554337843 -0.0004914469005226739 -0.00030157019117484324 -0.016071483785018204 0.0004920955844144129 1.000017099377635 0.0008917807866905223 -0.01771743184261682 0.0003012870768857296 -0.0008916250833764691 1.0000028529602707 1.067332869184101
1.0000026963179507 -0.0004154440532862219 -0.0002452501683399912 -0.006961332162834965 0.0004163801749885256 1.000020782984435 0.0018332298236606306 -0.01999627042795022 0.000244632082463548 -0.0018329355701219943 1.0000036111731299 1.1297369347039503
1.0000021740356428 -0.00046052077518041987 9.291213522909044e-05 -0.016832368264188588 0.0004605357073478341 1.0000075506197192 0.00181999196788682 -0.02221200906645892 -9.376798872808747e-05 -0.0018197725981463002 0.9999978286138832 1.132569710594469
1.0000096430287042 0.00033270347619568206 3.723619732213175e-05 -0.019723216864235615 -0.00033229424651891223 1.0000287579043121 -4.677484179706541e-05 -0.019871801136628845 -3.726807287181471e-05 4.748735218419717e-05 1.0000020690851243 1.0919956565620097
1.0000087926169505 0.0013857725940621562 -7.938734095949012e-05 -0.01059380490772235 -0.0013857174987265983 1.0000273943060343 -0.003040921097187491 -0.03425584221478604 7.522713893445256e-05 0.0030417871990601904 1.000002085875539 1.1080670590960622
1.0000033570707778 0.0027986774471572056 0.0004815698190973682 -0.012921322685723496 -0.0027966019618712486 1.0000169799168575 -0.0037303029136358926 -0.027926805021018186 -0.0004919667010366089 0.0037294576645123087 0.9999980062999416 1.1119275975384464
1.0000020306044908 0.0009368912600102365 0.00021401694456324333 -0.01593326643977361 -0.0009366629762441977 1.0000130854467568 -0.0004915799592779466 -0.02282293025814026 -0.00021444138528988775 0.0004916253798210774 0.9999993483168018 1.1228417911736421
1.0000082009868494 -0.0008380204467016337 0.00033514459504717825 -0.0020399395266391526 0.0008379535346815289 1.0000293624399919 0.001981081811379607 -0.018656039827489604 -0.00033680949124677067 -0.001980217281500761 0.9999957563071854 1.1349721941215034
1.0000008351550704 0.0017455141761231444 0.0006961261603458604 -0.0041282360755502 -0.0017462787363500434 1.0000028372799687 0.0011663210901162102 -0.02256563975777091 -0.0006940182771790448 -0.0011674304806319421 0.9999981413431215 1.123798373726966
0.9999994651437077 -0.0013030495001449345 -0.00011480525691135572 -0.0050494303973619295 0.0013030658889592497 0.9999951688907119 0.0011995083798936766 -0.0289291612341097 0.00011330291572304215 -0.0011996356944276683 0.9999983069180558 1.0963511871320186
0.9999971520952358 0.0009789759122938377 0.0004957173639293137 -0.0018882667161504595 -0.0009788721403913218 0.9999949919078136 -0.0005622273239670032 -0.02331173080650113 -0.000496281807670485 0.0005616298438479104 0.9999974757424819 1.07656787735584
1.0000044067138025 0.0001994693639043152 0.0006970499734629716 -0.0011464646022259187 -0.00019853030755904007 1.0000096496052806 -0.001213532955394475 -0.03588479845492116 -0.0006972911355775906 0.001213623013991651 1.0000026574156708 1.1211201659888037
1.000007380242001 0.0003281417023793447 0.00032485463743672023 -0.006381954370244734 -0.0003269769476273322 1.0000306657038325 -0.0022871896979688605 -0.017043711979728794 -0.0003255706181902909 0.0022876952544949813 0.9999997806493265 1.1167268187371455
1.000012148188786 -0.0006780148400808451 0.0007572107849948526 0.0038228288871300932 0.0006796827090130953 1.000033624113035 -0.0017206278813119008 -0.03111119852479594 -0.0007560871357246659 0.0017217826797262421 1.0000028705671848 1.1275066614008629
1.0000021427617913 -0.001534495946947606 6.0617663876500044e-05 -0.012207446644457325 0.0015347975850577738 1.00000754267523 -0.002836547701640386 -0.03306056676987696 -5.625073377964693e-05 0.0028368614477254153 0.9999969621909209 1.1228707339394997
1.0000052140190545 -0.0006236848177068425 0.0005558534776769421 -0.004411547973514962 0.0006247641468120081 1.0000223627766824 -0.001499533651995063 -0.03447781331554163 -0.0005549229443018003 0.0015003227328221982 1.000000233577146 1.1272379455791939
1.0000035148469333 -0.0020700609298170223 5.258732968796355e-05 -0.003938316973143967 0.002070242395065802 1.0000191075985256 0.0018846257030628504 -0.019571353071174573 -5.6486782031019614e-05 -0.0018841394961769556 1.0000023031437761 1.0997411330274551
1.0000056472522558 -0.0022224042865721717 0.0005048728563985194 -0.010293166164179237 0.0022203309930532216 1.0000141859244667 0.004734544630269057 -0.009446933682543698 -0.0005153922879956903 -0.004732919540577158 0.9999965770939103 1.1307727553427558
1.0000004357385153 -0.002621796115631397 0.0001124801369382498 -0.013815221246040447 0.0026214693825896453 1.0000033391053609 0.004828046809803473 -0.017652763529003523 -0.00012509970289752284 -0.004827396628742945 0.9999903654309009 1.1133856310060066
1.0000041914673428 -0.0020966344829554794 0.00027860160144943747 -0.009177758183808815 0.0020965032611732735 1.0000128128779828 0.0010702673500387861 -0.024939339874001046 -0.00028094591958263395 -0.0010692946875878134 0.9999995755372356 1.0993237602841854
1.0000025811712678 -0.0018376295004198296 0.0008694177173976221 0.0011876444743951268 0.0018398055699736303 1.0000055868425644 -0.0023867175535895054 -0.032344571131270254 -0.0008650408011360949 0.0023885767184594923 0.99999726268631 1.121171888417142
1.0000056919867029 -0.0017936671470248464 -7.444892135448904e-05 -0.013912020574581142 0.0017936093162890646 1.0000086819337022 -0.0029563118677001805 -0.026921020986855677 7.974617236140222e-05 0.002956547954145 1.0000009664900973 1.123312578542817
1.0000030114836878 0.002168663651489262 -0.00018434540618317776 -0.003783817612879224 -0.0021690952896824206 1.0000052588903676 -0.003204232064884101 -0.022049582885789155 0.0001773709728234808 0.003204847376960039 0.9999956028417355 1.1439746603434258
0.9999985159409794 -0.0012643198152553143 -8.280801177234011e-05 -0.01262941086777026 0.0012642750125341955 1.0000046545380317 -0.003385384856099712 -0.028815281510233923 8.732135677964371e-05 0.003385417836293299 0.999991057727037 1.1414784330138115
1.0000037904774277 0.0022636592367207367 0.000942220736711924 -0.003050700593568111 -0.0022623998009204107 1.000024827696561 -0.0008599043190685565 -0.02093547609357031 -0.0009442178234515666 0.0008582153439129387 1.0000018577854 1.1569841704440997
0.9999997389360903 0.002075643296013056 0.0010714246932120172 0.003628506200584205 -0.0020776678011443683 1.0000081498394922 0.0021421486614958346 -0.010859181135180578 -0.0010669837858496318 -0.0021441685495254435 1.0000003742469503 1.1762752462516528
1.0000143935150672 0.0010799433234694635 -0.00014841726190835956 -0.019050183765319726 -0.0010787722837693416 1.0000463358502014 0.0017915378469227946 -0.03093394551689329 0.00015009050419785772 -0.0017905923892753454 1.0000065403511877 1.1306047692681556
1.0000060590155475 -0.0005170973918229608 0.0001703014033174166 -0.005203478717112301 0.000517397734230346 1.0000199182499256 0.0005246230880154123 -0.028352677647256908 -0.00017075801896347998 -0.0005241276106981177 1.0000010360951732 1.1082632922434714
1.0000063171258913 -0.0015161444158129167 -0.0005803380977199814 0.016354503553152988 0.0015167475508943327 1.0000186728276514 0.0005914274513537641 -0.027234686157512 0.0005793960714964739 -0.0005919468518464862 1.000002399168918 1.1165615577857047
1.0000026448833617 -0.001399960593645924 0.00013165858832071055 0.00589820226674372 0.0014003717288055715 1.0000258444527423 0.0011773137226217382 -0.02498498999708686 -0.00013334292215416135 -0.0011766572828057994 1.000004312677686 1.1401430278907776
1.0000015930380008 -0.0016698966548982135 -0.00034244255584756436 0.0011178674028303162 0.0016708260599554488 1.0000130060250432 0.0016438967668325386 -0.027011403490188646 0.0003396284015866294 -0.0016441832988939315 0.9999968614988435 1.1400752349057213
1.000008514689257 -0.0011789769915727362 -0.00038710028061778745 0.008159847597014663 0.0011802922564183237 1.0000289136721519 0.0014273636564205105 -0.02540643247874426 0.0003858944007211591 -0.0014271566783650557 1.0000041056696836 1.120817490679753
0.9999980884579861 0.0006778213798473463 -0.00034459083602307144 0.001910780044705244 -0.0006776259140576939 1.0000120798098509 -0.0009371945143441557 -0.0327019691875975 0.00034384864665064206 0.0009377116308480542 1.0000037586908015 1.1316353928535074
1.000004795444919 0.0005174830771122985 -0.0009484521926420324 0.0013499401766354402 -0.0005201700455242754 1.0000081482402505 -0.0033125411273739695 -0.03644489794684745 0.0009470164923596444 0.003313283548964675 0.9999950400280264 1.1154976659204203
1.000008474095257 0.0012571724226856104 -0.0004223485388449053 -0.006489418319309246 -0.0012575358969134796 1.0000152106298958 -0.0018670244743501927 -0.02822458672585134 0.00042156979456174735 0.0018678063454206962 0.999994547391232 1.1341882748097991
1.0000063446125678 0.0011893871405674516 -0.0010122798623164134 -0.013918095197067116 -0.0011874083155658673 1.0000178082252638 0.0014249716141949858 -0.02184572293241161 0.0010150080118942113 -0.0014235159430606669 0.9999962463054054 1.1200471857920737
1.0000023224990162 0.0005682250872278943 -0.000440097816852279 -0.005510000955733211 -0.0005660422453374413 1.0000121348480715 0.0035072752593922675 -0.021074885230353977 0.0004413028354477759 -0.0035067050783011374 1.0000000479374591 1.1466490465049834
1.000005441318854 0.00015666217183679735 -7.893887085471856e-05 -0.00023136251596183593 -0.0001557966814331625 1.0000161139667758 0.003383490787571456 -0.01845297741705842 7.89213974008745e-05 -0.003383092226676069 0.9999989102639218 1.1576783305652223
1.0000014111030548 0.0004377518148358203 -0.000661117963335487 -0.006612360595257019 -0.0004371242840166626 1.0000051520279893 0.0008176734562161224 -0.026063537621348505 0.0006615826680940033 -0.0008172880788538731 0.9999979508398605 1.074901699509798
1.0000133237375537 0.0010653666074226175 -0.00019288851990319314 -0.005210311341450844 -0.0010647198218323884 1.000051274911186 -0.001894641742694962 -0.03060562512792079 0.00019112128610765104 0.0018960393771148285 1.0000060408517024 1.1391778411664137
1.0000022628544658 -0.00029773462086019444 -0.0007050989388178772 -0.0037336764193712513 0.0002974027595013436 1.000015278844672 -0.0008699218809505772 -0.033653370207764786 0.0007051102155931184 0.0008700031885941186 1.0000022539628977 1.1372266505242503
1.0000073098537714 -2.289557699022336e-05 -0.000565402393228367 0.006976677461006754 2.321122965870553e-05 1.0000213268567364 6.199828947305036e-05 -0.02221153943790619 0.0005658307920573368 -6.148379744453279e-05 0.9999994589200571 1.0351979930530069
1.000002241186571 -0.0014226328916209633 -0.0012588293524325347 0.002465857823451395 0.001423589305262977 1.0000232090302483 0.0005080870195659103 -0.028083214080020517 0.0012576868288859274 -0.0005093402574360136 1.0000048406340047 1.009537993406288
1.0000033856370116 -0.0008795704516526083 -0.000815729019621727 -0.0005727941885528638 0.0008811526326284784 1.0000255710184132 0.001407246395576128 -0.029916663862763874 0.000814993053548517 -0.0014072725517026887 0.9999987685389794 1.0338252748707153
1.000008191877341 -0.0009356864314472148 -0.0006166261439137459 0.0029104054032384886 0.0009373209152896562 1.0000246411195426 0.0020243636616416537 -0.021275246973724696 0.0006152552812149076 -0.0020241193724969083 1.0000028139054733 1.0559014237293587
1.0000032871694113 -0.00027415634884147687 -0.0015930751262395826 0.0005238566246410631 0.000276574972509625 1.0000155265424902 0.0013612832032503961 -0.028744543301520306 0.0015927100685724106 -0.0013613376892315974 0.9999998974210293 0.9840700533554052
1.0000043548586892 -0.0010351077763080215 -0.002253346009529003 -0.0005005517316557233 0.0010359868304833434 1.00000612604287 0.00035619962736527656 -0.021746118177821867 0.0022536612408563667 -0.00035825589541562574 0.9999956909737251 0.9206708437152156
0.9999969155026257 -0.00022244440205232787 -0.0036541095461784306 -0.015498594074681266 0.00022059019487547836 1.0000036848753822 -0.0005223051748803305 -0.03482626497823248 0.0036549689016454282 0.0005216552598744372 0.9999884624121881 0.990798770432798
0.9999989715687462 -0.00012375896733002998 -0.0035501761475451553 -0.004528763540841414 0.00012176236543152885 1.000018374220898 -0.000667042218863533 -0.01969623915501697 0.0035505641503786128 0.0006670067104994619 0.9999920578776025 0.9402999995803616
1.0000014734341138 -0.0005902312351202334 -0.0032478882448160923 -0.0071661144495650895 0.0005918243527708207 1.0000203571358812 0.0003585341074595363 -0.021221191615874234 0.0032481901515071 -0.00036003078912456323 0.9999913677708984 0.8516068598392612
1.0000061143795298 -5.9258679711905576e-05 -0.003515436927346269 -0.014021661916520111 6.382256176141734e-05 1.0000303255858614 0.0011108026030274166 -0.016407074934380494 0.0035170688594922616 -0.0011102625833729653 0.9999907959193456 0.8556264159739502
0.9999984426163464 0.0012001967988508676 -0.002950696725748662 -0.0127790563477911 -0.0011969672071489093 1.0000083859032696 0.001016447264276032 -0.01788508109629955 0.002951860940086613 -0.0010127206008031485 0.9999964146237464 0.8291978051976588
1.0000003501077466 0.000570986838992353 -0.0030583232302604426 -0.00951824763991191 -0.0005663964608492875 1.0000212684631626 0.0013701550317391337 -0.021241317075766177 0.003059603200683083 -0.0013678978575743805 0.9999955367109788 0.8372402027075142
0.999993746374593 0.0015363726507684689 -0.002980345345560249 -0.014325398872630624 -0.0015334805658143054 1.0000130551347681 0.00085445917160058 -0.019892921810844344 0.002981566527716092 -0.0008495161796372235 0.9999956535549406 0.7835479843830883
0.9999986928623655 0.0017161119520532851 -0.0028635857234399725 -0.004359856483792695 -0.0017144032625275177 1.0000188167084545 0.0004659247995800292 -0.01726549972276044 0.0028643540751692896 -0.000460531035085781 1.0000001847758662 0.7233252372728793
0.9999957675641774 0.0013764414005957406 -0.0027305239858839685 -0.010616417780761505 -0.0013782597090073296 1.000002393850711 -0.0006738864430599623 -0.022851232088229166 0.002729691756198156 0.0006777840021391306 0.999994538416133 0.7156430350730183
0.9999967643008529 0.0017016190253600974 -0.0028927962071732434 -0.016429799826436536 -0.0017110784869688062 1.0000089503160776 -0.0033929596996328704 -0.02839344246673209 0.00288709138681027 0.0033982427389562804 0.9999911407752567 0.7672560720311673
0.9999956636798377 0.0020217577646868823 -0.002636649468933826 -0.01779360577190723 -0.002030553925238079 1.0000008290341311 -0.003401528150123969 -0.018191862905821508 0.002629744097710322 0.003407009143026405 0.9999899961681331 0.7352057577647744
1.0000105876272285 0.0014889966574253783 -0.0020133595642656456 -0.011072583989904294 -0.0014934109554972754 1.0000413309868947 -0.0025675753702550574 -0.017534691246836147 0.002009723380421852 0.0025713771965791042 1.0000006985062155 0.6987430867073189
0.9999933292493003 0.002041621947904979 -0.0009707654914866133 0.00761004193632916 -0.002042220938354635 0.9999977705995743 -0.0006534247152433103 -0.015583542404036624 0.000969445123751392 0.0006553692179505257 0.9999959725250241 0.6020384517920073
1.0000068740744426 0.0015249490324563976 0.0007456184930511439 -0.006288807649525184 -0.0015251164510249398 1.00001960227262 0.0005415605122831654 -0.01441727487756684 -0.0007444283831724286 -0.0005423937115410594 1.00000246398281 0.5476648013095698
0.9999962661900736 0.002042107445978524 0.00272539533065144 -0.01755982115660477 -0.002044973764907825 1.0000047483952306 0.0010902262503985553 -0.011004322760729828 -0.002723521311457677 -0.0010957227922385048 0.9999990382706702 0.6111812675586307
0.9999859678880569 0.0014914135478941327 0.004833194976935997 -0.013322522837347679 -0.0014977561356004309 1.0000018674967575 0.0013179162943343448 -0.011974831047974291 -0.004831787563981281 -0.0013251129687598135 0.9999888568142584 0.593939673133032
0.9999800148521534 5.2181479467763765e-05 0.007192952455253594 -0.002070124198723292 -6.38486162805355e-05 1.000031953629211 0.0016506570319010424 -0.014102140275898591 -0.007192761278342305 -0.0016505455595270265 0.9999744603493829 0.5817611515220625
0.9999621748700968 -0.0011097328703307526 0.00912095321896393 0.004053397290225575 0.0010892613686448685 1.0000166035078824 0.002261713396287507 -0.009677388366902304 -0.009123850136893768 -0.0022514216120726547 0.9999584721505996 0.5661704194730226
0.9999435620600585 -0.0012291656237332887 0.011415891473361608 0.022928782804238265 0.0012147897838650223 1.0000363873041223 0.0012798309545231272 -0.011575425795259596 -0.01141629472077799 -0.0012651162638096963 0.9999353236962253 0.5260737931065937
0.9999189615163424 -0.0007336593091336197 0.013405274704733247 0.02716993321841751 0.0007268533636453012 1.0000280080150488 0.0005202621990991338 -0.012509807951111297 -0.013404550548349091 -0.0005097833793469549 0.9999084770993348 0.437068957844165
0.9998774885485486 -0.0006058791225919891 0.015525715751450307 0.03352052938426106 0.0006106368314773517 1.0000098798171484 -0.00030079797734646846 -0.007226742744525218 -0.015525498435605425 0.0003104101858804425 0.9998818090119781 0.37054188017865886
0.9998473824311794 -0.0016461320506494027 0.017565380045255777 -0.003450771399355331 0.0016854007670975492 1.0000127176917981 -0.0022273476283994277 -0.020445563893207792 -0.01756203766328325 0.002256971118422158 0.9998443160079639 0.45373910215878827
0.9997797084300408 -0.0010963747570763773 0.02123631005868093 0.018583650463987255 0.0011740567064138473 1.000003358334364 -0.0036483205055703196 -0.01086581133290777 -0.021232066820712835 0.0036726139740734676 0.9997663180142506 0.4747561357232192
0.9997076740451748 -0.0017899501425225378 0.024304124854117305 0.0229625201196416 0.0018801214002431555 1.0000025297288826 -0.0036900583112122166 -0.013094462729509454 -0.02429868645539614 0.0037347702013368436 0.9996987249042391 0.46738859792440607
0.9996451549683609 -0.002295201693497557 0.026932625633640118 0.025317081746083298 0.002348955186948334 1.000031587042387 -0.001975329973316809 -0.010753779267020107 -0.026927205618148663 0.0020384062927622354 0.999638257737085 0.42998596173712267
0.9995389765478763 -0.0031749910932764593 0.030298525467213625 0.05945626910339394 0.003188270075966187 1.000009528008192 -0.0003936058004662342 -0.004671102694392028 -0.030296995242077192 0.0004901952241071015 0.9995413883639969 0.3456387638297672
0.9994644873583984 -0.0026902383049512233 0.03267811710677092 0.030658722414940973 0.002728143335955197 1.0000152220100236 -0.0011200513936130997 -0.00479929229843636 -0.03267540771917401 0.0012087894644549192 0.9994696488908267 0.36539738807350086
0.9993525157621662 -0.00217951817498397 0.03607404491389601 0.06999596182879489 0.0022075540388820764 1.0000278210819664 -0.0007385176082440071 -0.0061085984091829955 -0.03607441520680253 0.000818025893270573 0.9993527267256924 0.34159331672161386
0.9992348850788972 -0.003162390125901727 0.03908042439331485 0.06839620743132943 0.0031729866467497822 1.0000133752358566 -0.0002090492438977012 -0.010696158113770464 -0.03908114012550718 0.0003330827276808875 0.9992375079663908 0.3230011987794902
0.9991564021067976 -0.001962472969062208 0.04119882043300966 0.07942443250673215 0.001973542813107536 1.0000370804568093 -0.0002259996921972051 -0.011279765180391668 -0.0411988424428162 0.00030755204975449615 0.9991548271831907 0.33915761842422304
0.9990677815191626 -7.4746409427250425e-06 0.043348429004894926 0.05867791080209436 3.4153377274361555e-05 1.0000218640388543 -0.0006133547788001633 -0.01059411976044313 -0.04334488621173327 0.0006145363556588418 0.9990600796769231 0.29617042032332924
0.9989230466383198 0.0016007963995412892 0.046415122750043 0.025408222654282 -0.0015793494129308027 1.0000126631203952 -0.0004972492266593311 0.002813839950970791 -0.04641541227443796 0.0004235453213269968 0.9989236210329699 0.39299784547130917
0.9988645247705057 -0.00024697186690388236 0.04769019009816746 0.03520078432455814 0.00019960805594437608 1.0000173843111468 0.001000332481940283 -0.010501792890148525 -0.04769026020975929 -0.0009894718943828586 0.9988656677859654 0.4339643815108149
0.9988422290332902 -0.00016076771282542109 0.04829890183200323 0.02456778227524732 0.0001282599406640026 1.000031180258362 0.0006798681159861079 -6.776543044471215e-05 -0.04829833886729662 -0.000672424186189465 0.9988369137925176 0.3715440987021987
0.998747551615598 -0.0014419348145928252 0.050041038422926204 0.11896813681291958 0.0014494388104737473 1.000003801594173 -0.00011187416397069872 -0.011895500923888773 -0.0500405699204751 0.0001843339578117394 0.9987458485989493 0.3293360048439112
0.9987750395221828 -0.0008029402282936991 0.0495831298408208 0.07918454691555887 0.0008762602342592355 1.0000173668411665 -0.0014537816454009604 -0.0129699012852281 -0.04957688091615591 0.0014957021013110615 0.9987700173791483 0.2778237105195337
0.9987375000954308 2.1227548126590467e-05 0.05030615349331862 0.06262916444019165 0.00011444375832492125 1.0000174079612225 -0.002689389688871941 -0.01175831958673504 -0.05030752621437259 0.0026919869203666778 0.9987356831532515 0.38792440102890746
0.9986790482379166 0.0021140826481415675 0.051390454430371706 0.09266721865922323 -0.0019319838052981237 1.0000077889335397 -0.0035902305869207844 -0.007702379717400929 -0.05139748423829951 0.0034863961582498218 0.9986729818194837 0.30585740828421
0.9985830927411058 0.0037320841380971575 0.05315588669485031 0.04530098104225515 -0.0035577098878245266 1.0000150368015077 -0.003370276990521378 -0.009644806566479347 -0.053170281698137395 0.003176629054655148 0.998585727862534 0.38752704207791566
0.9984885981708103 0.0033766056568509404 0.05491905348023913 0.03166323094191063 -0.003241855642633378 1.0000055207577507 -0.002540891836187045 0.016462524009205507 -0.05492664975246887 0.0023591246107081357 0.9984889016040548 0.33570752355597994
0.9984806463519895 -0.0005010432110687931 0.05514189094855513 0.06684407536261561 0.0005245489581170071 1.0000178017246026 -0.0004104876095814999 -0.004067407489682327 -0.055143895277063947 0.00043888529262712134 0.9984806139761977 0.3243212871902732
0.9984909366386007 -0.002134467878071307 0.05490601320425039 0.12060891939691527 0.0020562943291669725 1.0000103397508984 0.0014812493548791404 -0.025033650426780768 -0.05490868429323608 -0.0013660268108778057 0.9984920131046552 0.4258340422443796
0.9984789189938527 -0.00011183293408097923 0.05522668277649381 0.02516812087986446 4.395834931381868e-06 1.0000154882510317 0.0019467643282020583 0.004938805172478681 -0.0552255457297074 -0.001943463640517837 0.9984715373736893 0.4051240657439606
0.9984193881921608 0.0004693493375894931 0.05629736493677316 0.03347366499973782 -0.0005953710506962926 1.000019088952032 0.00222367737181636 -0.01781204876948566 -0.056293557024463335 -0.0022535541696690324 0.9984170322687458 0.4802256330306614
0.9984448785434245 -0.00044431783679055526 0.05579809930004483 0.01437655776217522 0.0003356334559517505 1.00001198524445 0.0019575358366729118 0.0037182768509928144 -0.05579722285230763 -0.0019356219224568462 0.9984431319306792 0.3905033804068211
0.9983169417471252 -0.001956098956868718 0.05796735061348838 0.0759442953000728 0.0017207720186872104 1.0000054544791237 0.004110721294984514 -0.03299718527790895 -0.05797234703648532 -0.0040039271919134825 0.9983162208649552 0.4004184455327865
0.9984048874841605 0.002548353316172978 0.0565071320736754 0.050911830934323804 -0.002599414402407504 1.000015548563343 0.0008314275662534668 0.004871152626208521 -0.05650445658684709 -0.0009767486042052665 0.9984001628724191 0.3802849595106323
0.9984927829551278 0.003624128934114503 0.05481126093872294 0.07380610663774274 -0.0034946410546398345 1.0000077852910008 -0.002458382921782228 -0.009963934252449121 -0.05481982885791972 0.002263309239824553 0.9985000366565653 0.4010960825639551
0.9985424725051517 0.0029429722411007894 0.05392238098506944 0.07130738065953239 -0.0027236068545424767 0.9999955263615012 -0.004141956020018612 -0.004009121573554583 -0.05393396667199614 0.003989138059464688 0.998538409286038 0.4214877073890742
0.9988338317999196 -0.0008223038486880966 0.048281260599685266 0.02712674017566945 0.00093681723341462 1.0000055002313524 -0.0023504049141246743 0.0008236457377776502 -0.048278793328786346 0.0023929889174138 0.9988344807751978 0.40702924875174634
0.9990412168743569 -0.005808143305026897 0.043464495773588165 0.037024849569291994 0.005841682102150027 0.9999992908617423 -0.000645930495751109 -0.014562736644428914 -0.04346073509519239 0.0008993694025933727 0.9990562276370694 0.4473010189290736
0.9993457990058467 -0.006551569066490962 0.035783750466948754 0.07173610443912701 0.0065883937219238286 0.9999917843724987 -0.0009124075931594045 -0.009680888661826684 -0.035778011313900605 0.0011476873160938658 0.9993576764982418 0.42049696972149025
0.9994948168254876 -0.0026461692499147294 0.031810772639551385 0.023831930859459744 0.0026794347261109882 1.0000210329823886 -0.0010002940890292825 -0.01611498613156732 -0.03180641660556668 0.001085173087420971 0.9994973475327982 0.4198876786640981
0.9996193900233602 0.002089346679443137 0.027698483947248703 0.006806041000476864 -0.002133575043640729 1.0000161812066686 0.0015698413444284625 0.0018527508798892782 -0.02769588716896144 -0.0016281496846371727 0.9996153425954007 0.43826615594446827
0.9996611319514057 0.005451540827155634 0.025702350366546833 0.009784516065206963 -0.005530382480354407 1.0000153993395127 0.0029978760281603825 0.0014106486753305172 -0.025685338841530073 -0.0031386355361564507 0.999671517150992 0.5213989651814755
0.999699558894786 0.004570150662015488 0.02430950011324097 0.028301271088630186 -0.004648177345336595 1.0000052461994853 0.0031496707902150516 -0.004791969922799155 -0.02429475125627051 -0.003261419698689479 0.9997008230436992 0.5286424532737514
0.9997581489033341 -0.0037226315038278645 0.021908708489290187 0.04125663807648301 0.0036754848924488606 1.0000149329569743 0.00218370685339041 -0.013023385397866594 -0.02191632226871681 -0.0021023105666810155 0.999761349968272 0.5618394740063064
0.9997855739793206 -0.005531149894680829 0.020099808577159362 0.04500296964508899 0.005537948362634474 0.9999997941965746 -0.00028355837716864224 -0.017975695584280783 -0.020098018672674252 0.0003950706486836667 0.9997997338640621 0.5339657806593641
0.9998268394738071 -0.00582991046575812 0.017844656947604724 0.0183835853854831 0.0058677126177934915 0.9999886463230295 -0.0020654574170086938 -0.015543632438394784 -0.017832230619817962 0.0021700015532238894 0.9998397105777368 0.5847983942018272
0.9998983202548308 -0.0007196342564174218 0.014175374557614017 0.0166059636146098 0.0007826902224935869 0.9999991007282168 -0.004438775180592313 0.0025754514478612003 -0.014171603507676201 0.004449537237224587 0.9998917818822368 0.5958040108785817
0.999937578619679 0.0025336879809519934 0.011611438584362997 -0.010869568952402105 -0.00248464761188036 1.0000185453741235 -0.004214289627209987 0.013236294678467903 -0.011622349638020883 0.004185518442405353 0.9999220552922033 0.6308022663949772
0.9999803595681235 -0.0018756500638038999 0.006239655108600295 0.015770121194456373 0.001877467663112026 1.0000059914539503 -0.00026702579979948846 -0.0013902122383498113 -0.006239108387663856 0.0002788301813323367 0.9999819115437752 0.6337304357615081
0.9999775980065044 -0.00545473462500611 0.0027747309769943105 -0.006065688135898379 0.005445931990269865 0.9999804986577939 0.003176989402732445 -0.018412888716935496 -0.002791460901540841 -0.0031618152541494434 0.9999925906573129 0.6762975207070889
