1.0 0.0 0.0 0.0 0.0 1.0 0.0 0.0 0.0 0.0 1.0 0.0
0.9996169005482064 -0.0057749837358664945 0.027117371729319346 2.447307403290735 0.005739540725347363 0.9999913282328537 0.0013887826603069834 0.14911119729175193 -0.027124053838465667 -0.0012324939871031664 0.9996322015672477 -0.4069597102191838
0.9999039724140113 -0.004261362399939201 0.013680626910248605 2.903296107329619 0.004244862011491632 1.0000208899375502 0.0012626908182479545 0.15196112890773653 -0.013684628839450019 -0.001204084243621797 0.9999095257182566 0.04339986234761147
0.9998270351929399 -0.004578600145840556 0.01824635402438046 2.9998454178071756 0.004568327501670504 0.9999988920606387 0.0006088535283039571 0.11235845590070347 -0.018248231050850217 -0.0005252865946027778 0.9998331331861774 0.2335701562667617
0.9995872177379146 -0.005359328567317778 0.028252478146460324 2.983717997106932 0.00534935897921493 0.9999963592538827 0.0004344595527908268 0.1355837124979344 -0.02825545238068166 -0.000283035524527792 0.9996029303470116 -0.33551094972129103
0.9998311094639126 -0.0035172991774204045 0.01843265416876064 3.1812208421157417 0.0035062078074605788 1.000027702523341 0.000656384534226549 0.10971012962296482 -0.018434832119028674 -0.0005912948995191455 0.9998331726582311 -0.260617820742533
0.999980311442927 -0.001740373993743985 0.007331112213589158 2.7854257660474895 0.0017294475655273704 1.0000272655335036 0.0015408057036622352 0.11821899570968238 -0.007332974349424818 -0.0015277940893091983 0.9999739277547017 0.11069815728801326
0.9997754468920259 -0.0037471048427214 0.02080901887101295 2.3355131657705805 0.0037081673094777894 0.9999893454842453 0.0019092822013680485 0.12362790680564621 -0.02081629821930689 -0.0018317080228602498 0.9997797775209403 0.23419138235152065
0.9999133707956153 -0.0013337490049598894 0.013508492510229238 2.556786131217314 0.0012983124876452062 1.0000093641581393 0.0026459000358437642 0.12247226011832353 -0.013513150357871012 -0.002627961556506721 0.9999077618767148 -0.020990839682789073
0.99997388360374 -0.002455852384684755 0.007073678045699384 1.7343203977488126 0.0024513920586750585 1.0000016668402578 0.0006513547705545218 0.14936761775387902 -0.007075072070389515 -0.0006339397834924625 0.9999746981853262 0.3936371236942386
0.9999583157239257 -0.0010865558032645427 -0.009082346694792506 1.7731613266066026 0.0010882244821437367 1.0000037606583607 0.00016222954823450557 0.12242678168424564 0.009080925918442784 -0.00017204258719211255 0.9999599200335936 0.38374215127202044
0.9998713398937205 0.0007233893920043844 -0.016391529572588465 1.4162386542567134 -0.00070468147950976 1.0000197735999659 0.0011145349471289613 0.1357799040424393 0.016391751225935988 -0.0011026560956435654 0.9998686234904475 0.04697525765406832
0.9997865496453738 0.001205242128628578 -0.02055547875871406 1.3052247827861776 -0.0011394359988849503 0.9999961501535507 0.003206806190824111 0.12146198055005626 0.02055944336755389 -0.0031826989134529763 0.9997831007175939 0.6033422761792067
1.0000060069806167 0.000852965239919012 -0.0012806217504846122 1.284336181037365 -0.0008454525835625925 1.0000094192720417 0.005279976426363816 0.10816389870921658 0.0012852499249703844 -0.005278599271302361 0.9999901977458676 0.9951679149326911
0.9999984679686065 -0.0009725032746228613 -0.0014346163692326584 1.318531540808155 0.0009793917603436373 0.9999980790851641 0.0045865053552070914 0.16857358484153837 0.0014305080222429404 -0.004587793776849558 0.999989701840115 1.5811827001296126
0.9998668718855968 -5.999275564087242e-05 0.01645283464013785 1.635631885869644 -3.7802037952461115e-05 0.9999916976286731 0.005966826352075917 0.13726766016103806 -0.016452838124583063 -0.005966453598394137 0.9998483486961974 0.8186788239086124
0.9997156063437228 9.83584603864792e-05 0.023952145403734287 1.291500155870776 -0.00011493263327878659 1.0000128606195253 0.0007058269624202357 0.12929737805487793 -0.02395253877496241 -0.0007081112100804297 0.9997139405188886 0.36329603942436156
0.9999912312967744 0.0017910542347554757 0.004061552550511037 1.7431282518373055 -0.0017861638834320587 1.0000069156297888 -0.001134989139105879 0.12277684763664506 -0.004063642962182949 0.00112788903545993 0.999991523080781 0.27741528208954963
0.9999932313325155 -6.898314760889611e-05 -0.004114325109878246 1.5240965808898974 6.402874360322953e-05 1.0000038133385725 -0.0012352016543158123 0.14478641705735912 0.00411440701257211 0.0012349864662743015 0.9999922728096277 -0.13578158254010145
0.9999807041993518 -0.0021549159494878975 0.006501019097882999 1.5748918832629628 0.0021469824104125156 1.000016100438174 0.0013289039048530254 0.1293899515914598 -0.006503872583610301 -0.001314737831844648 0.999980496125875 0.9663596941288238
0.9998434602696603 -0.001565758085890019 0.017562318388097617 1.6216940924648535 0.0015046452916643999 0.9999938215543158 0.0034986482017414153 0.13652007644802291 -0.017567626039122996 -0.0034716721323854787 0.9998401580691675 1.4190696190993237
0.9997446094894374 -0.0003143273893417699 0.0225404867847458 1.9174557480940633 0.00025440318554724277 1.000006950487648 0.002685901078677967 0.11559416362324682 -0.02254073465598326 -0.0026793695207420554 0.9997451897770114 1.6447242781571185
0.9999253926417285 0.00046344385021315277 0.012238548176690508 2.124779901708038 -0.00047821626591560004 1.0000022703364984 0.0012146521041933767 0.11470568347086586 -0.012238617875876176 -0.0012203485467576782 0.9999247653808189 1.0985948526391944
0.9997094527534675 -0.002219661320656051 0.02406648040116957 2.0224020880106672 0.0022547575514111954 1.0000032213771874 -0.0014194247929292501 0.1191883694138615 -0.02406122978573267 0.0014733391360456363 0.9997107027501116 0.9555951805781565
0.9999963186198499 0.0008579224816961693 0.001047969324309101 2.827640697893777 -0.0008561104855635834 1.0000011955587205 -0.0016486385870956943 0.10289601841144098 -0.0010490723478198463 0.001647725031960381 0.9999975328943699 1.0041163088272334
0.9999041553303988 0.0010063686316589705 -0.013950389558529789 2.791931167940958 -0.0010248327500250879 1.0000048525102139 -0.0013272095303570263 0.1279236621001799 0.013948674495335713 0.0013414689118003364 0.9999021427211839 1.3214394202485058
0.9997146574836292 0.0005687835078219171 -0.023869825469707198 2.972570960335672 -0.0005972717712716617 1.0000041711608865 -0.0011917521980588349 0.09364920982888204 0.023869891200765214 0.0012057071966068307 0.9997145348540085 0.8204132021915903
0.9996448912855631 0.0011972918072827002 -0.026629295787302377 3.284930906612749 -0.001258903471562658 0.9999988336353933 -0.0022987628119466915 0.05886289068113178 0.02662585046133468 0.0023315164762573917 0.9996434842749689 1.196266725684752
0.9998723964468851 0.002032548282031682 -0.015958621128820454 2.704163508474893 -0.0020702297198845554 1.000007707351544 -0.002353479622209613 0.10767470480999998 0.015954488205872107 0.0023863150159324853 0.999872480229613 1.0243358092202868
0.9997206712073683 0.0037353124875242794 -0.02346464166337788 3.180062262290392 -0.003753341076785403 1.0000076147549957 -0.000727447954218266 0.09886356045428255 0.023461934111414718 0.0008154222503543558 0.9997268667303897 1.5718833840085982
0.9997169100243993 -0.0001117524004690775 -0.02398446229880963 2.6898276881778656 0.0001164209441754737 1.000008376753995 0.000192489776665942 0.10553545783172046 0.02398457213281266 -0.00019518372736436373 0.9997130713207906 1.5551650365828849
0.9998226882485662 0.00019888039202862519 -0.018806306516298176 3.0518173361027126 -0.0002110308187176332 1.000003012129138 -0.0006451142960056291 0.10522605921627938 0.018807443264883653 0.0006489780962547789 0.9998241321588014 1.4259145127077997
1.0000072126783734 -8.3829904908847e-05 -0.001599162868457196 2.387046716251105 8.10694524404608e-05 1.0000319424815054 -0.0017572811136220869 0.12475982663986533 0.0016001835857218014 0.0017573267299025213 0.9999990554878254 0.5033141552539772
1.0000008947225443 0.0016045378810583169 -0.003916551503805791 2.2821894949127954 -0.0016065317513020067 1.0000299441729128 -0.0005020122443152135 0.15992768194160442 0.003914560870298862 0.0005084761261348908 0.9999936399067311 1.0975860884199269
0.9999791983431352 -0.0008325636551153574 -0.007098936430748419 1.9905442458983753 0.000822510457061425 1.0000295587992547 -0.0014066543917502323 0.13221924339917104 0.007100381726406336 0.0014009838366586995 0.9999784207008668 0.8721937472748432
0.9999698263040003 -0.003058758963511176 0.00767931182059287 1.9547212461322394 0.003063449406667418 1.0000073873392985 -0.0006005309486011274 0.16154184042529637 -0.007677344172451831 0.0006241075710041905 0.9999742515401475 0.9641207399837897
0.9999875025964667 -0.005044591614509721 0.0006940947619507628 1.7762328387222268 0.005045232035750972 0.9999910864135528 -0.0009158083422515501 0.13618792416046352 -0.0006895622277290048 0.0009193181465653116 0.999999668088157 1.0491194877295067
0.9999533381131512 -0.008586163565023435 -0.004487417002245807 1.6315238101787621 0.00857995199326713 0.999971304692155 -0.0014172141507971313 0.18745312416694054 0.004499705698511919 0.001378687254764446 0.9999895422857443 0.8044626377235825
0.9999886206100645 -0.003901294608339705 -0.004758201794266803 1.5160623510922933 0.0039048373296151906 1.0000193783263198 0.000698945227046087 0.1425624863635189 0.004755526658707722 -0.0007173203783224694 0.9999950045764638 0.6435857440742387
0.9999942314849544 -0.003804882605597096 -0.0006487999482774755 1.024331241433252 0.0038042539022856603 1.0000025575333082 -0.0010865019623342222 0.1431676963329603 0.0006530166533596541 0.0010841006235850204 0.9999998614363853 0.7251249292959343
0.9997787019963823 -0.013438559623310298 -0.016271659442777916 1.3734172578952415 0.013419644690733945 0.9999155223806648 -0.0012743624783283151 0.2063062456892313 0.016287197200148398 0.0010557727284526328 0.9998667290087526 -0.4159845508808297
0.9998966212251997 -0.011205873567489463 -0.008974386119233643 1.158408282573078 0.011188893185752254 0.9999396120273603 -0.001948895080195572 0.19776592255347383 0.008995135630743223 0.0018482866602653237 0.9999536558598152 0.29200796513934824
0.9998750307716872 -0.011748705085772283 0.010944899333622497 0.8468344060447657 0.01175789452540247 0.9999528245776115 -0.0007563595910108935 0.15123814277687692 -0.010935345435989985 0.0008850979483108416 0.9999442053415062 0.42152164084418164
0.9998882017603677 -0.015475231707068524 -0.0014050435514458641 1.196881104341501 0.015474932501997307 0.9999059351416735 -0.00033239578754380467 0.1978796106078383 0.0014102962902445824 0.00031087157506653893 1.0000052957984946 0.316219268682614
0.9999635347681262 -0.008689691966809212 0.0020930359776553495 0.5872768439229733 0.00868758940295366 0.9999661085005813 0.0009924540530098082 0.1531031234922806 -0.0021018267696312257 -0.0009741491734486761 0.9999986575004374 0.567788268916871
0.9998950247174396 -0.011157411747379426 -0.009395571418282405 0.8951967996173973 0.011147615356144122 0.9999424239777366 -0.0011024229644125182 0.11887107584161222 0.00940704097592038 0.0009976584243732182 0.9999549173028203 0.9021951669840473
0.9999456052862601 0.00524679382627927 0.008847413545829706 1.3801914885032938 -0.005237250315524131 0.9999935662654802 -0.0011060729270586486 0.08446970168525009 -0.008852114058440896 0.0010597444448749121 0.9999662144520391 0.8365776496441173
0.9999388334801312 0.010863604732123833 0.0015892221497466462 1.2096592152671577 -0.010861027914730944 0.9999361913713344 -0.0015246107592834248 0.05007727533725732 -0.0016055539702071768 0.0015071969815689988 0.999996706214615 0.6212856655922047
0.9999626052723912 -0.009082724655462223 0.0008143290454274034 0.68626787277908 0.009084181499846458 0.9999702161620609 -0.0019767336609683335 0.17819208506655326 -0.000796058304451858 0.0019842887684509546 1.0000043485492816 -0.08951998290065839
0.999964332873104 -0.005176215529571594 -0.006748134962661477 0.7641118522529692 0.005176807759846545 0.9999920678441654 6.698039240613105e-05 0.12903192415196926 0.006747749672541718 -0.00010182396202213218 0.9999775511335276 0.4044689256197905
0.9999429017878957 -0.007501798155704241 -0.007571443769744709 0.7255399149275219 0.007496175283441394 0.9999730495030723 -0.0007784051464966907 0.12839455013101014 0.007577101766135308 0.0007216278314732301 0.9999716630564113 0.6418671988015664
0.9999979781206506 -0.003862114296735235 0.0015613473990344327 0.5833738717028755 0.003863105952283267 1.000009845852846 -0.0004344331673341126 0.14440733259942196 -0.0015599562084358848 0.00044078354517455013 0.9999994628807349 0.5670331353450575
0.9999710099451731 0.007237053057035398 0.0024830044527707398 0.7706964990040898 -0.007236704864342074 0.9999723727840895 -0.00014640473702736773 0.11098411226570239 -0.0024840536391306676 0.00012842939492793012 0.9999977820509796 -0.17460650010746046
0.9999868033863919 0.0031735684514577153 -0.003124441889610245 0.450879773157426 -0.003180861281582216 0.9999775562107033 -0.002250117078542515 0.1487677238073823 0.003117364657970752 0.0022597408647436128 0.9999925476265462 -0.6365679969473265
0.9999127139694829 0.01021012261051181 -0.00841250606569403 0.7440099338976349 -0.010229012083346246 0.9999475782803434 -0.0021956879931882473 0.0989196882536203 0.008389650719768852 0.002281591046237962 0.9999623231760365 -0.4956494301290818
0.999990789168526 9.582691512628753e-05 -0.004607241345911395 0.6481079349740597 -0.00010256023069533551 1.0000088971813526 -0.0014244337869289833 0.12094099353821096 0.004607160476448751 0.0014250188498103101 0.999991281931845 0.47957495085065477
0.999824374716609 -0.018137350011815816 -0.004875192014358073 0.4074577311811537 0.018136419186173213 0.9998378175920274 -0.00024471697173799527 0.18528537129665312 0.004878821722820861 0.0001562974339362993 0.9999883789123382 0.442370587108754
0.9998511171265474 -0.015741193799044508 -0.00784380965477428 0.36693249766277636 0.0157362202546663 0.9998908565017767 -0.0007268648239192924 0.16820148673286783 0.007854250191891041 0.0006035913580645829 0.9999698631378258 0.8890491668292303
0.9998223250573001 -0.015121990916933796 -0.011882086668403426 0.6467941237977551 0.015113773256297005 0.9999019087539954 -0.000806321057758782 0.1598961859201287 0.011892879413500536 0.0006268799658264264 0.9999325217709909 0.6506203391654385
0.9996664955946802 -0.023361039786372714 -0.011531469401208052 0.5546971287894463 0.02334128815604364 0.9997448360764518 -0.0018697211864953508 0.19066928151071433 0.011571978035443502 0.0016003291445665455 0.9999378396821462 0.678505433193404
0.9996732758505229 -0.017133714594422127 -0.019061965664809725 0.5848720395680114 0.017099754202854124 0.9998548327294745 -0.0019455853481459137 0.15512790818109862 0.019092463407240835 0.0016190607036073792 0.9998173681847581 0.5874962272486266
0.9992293342401384 -0.03616202728640932 -0.015378712723519438 0.6378710716643511 0.03614642090679112 0.9993509122302715 -0.0012942191877839872 0.23293968657564013 0.01541544564557436 0.0007374223918238636 0.9998821012136804 0.35764113640881984
0.9994765940603637 -0.02678089830559415 -0.018254831903757134 0.6614104619530399 0.026742467686517463 0.9996462884218885 -0.0023495176740382447 0.19149356690416316 0.018311169839143358 0.0018602184547704557 0.9998321642067899 0.1572793932117048
0.9988605251658134 -0.04153353659422638 -0.023571918371948237 0.6992502849289747 0.04146444031970651 0.9991412441329474 -0.003416057847170594 0.21466865151504985 0.02369336936526262 0.0024348669125751794 0.9997165944254804 0.3167821036868413
0.9992028478078386 -0.037933294873284194 -0.012825668601853942 0.7218524932598108 0.03793199441504988 0.9992956545702605 -0.0003518189769865825 0.1956752697126949 0.012829726872443282 -0.0001347501303676753 0.9999188874715033 -0.0035603113534537845
0.999187256271801 -0.035159050678686965 -0.01973517277672937 0.473045412145953 0.035156629346252986 0.9993844565071814 -0.0004724795609923624 0.1913607518402666 0.01973958335172696 -0.00022169635054345073 0.9998054781066621 0.41338856427060994
0.9991140981004565 -0.041077376658130174 -0.009853118685527833 0.635710206914547 0.04108533636892837 0.9991776132329836 0.0005713803159789991 0.21324635083082652 0.009821336437060941 -0.0009752248958749333 0.9999569063776346 1.4459617577838153
0.9994033167036324 -0.03473174623446722 -0.0007432539715296982 0.6066827236757715 0.03473343565616835 0.9994074256059878 0.0021247915077749705 0.19970422650441333 0.0006690043981101902 -0.0021491037155406054 1.0000011341649095 0.6847051074169827
0.9992702390111174 -0.035119150425315826 -0.015271742262497523 0.3501302703828481 0.03510921870405864 0.9993961318297057 -0.0009283426438435473 0.18024090549133331 0.015294907067808304 0.0003917729599448861 0.9998886487471061 1.2991989031985265
0.9997645637366555 -0.021378343581126315 0.004290613933823947 0.3349344122650287 0.021389111467754348 0.9997758539898189 -0.002491351066405092 0.1489376846616899 -0.0042363653059822 0.0025825985415848483 0.9999884052781076 0.4123621868860762
0.9999221293669663 -0.011840960563263813 -0.004074824110410827 0.25785860051630544 0.011834128951673881 0.9999295549536512 -0.0016990944191208814 0.12374433750211164 0.004094649281248575 0.0016507607742649913 0.9999904948948423 0.1843599085097839
0.9999187334234271 -0.00875187883836322 -0.009187013307244845 -0.09280463957674272 0.0087227075166625 0.9999613385285709 -0.003216289573417819 0.12559377910216843 0.009214801639544802 0.0031360186080639867 0.999955465437059 0.17232768272786203
0.9999396496658642 -0.01099682472752467 -0.0012557109108312576 -0.15278433493534904 0.01099205775445491 0.9999345035389376 -0.0037472798465139597 0.12665147634222063 0.0012968405947853404 0.0037332664863496414 0.9999922360015864 0.7649213116952052
0.9999571988781804 -0.00720698865288632 0.005739587188711424 -0.2504498848913866 0.007210681285621384 0.9999833488164676 -0.0005635341028036254 0.15235786439007637 -0.005735153118278599 0.0006050470823179677 0.9999864865058286 0.15732202005699558
0.9999594287432289 -0.0024091055571518367 0.008736095602992253 -0.3521793528799923 0.0024207133720741043 0.9999991576244345 -0.0013079688423912157 0.1398671061439439 -0.008732944173211061 0.0013291104176651383 0.99996000159251 0.19225329603741648
0.9999585885503373 0.0003950950008667768 0.009065307972891833 -0.4574410177800208 -0.00039121971622332733 0.9999995327118261 -0.0004357819862205727 0.10147537988273432 -0.009065475648459153 0.00043221507846074187 0.9999583206240175 0.46798748412127
0.9998254818220496 -0.001491247310217052 0.018655663620878712 -0.3289223947788455 0.0015089863917954539 1.000004471040737 -0.0009265629752088395 0.13691951665654398 -0.018654258219893513 0.0009546421610110355 0.9998267616272393 0.6992793252821973
0.9998412060325945 -0.003873870159429339 0.017389345033905754 -0.3472316923759016 0.0039098813523429496 0.9999899367981874 -0.0020385332986288195 0.09523313497587486 -0.01738129031606224 0.002106197433991051 0.9998462849839322 0.6092920869587964
0.9999125812338071 0.0008732988261010175 0.013383170219340134 0.13035274632840416 -0.0008497326307645693 1.0000003685551921 -0.001763853155514316 0.13958870220227818 -0.013384662578488065 0.001752372974870446 0.9999092559644964 0.36562472673893304
0.9998000494727484 -0.003171464522418828 0.02007321404599362 -0.41817116720705777 0.0031897630273540556 1.000014342707591 -0.0008574313213407364 0.10831629049503641 -0.020070375844151514 0.0009216696761583327 0.9998046077185824 0.8033120909843678
0.9996526799515527 -0.004588108829367551 0.02615367426299103 -0.24230063777535357 0.004657046453266818 1.0000016023870801 -0.0025589686160450965 0.12524475556921472 -0.026141328982931655 0.002680241006659874 0.9996540362352755 0.9022596580637064
0.999754464819523 -0.005759592866644615 0.021395042468081514 -0.36439201524073195 0.0058071893878958725 0.9999926189702235 -0.0021367166924247745 0.12097409175166118 -0.021382552206954925 0.0022606523570476407 0.9997751679020292 0.8759713647032796
0.9996353460510269 -0.0007406682859070327 0.02728737062368349 -0.32810476771227604 0.0008958272534799126 1.0000036842884665 -0.005650389852739185 0.10248806412371475 -0.02728239955863429 0.005673145356621139 0.999613017300557 1.0233802036811102
0.9992493975150534 0.0006673280397255354 0.0387075147531139 -0.33302095153231337 -0.0005409816626339312 0.9999924586032655 -0.003276361362292952 0.1430614144799148 -0.038709436580428316 0.0032529389133980264 0.9992443483307668 0.4439155946313697
0.9993976940596583 0.001665648145049243 0.03466338092251082 0.05316652236280323 -0.0016459368501189828 1.0000014626507987 -0.0005939366481812106 0.12297985727368588 -0.03466426788661847 0.0005365690369212638 0.9993993178924819 0.5993893553762345
0.9993636832763029 0.0007720943077420845 0.035763313456209735 0.058211520544134844 -0.0007658321427476386 1.0000050752885536 -0.00018595296407045175 0.11202027550510832 -0.03576264923046261 0.00015855476902063646 0.9993599755604626 1.0344878719287254
0.9996991879584307 -0.008100666279957156 0.02347227511049602 0.2910436634325526 0.00808984853796492 0.9999911854101483 0.0005897393998942433 0.12682187847122145 -0.023476610698469017 -0.0003991850998811348 0.999724133613992 0.986190239178864
0.9996187227050478 -0.0023204970940197806 0.027814431408274012 0.6845085600998372 0.002345848281094765 1.0000251489095986 -0.0008477855681967052 0.12701729971234374 -0.027811593882424948 0.0009133642135423248 0.9996128804342655 0.463804321279688
0.9998183087957144 -0.0012749298880567036 0.01895117558180773 0.7100125437833718 0.0012994532477808712 1.0000006471409992 -0.001283240379063461 0.105600479279798 -0.018949721666255703 0.001307590718584443 0.999817435786647 -0.3546273996216473
0.9996997607399003 -0.0041960360483799695 0.023952664907609986 0.3484200045996871 0.0042099831753727125 0.999989239880662 -0.0005365779931303322 0.13839582908929224 -0.02395027276881812 0.000637157495543144 0.9997130449111952 -0.1550216206007639
0.9999773028213504 0.0013187701808811865 -0.006467345843918412 0.6430826631516574 -0.0013092278629430589 0.9999970717943428 0.0014811040265567744 0.08649704603081011 0.006469218327391748 -0.001472613527903862 0.9999783226967498 0.05462729963790342
0.999983476226822 -0.003796814107438507 -0.0047934659089448415 0.6172489427518335 0.003802118318079766 0.9999947329050257 0.0010839326623702258 0.08652021763352856 0.004789397305278205 -0.0011020492264873674 0.9999883752111467 0.2737600843876324
0.999972286888817 -0.007686229732707231 -0.0013451283206397941 0.47611035505818994 0.007689839285976613 1.0000001388958306 0.0022966619967306227 0.11742290644582005 0.0013270926536646623 -0.0023061578541975123 1.0000013941973556 0.36286374505091756
0.9999632538551418 -0.008415624002067332 -0.0014830543045685329 0.7070482983293355 0.008420478978342487 0.9999568832212029 0.0032889950765051823 0.10396132801320321 0.0014552941168040135 -0.0033014331182756322 0.9999925886807892 0.3632003459342657
0.9999621603037734 -0.0022246717931409315 0.008333873035070037 0.7014213024637582 0.00221042760701897 0.9999971498976264 0.0017211222319422413 0.11760094932628205 -0.008338124096447928 -0.0017025948024517073 0.9999670782558807 -0.22584291734641418
0.9999129002392155 -0.0092492136689892 -0.009234901685963288 0.4834312204605794 0.009263835912263811 0.9999497019502915 0.0015401347777700728 0.10827576949704287 0.009220106443532486 -0.0016257440520199937 0.9999565508612007 0.6992609165366782
0.9999651544133403 -0.003931314119573948 0.007445382180167314 0.7410375843404792 0.003936851500534122 0.9999913054429618 -0.0007325039125404488 0.09413387215283193 -0.007442359809978501 0.000761753517517825 0.9999715982713329 0.3686483234787359
0.999729028400261 -0.002358325569628939 0.02312413112795394 0.5037370178248658 0.002384795419859662 0.9999887289822904 -0.0011302969601214804 0.11213667491320133 -0.023121008421512722 0.0011849899360574147 0.9997295863900098 0.13081003125517823
0.9998460589072925 -0.0038639617490873624 0.01742750710073063 0.46293125567422294 0.003870422995073549 1.000015237853688 -0.00029602590069830094 0.11868874136618408 -0.017426302995403115 0.0003639087001351355 0.9998500611830049 0.45564305543727807
0.9998606889051661 -0.0016154320944343232 0.01666183465759847 0.6807547238947214 0.0016078773116292705 1.000004978089983 0.000478789338068737 0.11756291124274278 -0.01666260329746149 -0.0004517985145600258 0.999861351933916 0.24837695655904687
0.9997351479997434 0.0019047321295458035 0.022982970920207898 0.4621556638986354 -0.0018925369283910682 1.0000030233899058 -0.0005448475999348775 0.10353480404163683 -0.022983968857086173 0.0005013012923716939 0.9997367314488459 0.6198182189919865
0.9998604526963576 0.0005479015181886136 0.01656482165930112 0.5185387842438651 -0.0005409512991915883 1.0000073993688474 -0.00041137389710915246 0.09928511276751552 -0.016564865112423673 0.0004024389083578492 0.9998577787009361 0.7977761294299618
0.9999290813219643 -0.002523350873501044 0.012119910124272873 0.5147074402734596 0.0025184940360510402 1.000010611550055 0.00048115394406579836 0.12710295934984286 -0.012121403338879124 -0.0004503257878298814 0.9999293046032698 0.1713908209529412
0.9997977818661014 -0.0007205950544610322 0.020064063783431896 0.31221674942003835 0.0007384894607670634 0.9999933671452126 -0.0009086483121138811 0.12988906669628691 -0.02006331270099239 0.000923033462967045 0.9997912645034446 0.5268613892742295
0.9999437426102663 -0.002254204701539235 0.010545216742599473 0.2801305920169658 0.0022692161393551803 1.000000386287267 -0.001386798191230033 0.10845357264117261 -0.010542050837394219 0.0014107180957741937 0.9999428202791525 0.33140405800592665
0.9999825666806774 -0.0011749033391174756 0.005687886065378927 0.5652962410540682 0.0011881228321465097 0.9999999761013749 -0.0022966501376504005 0.1602043447384594 -0.0056854222548266605 0.0023034070038247985 0.999983089586604 -0.2413302220599609
0.9999658342167769 -0.0037456549608391107 0.006925612181008202 0.08938582060424391 0.003757821758800384 0.9999825693559277 -0.0018218082507375011 0.13238947248169192 -0.006918432528728436 0.0018475447460551866 0.999970004567341 0.0018195138998721768
0.9999220278126881 -0.001680894936558873 0.012423783704822318 0.534184450974136 0.001706249479888923 0.9999989124440345 -0.0020225199501434817 0.14630574562657775 -0.012420348481158333 0.002043596320921617 0.9999213145086664 -0.10288021974618103
0.9998107445527927 -0.0040970522140388555 0.019014511820667438 0.16528349287754762 0.004124485189809156 0.9999948051128176 -0.001392722760994765 0.14659370919620437 -0.019008770300100186 0.0014709421726425305 0.9998199330982359 -0.04678532934974631
0.9994648955841252 -0.0018134206011353334 0.03266384654436042 0.47802138374280156 0.0018259354656829693 1.0000011280132672 -0.00035051276423635913 0.1670595405688209 -0.03266321669043604 0.00040998026518223083 0.9994661512026122 0.09645180441616003
0.9994001691825776 -0.00023147202346012605 0.0346200013630922 0.31421362809017117 0.00021919223198047636 1.0000021922065094 0.0003591979788546586 0.15819156935507087 -0.03462025441289252 -0.0003513667248315233 0.9994011447983082 -0.28795620047983334
0.9996162911092017 -0.0003120306529324304 0.027724541499899658 0.36161239133758105 0.0003226828621577456 1.0000184971553372 -0.00037177824479602754 0.16122120155581846 -0.027724603150421526 0.00038089249096693895 0.9996171632873289 0.5045666729518488
0.9992746075211757 -0.0010757279641520324 0.03810025893339507 0.38360060206149016 0.001037359582947267 1.0000044830000323 0.001027671103189517 0.15445573723588063 -0.03810123404038652 -0.0009873078208208026 0.9992736882575382 0.24190380049538016
0.999131017751083 -0.0007836566844146478 0.04164224067927525 0.6510747131073341 0.0007576586092757048 0.9999959635315032 0.0006390228805023713 0.15197130918304955 -0.0416431161286558 -0.0006070238225081893 0.9991330182517528 0.1925591302816508
0.9989834131159444 -0.00042531317129221693 0.04514885574014424 0.6592883822274526 0.0004323017908459743 1.000013139186643 -0.00014773086821383435 0.14420058439879466 -0.04514858212828128 0.00016733912122935286 0.9989802934690262 0.46690617288693315
0.9979665892808165 -0.0014748736705199608 0.06377184363057162 0.8556850781920473 0.0015170037067628894 0.9999979302541009 -0.0006103807497005012 0.15372154459423415 -0.06377026920828507 0.0007058816717959346 0.9979646419946606 0.1834644307340956
0.9983222095020158 0.0006672120058281448 0.05792716691461914 0.9351251675814337 -0.0005692790823375636 0.9999984923456 -0.0017079907225501685 0.14192185353090808 -0.057927949124541696 0.0016722778386722762 0.9983224892485958 0.2719520681542177
0.9973522346616748 -0.0005079315748299785 0.07271330096270202 1.0475970495412201 0.0006502562864515271 0.9999899891040654 -0.0019318607411791479 0.15778809645174283 -0.07271185632499569 0.001973931342444257 0.9973493691522303 -0.22250409044260025
0.9980395428065177 -0.0010989577316875682 0.06257009041871908 1.1814574818408639 0.0012275452891812887 0.9999993218669658 -0.0020184052023344205 0.1741773956323377 -0.06256810560377576 0.0020912964005611163 0.9980397529907858 -0.5810683413816041
0.9961014776848346 0.0022053294233409584 0.08824407455005356 1.5809069958356827 -0.0019364802901567439 1.0000030973788265 -0.003133535439647472 0.13740299707640247 -0.08824928855250934 0.0029505780668635934 0.9960945389133011 -0.5570971584509519
0.9951881419754168 0.0006232219567866011 0.09801007258217982 1.6664566018359308 -0.0005836108164620455 1.0000070111275994 -0.0004342046930489665 0.15967922231766424 -0.0980094141215259 0.0003750764948781238 0.9951881048012514 -1.0027340362224788
0.9942541463417529 -9.356675290321427e-05 0.10705401984005875 1.527632219137484 0.0001684279428866699 1.000005916570085 -0.0006913570648287231 0.15316283998679356 -0.107054072281686 0.0007054776518482001 0.9942535262591077 -0.7019863808572376
0.9920551241508534 -0.0014352553384621358 0.12579918462096612 1.8317375366625879 0.0014781438179897698 1.0000003191437032 -0.0002476864453121857 0.1631273117451313 -0.12579818445905927 0.0004316875389404589 0.9920555095087313 -0.8258145390905048
0.9908140696131841 -0.000990919368580421 0.13525149073793793 1.9447360068588049 0.001038304259507171 1.0000171909598508 -0.00028104335629553623 0.1624140344249045 -0.13525169029499584 0.00041904212450060097 0.9908136732416583 -1.1552473656288786
0.9891322419381272 -0.004473692378569726 0.146969362930783 2.0635127696696536 0.0042234204031870734 0.999996147607672 0.002014611341149674 0.17274758668883433 -0.14697670586564385 -0.0013719422569098373 0.9891396364651652 -1.1474764976452787
0.9887511807818056 -0.003136316090350116 0.14955614062871003 2.184998225877065 0.0029381819199268498 1.0000029487577116 0.0015456732318769803 0.17097507908730883 -0.1495588928937696 -0.0010887681868947967 0.9887520739683175 -1.2964740819781622
0.9880350379819398 -0.0027712141109213374 0.15425659008226783 1.9666317660852364 0.002746864983902146 1.000019817050335 0.00037101865610286597 0.16371835873472246 -0.15425450863954052 5.738604013902685e-05 0.9880337298522726 -1.1224499392752874
0.987962511877381 -0.0022313460908228206 0.1546858362229357 1.7160600867607243 0.002093199697196937 1.0000067259723189 0.0010560783157127823 0.19324769678860199 -0.15469066271433554 -0.0007195132475282057 0.9879650597529168 -0.8314176653020744
0.9892550643296019 -0.004529459769686479 0.14612553541207357 1.6864948536616862 0.004247586879845771 0.9999991397422529 0.002241164784865869 0.18220837235903647 -0.14613767552328952 -0.0015962901538539736 0.9892663581773644 -0.7041181807030882
0.992817896165155 -0.002592785510191961 0.11961155255075807 1.2848853239660414 0.0024045268878348453 1.000000426351984 0.001718466922601822 0.1660468351420364 -0.1196163009084697 -0.0014184518692713997 0.9928207343596913 -0.7649216497756879
0.9936427952896759 -0.0021122789145970656 0.11259615225587347 1.359673249860915 0.00216595288980076 1.0000108560653793 -0.00035348627099061176 0.15323142015699748 -0.11259386249107298 0.0005953009404630348 0.9936424400049134 -0.17280837753721592
0.9953952378403021 -0.0016524231797591005 0.09584948964098944 1.1410797600240905 0.0017701512658032342 1.0000037043999914 -0.0011426519198473185 0.16363510949611704 -0.09584776969957282 0.001307146766854469 0.9953955155248188 -0.24380159530024728
0.9976062123352202 0.00022720178544703175 0.06928014157869034 0.9823873548466503 -8.015327894592302e-05 1.0000219916012867 -0.0021219710630985536 0.1452524917546431 -0.06927696540847923 0.0021116998985735245 0.9975992087523734 -0.14512443833993696
0.9974598040133785 0.0010950756954144706 0.07127794545235162 0.5353045506722448 -0.0009751100186107139 1.000021675948263 -0.0017148054632587723 0.1723508065933056 -0.07128028764746228 0.0016412363866516817 0.9974582911765698 -0.26695885266921043
0.9974650230143556 0.002786046642377505 0.07112061816654607 0.5853448597947182 -0.0026989978773868687 1.0000030916483293 -0.001318989711055569 0.14769000233981788 -0.07112428890630072 0.001123752234457856 0.9974673546881859 0.16419576890535623
0.9980061897422653 0.0018648692659349593 0.06315456320879283 0.18617252254836367 -0.0018691143104139654 1.000012293880034 9.584222846296454e-06 0.21007526868934456 -0.06315006845395761 -0.0001274720314971349 0.9980042906562908 0.16435349895542706
0.9982632435506794 0.00021850283536200508 0.0589431537263262 0.5621378929134504 -0.0002565125279298096 1.0000066659360192 0.0006378920659947051 0.13196980955492016 -0.05894581828970782 -0.0006518372297767974 0.9982615185757123 0.4225814323940551
0.9982958506217465 -0.0011157956497556427 0.05838719567437273 0.9256040122656035 0.0010370615230948625 1.000006723426181 0.0013799639341755413 0.13952650003775513 -0.058390311342712393 -0.0013169632998660306 0.9982945479715981 0.6957042644474213
0.9980528977443759 0.0013147910024191 0.06237542204198967 0.6805869876228593 -0.0013318464734493605 1.0000048115902922 0.0002323018135942714 0.16714894423245172 -0.06237339502680758 -0.0003148579634681853 0.9980531408710315 0.9291254961562962
0.9983928672363129 -3.135813311960733e-05 0.05667506751137884 0.7631306754524576 1.3161331758108354e-06 1.0000054140206691 0.0005307930837464066 0.12840334262966563 -0.05667454611006955 -0.0005298153444691909 0.9983935559886621 0.9902134478915077
0.9984398580624051 0.0010674869091843293 0.05587313005171517 0.6335331630910518 -0.0010751359940407933 1.0000050105107507 0.00010731690054574237 0.14464607690964282 -0.05587276586055644 -0.00016713579674010134 0.9984379936628274 1.3188225822742055
0.9990038930991357 -0.00017923842197355828 0.04479686604332819 1.0218998286390546 0.00017183849570349675 1.0000219899431801 0.00017126708273037576 0.12295261530114544 -0.04480132418070885 -0.00016300454000462304 0.9989971242717101 2.043894184249239
0.9992404604982109 0.00179923394540312 0.03897490413584479 0.2966659663093459 -0.0017244711810318729 1.0000051293978782 -0.0019515111737674594 0.1457561454105261 -0.03897780533976841 0.0018829243331924717 0.9992396165430307 1.6919636068692456
0.9997744068516314 0.0035513046280731837 0.021089163450986298 0.20748399315292324 -0.0034931864099103085 1.0000054474443187 -0.002793253069696039 0.13226639377687804 -0.02109954885408383 0.002719166324135842 0.9997788121686305 1.5132652346160766
0.9999948184955474 0.0011991290617778378 -0.0037436885808176923 0.23567486830093065 -0.0012168278563366446 0.999993381869979 -0.004720412819500015 0.12670537679710905 0.0037379916502707743 0.004725006824887382 0.999982351894858 1.4971163389275288
0.9996616044634695 -0.0013471455461985368 -0.025993196336923808 0.1121364211423037 0.0012832726816257589 0.9999970418080195 -0.0024732084703388817 0.1344887913861596 0.025996802687906728 0.0024390102600375806 0.9996595203355695 1.2897609333776963
0.9993195504446184 -0.00448078993804816 -0.036814782908248585 0.7405088529097859 0.004409694433893581 1.0000114042198427 -0.0020079642281138157 0.12969401231596772 0.0368225874040809 0.0018445926264398739 0.9993208457544336 1.8600964113645906
0.999241993456629 -0.004607217796008708 -0.038706711204945496 0.5272884538033223 0.004541511524192566 0.9999959743175102 -0.001785232599348057 0.1336255936399177 0.03871437183533083 0.0016081931981921514 0.9992496502198658 2.085898937955262
0.9994335645554726 -0.0036736603073205545 -0.033504966722445774 0.5244170484072204 0.003602186087443569 1.0000037393484646 -0.0021964936698727388 0.1267578708728481 0.03351263632696256 0.002074625730850713 0.9994346764125354 1.9452477433068929
0.9995490613484861 -0.0004375139094634903 -0.03019259964399441 0.34010100316159564 0.0004225535089107359 1.0000230031297719 -0.0005062289279534138 0.1157061002053616 0.03019348633040577 0.0004935215467769274 0.9995475520792505 2.014340576097691
0.999662752586606 0.0028108686662023266 -0.026104423231934522 0.10519369881090664 -0.0027898063310773003 1.0000222705530732 0.0008441826603106652 0.136469540720157 0.026106845911605375 -0.000770651454248711 0.999663761689162 2.2138219270361876
0.9999867879278658 0.003741765307137744 -0.004146657401339949 0.13738785608754556 -0.003737113511568077 1.0000071422401275 0.001140594360150244 0.11097712093443099 0.004151446554945167 -0.0011249547364865684 0.9999938281128201 2.1214383557775647
0.9998839849550779 -0.004576212055840867 -0.014569303178720553 0.17871494470902685 0.0045758797434418555 0.999999220151778 -5.303168387141499e-05 0.08205087271914499 0.014569285138216015 -1.3475560250369511e-05 0.999893631990857 1.837337833050482
0.9997472765910657 -0.010870029047513635 -0.019839997803996492 0.27417671107311536 0.010830231006114428 0.999949238173844 -0.002111161306499844 0.10974149743794834 0.019861482520549457 0.0018959630020842929 0.999799410662386 1.434303617113224
0.9999824569634274 -0.003261713328624621 -0.0053284114152287515 0.3141059485834603 0.0032528106444060702 0.9999996150888899 -0.0016834292956374576 0.11306876073704535 0.005333754395606382 0.0016662177228886337 0.9999842461879322 0.3547977829507622
0.9998929725847123 -0.004513020143585947 -0.013950531523056045 -0.059956850053780236 0.004459496119451098 0.9999863612261802 -0.0038701321500537204 0.13806312112553334 0.013967713954911363 0.0038075568720528866 0.9998951020163206 -0.036297091152042334
0.9999799651197381 -0.006102061753621559 -0.0019070930212356065 -0.2035274757230742 0.006096862792097573 0.9999873719076853 -0.0028676365198133905 0.136893585057026 0.0019249140722547623 0.00285611147685598 1.000000020286533 0.3102498228133649
0.9999775001893182 -0.004809751009073824 -0.005518574717828144 -0.16281897376262883 0.004808921787137654 1.000006654960766 -0.00023518878622174374 0.14644154125337433 0.00551989610772986 0.00020887614475877093 0.9999891823936685 0.21601344688740862
0.9997532837156391 -0.003112347886081941 -0.022018845039659177 0.481171234196489 0.003147088885718396 0.9999973266239673 0.001539259824767597 0.09243498725336036 0.022013909649607966 -0.001608126795782182 0.9997568402314078 0.9278167853898658
0.9992818743321839 0.004416812977932545 -0.03768179043732617 1.001842164000735 -0.004410403050819729 0.9999972589368034 0.00025198111198580596 0.08291762518299947 0.037682514738738085 -8.549742915000797e-05 0.99929088441246 1.0779527552005645
0.9991533255385362 0.006838318174345781 -0.04057118746558684 1.49634682258373 -0.006901421761925849 0.9999768067946807 -0.0014149486800788295 0.07833996477587912 0.04056069630150372 0.0016937873095748419 0.9991764053387882 1.3929872761176711
0.9992598001385915 0.011958887781971806 -0.03667902414430548 1.348303530613396 -0.011972372606564665 0.9999434035027781 -0.00014153218319070413 0.09084066256551022 0.03667436878066107 0.000580791035237691 0.9993276373269275 0.5755567933387623
0.9992027732573008 0.00438033494869877 -0.03978153859000069 1.2591567640585264 -0.004466060744475626 1.0000047943060324 -0.002058450818177425 0.12269428672552424 0.03977226439396672 0.0022347389681904558 0.9992069810203863 0.7810110364915097
