1.0 0.0 0.0 0.0 0.0 1.0 0.0 0.0 0.0 0.0 1.0 0.0
0.9996169005482064 -0.0057749837358664945 0.027117371729319346 2.447307403290735 0.005739540725347363 0.9999913282328537 0.0013887826603069834 0.14911119729175193 -0.027124053838465667 -0.0012324939871031664 0.9996322015672477 -0.4069597102191838
0.9991253774264358 -0.01005261591492264 0.04078444480447545 5.344165620785683 0.009948647137441279 0.9999861477213329 0.002766147575539265 0.3109500590602684 -0.040807896965373305 -0.002357427771199349 0.9991689971832672 -0.3971930643973703
0.9981624176860453 -0.014672428349646107 0.0589959166999471 8.334415644762577 0.014488122022207601 0.999937680827355 0.0035608087809630936 0.4474802368274031 -0.05903858410864915 -0.0026988712550438786 0.9982565720439242 -0.26124153670920297
0.9960047610317763 -0.02010161621103042 0.08715570267400669 11.30491442850314 0.019801948489548082 0.9998543796713885 0.004310088257558935 0.6275326024480138 -0.08722277299287431 -0.0025662414006168634 0.9961922305029183 -0.8322680925191103
0.9941591486663884 -0.023662310865701808 0.10548828990124266 14.466677847729137 0.02323744504366096 0.9998099132758108 0.005269678836278572 0.7763512076351768 -0.10558111120003068 -0.002786452156175741 0.9944167891209982 -1.301522324624679
0.9933251062883723 -0.02542231595413122 0.11276722284514744 17.24092603810207 0.02479474476606918 0.9997919575192019 0.006984462043539906 0.91760533873852 -0.1129040040310056 -0.004140368064420832 0.9936092685343544 -1.2980601160924001
0.9906597219898455 -0.0292490895769914 0.13339176312257756 19.542117979486477 0.028262330671532946 0.9996791298880343 0.009299627848340966 1.1026773441472817 -0.13360190840547836 -0.0054415847017539026 0.9910302638027528 -1.4241559147710776
0.9887314466918548 -0.030653384402587122 0.14675512902686752 22.076502298252603 0.029195283918294436 0.9996361186940876 0.012095066133855789 1.2467635315324956 -0.14705079131141727 -0.0076729537570964365 0.9891118710150487 -1.711988765222728
0.9875937353278637 -0.03316181859710248 0.1537182515414967 23.795074212784268 0.031523318764317215 0.9995576436496835 0.013099103388063 1.4491362778099155 -0.15406092495511942 -0.008089593818248992 0.9880408740316261 -1.475291542931531
0.9889175510855722 -0.034173038933428566 0.1447238812340769 25.5790682007846 0.032573167759688985 0.9995240027704728 0.013426722038626835 1.597223555632875 -0.14509190800370925 -0.008562376088662784 0.9893949238375108 -0.8756582690283163
0.9911921582331552 -0.03330524672508063 0.12849727763937682 27.007524642397133 0.031715229963449984 0.9995583049985135 0.014427718513637758 1.7140339951681751 -0.12889867285689952 -0.010223538380806682 0.9916224133865885 -0.41104343619851513
0.9936683863786853 -0.0318832782031259 0.10810396528903604 28.31749968007338 0.03017235477567468 0.9995596211434208 0.017461189439443907 1.8033978944963225 -0.10859329581164028 -0.014087351367806606 0.9940032446151819 0.7421924142561774
0.993839158231825 -0.031012839544729776 0.10684656627999312 29.602593731751444 0.028759169430877505 0.9995216111842116 0.022618270833687736 1.8915564350874545 -0.10747438690345136 -0.01940446594871775 0.9940402711341954 1.7642287035576154
0.9939638517673125 -0.0319569921075327 0.10539833980060163 30.916709384252222 0.029239540218561105 0.9994003187818161 0.027282043059399862 2.0972105671925285 -0.10618352636490404 -0.024034229261803767 0.9940791112565899 3.3790619123489805
0.9920827530725619 -0.03240812571229114 0.12173809083013996 32.60369471633957 0.02856814493852244 0.9992498213561828 0.033209329718800584 2.253454376575078 -0.12269540620945554 -0.029467676849738524 0.9920314789959626 3.676047772733859
0.9888646027399391 -0.03300643845357187 0.14546801793791506 33.97419346532845 0.028367887933456206 0.9992455979983333 0.03389596769745032 2.3816281605940843 -0.1464434380598447 -0.029390570453815 0.9888082467461828 3.255755285634194
0.9883119523861641 -0.031335817316440515 0.14954354854506088 35.73451285393278 0.02676802158793982 0.9993448212975009 0.03251408576886385 2.440042754464098 -0.1504285935243668 -0.02812915677728096 0.9882469655015482 3.397770189066843
0.988922328428384 -0.03128881066998403 0.14547432410560437 37.244219706751466 0.02701721368364609 0.9993813709256284 0.03130310055494848 2.5829295808334014 -0.14632805536209068 -0.027023690394999248 0.9888947666098175 3.412002101365612
0.9878937450731355 -0.0336174713105127 0.15183288527491967 38.835008427648525 0.028946391592864336 0.9992943729897625 0.03293008148044151 2.796858026238691 -0.1527925467702443 -0.028133589387249802 0.9878881774920434 4.132667713549325
0.9850103860522763 -0.03567095313953106 0.16910716355960775 40.51882332147428 0.029898075052347924 0.9991391870019133 0.036614605855374585 3.0062524854981256 -0.17022356437541133 -0.03100773572239504 0.9849486057431628 4.859128079710775
0.9809125039597392 -0.03667482938611141 0.19125368725270375 42.534513111363516 0.02969166898338577 0.999053772991557 0.03930335626845667 3.1452267991204783 -0.19246315540743103 -0.03287284822932899 0.9807877270081351 5.5812352960150555
0.9784976114908245 -0.03661140378361035 0.20326105106718934 44.72588347848626 0.02898887230193668 0.9990336506054911 0.04040330075251781 3.2463781864781907 -0.20448992300595437 -0.03364071965059451 0.978325293227653 6.15500832108224
0.9732276135012297 -0.039627896513484424 0.22665715897999905 46.876214111239136 0.0314854986311942 0.9990020695020778 0.03947307611983356 3.457686465805708 -0.22793191006839789 -0.03127815670803602 0.973211083318833 6.037446130966849
0.9730121771477521 -0.038803462842196934 0.2277100847696538 49.71297572526487 0.03102812325136742 0.9990887561015218 0.037674606396434475 3.510501833001177 -0.22890045446951973 -0.029590426294186144 0.9730359433219798 6.998068321324537
0.9761433953570292 -0.03738149417873082 0.2141519440501085 52.406049249158976 0.030334897935013188 0.9991726439452354 0.03615000188310702 3.578207141252752 -0.21526420149216044 -0.028788541021628186 0.9761675178373784 9.016962275310183
0.98102043305341 -0.036115337278059524 0.19081045064041088 55.15046844495977 0.030008543157284583 0.999233447373369 0.03485889597458051 3.6298246378874954 -0.19186573941718832 -0.028467905448073462 0.9810442259567231 11.090042412989979
0.9858172426578526 -0.034148058112342575 0.16465991158371746 58.12484087921401 0.029214551954195995 0.9993431885886963 0.03236345539417203 3.593760801604082 -0.1656068675011978 -0.02708962851567032 0.9858562328787389 13.759246485800453
0.9883936861171347 -0.03168017429966738 0.14897177457160782 60.60931334212686 0.027563661354855214 0.9994853400914293 0.029702628433557306 3.548749325518945 -0.14978782465633741 -0.02524624118586988 0.9884348107352046 15.717755652708322
0.9917352758217053 -0.027345541040115273 0.12584784242307037 63.41688986162654 0.023963055469857494 0.9996302227534368 0.02842467785006688 3.408718634232655 -0.1265348090554527 -0.0251676211743128 0.9916842224471302 18.710251440056584
0.9944867169349768 -0.02684587900733755 0.10202402678883958 65.63962861124563 0.024054358302525867 0.9996305683064127 0.028630456355739943 3.525267232377235 -0.10271683352870149 -0.026011382516460933 0.9944125384227737 21.78040961182235
0.9962468909493529 -0.02615313396568616 0.0833104037651165 68.27089931715454 0.023910827509030598 0.9996560249453209 0.027967502635805868 3.6026010719740666 -0.08397940568284125 -0.025862971953920025 0.9961750448709271 24.43929506316259
0.9963863688626446 -0.02619576456492598 0.08171561400093627 70.61905403054311 0.024139931893680525 0.999731284731316 0.026224590323844083 3.6900639474125714 -0.08234312930473092 -0.024148075088370705 0.9963565639520445 25.058163054835575
0.9967484948940678 -0.02449710410583523 0.07785548366345502 72.80908597110772 0.02258126566497911 0.9998154278146665 0.025593913674233904 3.724070868046522 -0.07842991592444515 -0.02374212692845826 0.9966834423545265 26.433908666027982
0.997265729520234 -0.025160460662707655 0.07075716317922719 74.60736250409293 0.023512092985868146 0.9998582290010076 0.024256718007670375 3.8791030513730194 -0.07131929267465163 -0.02251482812633181 0.9972505949372619 27.82772165471877
0.9966160374148363 -0.028390925184582805 0.07833903100225928 76.76166508096412 0.026610169227548632 0.9998020583457993 0.023874778344064724 4.252518020362198 -0.07895913447438295 -0.0216970637974883 0.9966968289773183 28.220760451569014
0.9964145397438563 -0.03344922326976642 0.07890941550938978 78.53507426344358 0.03171040262886197 0.9996697780704844 0.02335702085235324 4.750103643273507 -0.07962187383040727 -0.020758343111147656 0.9966644270420777 29.220848044701203
0.9964530710080414 -0.04193783934960347 0.07423273735029981 79.9910221817056 0.04037152285179773 0.9993835185261969 0.022620902682736723 5.56983542937488 -0.07509375025708882 -0.019530405704885765 0.9970412753838831 30.38493872769369
0.9966415419927733 -0.04574332204359854 0.06939951823587392 81.33986704486239 0.04421080591490029 0.999225473781672 0.02360808504245304 6.046095187173907 -0.07038367530471695 -0.02044662281887153 0.9973730840673773 31.404776768114854
0.9965132408495355 -0.049531728028991154 0.06866219630622307 82.32034897609648 0.048078868462149885 0.9990762254185316 0.022788510995963907 6.464594501628283 -0.06968491306548762 -0.01939323017755928 0.9974438584486169 32.18956820917643
0.9967804928920082 -0.0626313521430367 0.052110689957544504 83.06489637494575 0.061536464334130646 0.9983518416512787 0.022436903127475778 7.734043289921124 -0.05339445806363583 -0.019142581212180043 0.9984533023367542 33.11688662256658
0.9964670595900799 -0.07364048898888566 0.04289337226137623 83.83084707141253 0.07278967893304618 0.9976280845807193 0.02107272842342529 8.796205084894746 -0.04431207078959488 -0.017859831181800925 0.9989172424296706 34.168834552158756
0.995002356245475 -0.0855475983992272 0.05357348329915812 84.93783563629415 0.08453611549363435 0.9967286724067204 0.02082052941851129 9.90685859509495 -0.055141883929458915 -0.01617055194261103 0.9984111057693659 33.67951598670399
0.9936603775071668 -0.1009399211531639 0.051842480275165824 85.92458872113214 0.09994408684806935 0.9953164469777724 0.021315749330517917 11.407018662549481 -0.05371264794259369 -0.01598143042695237 0.9984984201489232 34.118780890551356
0.9926432376178844 -0.10961868339812757 0.05374525564838148 86.4810206624842 0.10851990562372571 0.9943899287862429 0.022756376894073928 12.340074053880832 -0.055898438264347886 -0.016738837437628096 0.9983673510327927 34.49481261647454
0.9918534311125864 -0.1205447230761751 0.044105479709787745 86.90535732981078 0.11964088620008266 0.9931291421299842 0.022253575014898785 13.384263917714604 -0.04644981680318339 -0.016777208762575904 0.9988506288530942 36.22129434811578
0.9920162498538285 -0.11547585713291211 0.05305708510882077 88.67151086983542 0.11449690865216788 0.9937726323061092 0.02091763876502868 12.973439005441303 -0.05510145840760413 -0.014657103206155495 0.9984500385027747 36.30153600544499
0.9931118523726343 -0.10469613419869297 0.054867839667646905 90.07437587583227 0.10379929485625164 0.9949857539222825 0.018817801885434724 12.00427899625548 -0.05652144314856906 -0.012973841096142698 0.9983930908109944 36.79988873335668
0.9920859077579739 -0.11373996572989185 0.05550789147918304 90.67821109931468 0.11292953947071546 0.9940306865708496 0.017342113603634073 12.92762194798417 -0.057106296097224465 -0.010916214230180509 0.9983910943260655 36.66264427763708
0.9918513362613363 -0.11880756194189318 0.04867886730439163 91.12476809114455 0.11806065671960447 0.9934332606550315 0.017696202353901368 13.528430673392574 -0.050422165699539764 -0.01178467413293188 0.9987414690915369 37.67684769601675
0.991290804698865 -0.12616408704757673 0.04098141961618103 91.45834925470878 0.12553181527124685 0.9925250580766724 0.017283205254806786 14.3102200077181 -0.042820182522054405 -0.011967668089106041 0.9990947826144231 39.01787138144271
0.9907371250293965 -0.1300157628631238 0.0424745210828109 92.04719095538 0.12938111515462225 0.9920526442486557 0.017007651077876544 14.791130872582901 -0.04431119740909738 -0.011333362496395829 0.9990379349138911 39.448520249311414
0.9915347166003008 -0.12286059686677368 0.04507699065822018 93.02021405160433 0.12221435591183866 0.992967781557567 0.016553541744356075 14.229812542313384 -0.046755526951637205 -0.01088296250985358 0.998932394392353 39.04707571072091
0.9920555722509824 -0.11967372111413527 0.042007823374503483 93.39302523807625 0.11916288397891718 0.9933607860533135 0.014162071724946471 13.99451600600126 -0.04338803045499621 -0.009022032815122902 0.9991028781073965 38.73235033704396
0.9935506493834563 -0.10944504194220117 0.03374379414475019 93.94593285766993 0.10910415539723162 0.9945526658811309 0.011537912598479647 13.052339537416534 -0.03479151501689429 -0.007759270538920212 0.9994499781057903 39.05070621879528
0.9937122459769757 -0.10931298011642114 0.029139881716621106 94.41451020964357 0.10905278554236875 0.9945837918724315 0.010110904164909123 13.108136398098424 -0.030058288940872018 -0.006846177468640499 0.9996131696504131 39.981364541587524
0.9917063363712313 -0.12729951991285515 0.024078072866734905 94.37272267872171 0.1270648367159307 0.992441617224072 0.010393135156186754 14.993852876232754 -0.025192750068411818 -0.007223965556085972 0.999745301654436 40.885950833197114
0.9897561431986787 -0.14284611961472807 0.016069075849953818 94.16888193444733 0.14267498947607873 0.9903353362369758 0.010044218978345953 16.61576927206263 -0.017326185917876286 -0.007624560943594748 0.9999105608830681 42.52404496099004
0.9876286296804271 -0.15770598570396444 0.004033308244600201 94.0424067078157 0.1576339147044754 0.988085396991528 0.009479849156110253 18.162994692914648 -0.005464526225174761 -0.008702076745252798 1.000040492790272 44.30215110313521
0.9836797730454736 -0.18063574460272497 -0.007721432357352132 93.63056493816684 0.1806564337933019 0.984168482845839 0.007701775953841072 20.46126767676626 0.006216896409223072 -0.008945244165894421 1.0000401741886809 46.0952261351172
0.9801445590661126 -0.1972686745034569 -0.0269136010738107 92.95560247252735 0.19743879522273747 0.9809541906964757 0.005622959802184183 22.1248027282963 0.025289124810268942 -0.01079896330727726 0.9997225835144146 48.49507007686547
0.9718604939289989 -0.23242386434679285 -0.042470643723868357 91.97596637299267 0.23270662822642163 0.9732008850138244 0.0033526195051701486 25.640630558423265 0.040541104216847805 -0.013115297066419323 0.9991939787771483 50.29626106568314
0.9643796527857378 -0.25812598870483466 -0.060778318620531534 90.98440715722433 0.2585190130115313 0.9666718795333549 -0.00013196008550648262 28.164547091782943 0.0587630876971258 -0.01555868245835548 0.9982548276974194 52.17698366155532
0.9511583988470887 -0.29761441452698073 -0.08423436379984572 89.18029815283322 0.29808373274398475 0.9551918440909773 -0.006062081966813673 31.949407199355903 0.08222529662334602 -0.01931643005937923 0.996531552256737 54.703282606287864
0.9380382883080681 -0.3333629982959684 -0.0967184448898302 87.9175079174613 0.33392418548230196 0.9432367466580541 -0.009603588295546486 35.486119968666245 0.09438156276942139 -0.023261887132096263 0.9953708340483159 55.83513885428377
0.9236728097640314 -0.3657962908259754 -0.1159459999196252 85.96952452377818 0.36665231167813084 0.9309472148138345 -0.013468263761896962 38.720139747281046 0.11280565869502407 -0.030046921021446165 0.9932701599050285 57.965254093950506
0.9066819236144069 -0.40341704470987283 -0.1250768509669109 84.3674138727353 0.40436464468580857 0.9151355842732618 -0.017653333029514988 42.46675020530295 0.12151493045054691 -0.0345461175310412 0.9921017462082334 60.21529269839296
0.8920063149753922 -0.4349349128418784 -0.12512647217923384 83.4040563228175 0.43587540069828506 0.9005078350967836 -0.01987921150633611 45.699604806828496 0.12125262090277453 -0.03678276577360407 0.9920571332954274 60.86524282016683
0.8741960510259889 -0.4656808475111265 -0.1394874595912932 81.15887196989897 0.4668172702367997 0.8847279691110979 -0.025181268702632244 48.72399662938753 0.13505303715886582 -0.04307816441900269 0.9900250805894554 63.45122546229887
0.8645899140246179 -0.48467005962446624 -0.13466846996527776 80.7053050121082 0.48507444726011106 0.8746764841417762 -0.03062563728356763 50.439849905545834 0.13255365903656627 -0.038819973590884446 0.9905394882505849 63.644867843021295
0.858238707614679 -0.4948311432500942 -0.13833162047200984 80.10028112389486 0.4950467235187721 0.8689451783321779 -0.03390018401482887 51.40697935232322 0.13689333344026902 -0.03936027688404401 0.9899280973141215 64.24234684521416
0.8525787316734749 -0.5020342295475332 -0.1471181710349267 78.96086405859525 0.5020734609090017 0.864721910348435 -0.03828939506734119 52.02265499587792 0.14634821214235927 -0.04119326657279735 0.988503001247951 65.31113496876469
0.8468222933654156 -0.5114614000658962 -0.1479295046417253 78.14921848550112 0.5108637638269592 0.8593012475752447 -0.04360821605500876 52.769102450675184 0.14932710862985427 -0.038615767789273996 0.9881615931804013 66.37216329324916
0.8439613350318252 -0.5178541218509775 -0.14193724955410045 77.89606622192922 0.5168772720854986 0.8556207153487441 -0.045231025194148955 53.446687776782255 0.14477753181218514 -0.035162018799176395 0.9889702530004136 66.11231845085051
0.8439466729103265 -0.5202015712364145 -0.13318278598862546 77.98953134973277 0.5187304606692507 0.8544124090222366 -0.046868118767605854 53.6886010572458 0.1380884606852739 -0.029501006832088356 0.9901101088149065 65.69270191131938
0.8453684860905856 -0.5201098905761927 -0.1242201349923321 78.14559734467977 0.5183398732310857 0.854628378883853 -0.04724746528474434 53.73091261063804 0.13065613035929358 -0.024414612645795454 0.9912559498389605 65.47414419025102
0.846885457798951 -0.5217490550179551 -0.10563546110279777 78.9443746536096 0.5194967791584628 0.8538699828911639 -0.048353584085453025 53.92532708552538 0.11535860277010418 -0.013892254614021216 0.9933563563231163 64.75562652424803
0.8467445249726662 -0.5252155630710552 -0.08815755490061436 79.5017652878609 0.5225676106635215 0.8518497331480108 -0.05079110962285925 54.19667419643926 0.10171507119740114 -0.0030230286015544444 0.9949379009572168 64.09638698989546
0.8484881314036705 -0.5244661877089262 -0.07487878080616096 80.53031083744249 0.5216688863564423 0.8523016720823178 -0.052471142347283124 54.155671014489535 0.09128818476289724 0.005499837263956169 0.9959385704352309 63.487063836235265
0.8484964686615163 -0.5269539655229579 -0.05470571028704633 81.19867422434992 0.5243045712225547 0.850636257808596 -0.0535646894165061 54.46720085499578 0.07472167845318647 0.016810536749170518 0.9971984559385584 62.71161107938841
0.8477504488330581 -0.530234098268831 -0.02836054568047022 82.31840926263307 0.5280656884013153 0.8481405541250118 -0.056371341834653504 54.81020184129663 0.05392026474363573 0.0328599080641161 0.9981399750993399 61.615518761764065
0.8456544792556486 -0.5342858123007389 -0.006673659034113883 82.93638737497378 0.5328696258130549 0.8449849118316877 -0.05866836316218266 55.277155062564205 0.036974846449908366 0.04610762933297827 0.9983945460365118 60.84136610844764
0.8459603747167909 -0.5334586804254784 0.020615790344349835 84.19729839665408 0.5334202270908288 0.8442488711271292 -0.06431587617095445 55.11036602210248 0.016912101275782045 0.06546010771678518 0.99785742390021 59.892093433291
0.846335986441495 -0.5299610759849371 0.05918197725044145 86.1561295264095 0.5329031451520582 0.8443166247076377 -0.06759588541269675 55.01123449214046 -0.014112144442534863 0.08880681764081164 0.9960961500269473 57.21079213918186
0.8462246877461046 -0.5251571983125436 0.09356180091666227 88.23215254164944 0.531519290735372 0.8451373964885103 -0.06828501208770515 54.95850767706613 -0.04315534555859645 0.10757721984002759 0.9934100431196536 54.818794166496794
0.8445532256935951 -0.5203231883977122 0.12897717827153776 90.23715533797085 0.5308819471477038 0.8455238637642323 -0.06854173883037618 54.99304214715394 -0.0733066868423914 0.12642338102898742 0.9894173916317031 52.67149508170777
0.8382780017046594 -0.524048531189317 0.1527174913512276 91.29189411936605 0.5376663434776842 0.8413816318820955 -0.06691423040720401 55.880446659595954 -0.093325631448464 0.13826640947114668 0.9861438584692133 51.50274005646371
0.8341149327736022 -0.521955345452362 0.1802435686265244 93.24444416957756 0.5397254583328138 0.8400562331000768 -0.06739369969393201 56.17936294476501 -0.1161122654175678 0.1535559966353681 0.9814536689753373 49.45867277558909
0.8310748053796505 -0.5200214569024146 0.19889644300364345 94.80319026090993 0.5409587009171898 0.8391814709107325 -0.06841896619472396 56.34269920982704 -0.13119157328699882 0.16451732105766398 0.9777708018245022 47.40151934190303
0.8254130140916168 -0.5194459334852403 0.22254403130385295 96.02212333777133 0.5445220855962454 0.8368948832595989 -0.06810552961438034 56.85417400859929 -0.1507137195865022 0.17745945847795266 0.9726830077974006 44.99823252112775
0.8270870967822812 -0.5194781632027657 0.2161584872326799 96.44698502689728 0.5432166147101725 0.837835341667181 -0.06695604631448582 56.881436797958344 -0.14617254611056107 0.1728627797559432 0.974201901703072 45.58934823480248
0.8257116107931736 -0.5234792963500642 0.21173933153584865 96.62814107328444 0.5461999953409234 0.8360431828817936 -0.06507786424571585 57.38377604776419 -0.1428082496230734 0.16944944715742563 0.9752996345469789 46.26181513940827
0.8216826045322936 -0.5301187403305038 0.2109217638357797 96.5982805985841 0.5522216785096609 0.8324069954518912 -0.06120969824863975 58.35050955266393 -0.14297227632244625 0.1668269303222139 0.975732071846288 46.62064183287908
0.8172171565019861 -0.5373518981980255 0.2099820674305754 96.74158239022526 0.5586465944751342 0.828455943987079 -0.05622181882487538 59.41869384724031 -0.14359854978707365 0.1633060792079006 0.9762338733114132 46.93143526309799
0.8147466958500241 -0.5378136354059051 0.21823500602014154 97.69827655124791 0.5602042509822976 0.8275468750559017 -0.05407729060517728 59.83074044827656 -0.15135902912518223 0.16637068491329216 0.9745466004298863 45.79623800247947
0.8108920685453582 -0.5469573667540115 0.20971632817540994 97.196887217272 0.5674906401967633 0.8227792670701022 -0.05055194422496417 60.91160002993683 -0.14475115017441442 0.16005937787519575 0.9766043230381393 47.29702815065514
0.8075551009349132 -0.5489812082138138 0.21717894848284858 98.04721973638013 0.570784098557695 0.8205015793182687 -0.0504412491445672 61.353208755825584 -0.1503497015413669 0.16475224043710782 0.9749772932935015 46.987358575273184
0.802513475489478 -0.5469577073405328 0.23978455882026672 99.46623974228622 0.5728734587566131 0.8189969046029609 -0.051024767129520074 61.64536680963189 -0.16830415981291136 0.1783729744413924 0.9696324774945178 44.91121492696185
0.7972432526162238 -0.546929484506751 0.25684308075834683 100.45835423400821 0.5760380771184501 0.8168396236497214 -0.050384513294631166 62.13667643275989 -0.18205529383234928 0.1881757202413767 0.9652899652156204 43.64922850170572
0.7931682621840843 -0.5450374873682806 0.2729721942244661 101.75201264146558 0.5772356478919368 0.816054390970205 -0.0495096214075818 62.436972159727176 -0.19557445341543322 0.19689385214510366 0.9608992189126221 42.189582614517796
0.7895627872925813 -0.5388135624033796 0.2948899132317139 103.27578673859536 0.5758428511453086 0.816981084650232 -0.050549924685668976 62.32513940078832 -0.2134637504726167 0.2097782299423743 0.9543474407193517 40.49092828835923
0.7862321221496343 -0.5348158082799698 0.31062966091549793 104.48478670968353 0.5755078104183067 0.8171923044032428 -0.05110241343077299 62.35236159827191 -0.2262806508816117 0.21900255396780868 0.9493065572943685 39.59727832972715
0.7819816543192296 -0.5341856514939122 0.32224209094494627 105.31466279542697 0.5773851625311922 0.8159594195993488 -0.0498638741639851 62.76232291165693 -0.2360540565599127 0.22510178685125226 0.9454971910162943 38.471288686534514
0.7766712589085552 -0.5301491491815677 0.3411833753593772 106.33224718080518 0.5781733081495415 0.8153549786266088 -0.05048469546289562 62.93461258198802 -0.25116098033021184 0.23652549173301743 0.9387885623301391 36.93509046485842
0.7726756974464467 -0.5294630888250342 0.35117771297637185 106.85401683293881 0.5802842760394467 0.8138242574581518 -0.05101240642283236 63.2331598002557 -0.25851868736252553 0.24325106257632834 0.9350668905008488 36.23220562608763
0.770510024371235 -0.529026439034263 0.35655007936648214 107.54924206070282 0.5817960227883475 0.8126365082379097 -0.05274268444755888 63.437105630875834 -0.26157067244503873 0.2481317388231279 0.9329369822141862 35.52840420029055
0.7664929550985375 -0.5303337562071797 0.3631966131795469 107.64339581671076 0.585157852653119 0.810182307947533 -0.05310154575386943 63.907814295798865 -0.2658186539506907 0.25328571203988504 0.9303447862290074 34.902288740835175
0.7621471276332668 -0.5285074693614161 0.3748159544595925 108.49538324132642 0.5870026679979167 0.8087642697275478 -0.05436342486129169 64.1671264509425 -0.27412202105513533 0.2615083977763976 0.925652034965989 33.59029550378498
0.754385610147563 -0.5267485413651494 0.39256856984938715 109.01594039535081 0.590524859103673 0.8062160383605502 -0.05410639625421817 64.71409245140084 -0.28769669345634874 0.2726972313284718 0.9182805998345281 31.56948398773279
0.7435137844849413 -0.519021344150353 0.42245119892540595 110.34945378001211 0.592003826027203 0.8051595550794097 -0.05371152148394317 65.06921555511911 -0.31194166403659923 0.2900874866526583 0.9049456420231125 28.114802678027196
0.7321313488461698 -0.508853561881323 0.45353945175235894 111.55574920908616 0.592056047452531 0.8051517535474544 -0.053293986563906874 65.26183629300179 -0.33770350297226664 0.3075995109567023 0.8897972150756991 23.966820460374386
0.7223030091205102 -0.5003814868660159 0.47805127380568 112.51866208271676 0.5924287958599267 0.8048880894344591 -0.05347943018950721 65.45135143888196 -0.35764675907136784 0.3218961898929616 0.8768620674427458 21.39423062198886
0.7075153296004778 -0.48862002634012275 0.5111707001441715 113.56536037092026 0.5928131964270935 0.80470342562984 -0.05208263305957808 65.74480913948555 -0.3854925416126088 0.3399328727453631 0.8580636494197468 17.2688750324789
0.6903831761163314 -0.4746704689275742 0.5464990097903932 114.78534209298849 0.5931005200816145 0.8045471951837112 -0.051146807642990205 65.9935940510845 -0.4149813213808306 0.35949734349932094 0.8360645984682016 12.67733820782183
0.6706931563575503 -0.4582992159730358 0.5837125594215336 115.87224057110551 0.5934680723743511 0.804299456531017 -0.05103473971882863 66.18641081240236 -0.44562873482422716 0.3806960925811629 0.8105298436484369 7.9599650815700045
0.6400355052753905 -0.4342758538394784 0.6342898842872366 116.90231484709773 0.594756291251787 0.8033701806596798 -0.050643871787179634 66.51091537694745 -0.4870730857133837 0.40971484436707356 0.77162059370064 0.7847439329809655
0.6111437243885942 -0.4092775915316934 0.6778896834731885 117.73113729568549 0.5952229520513432 0.8029164044615772 -0.05232280421235589 66.58484657712773 -0.5223373617976017 0.4355277110272354 0.7334983890870455 -5.605307032438647
0.5712423528945599 -0.37693308957533744 0.7294564561917665 118.02560899743379 0.5966234764279293 0.8018008523355816 -0.05329849512760425 66.8293521843454 -0.5642153037143482 0.4657175231299502 0.6821602567380833 -14.241969147581633
0.5341637901632474 -0.34793528610254293 0.7707677897723596 118.01111839450907 0.5984631128013713 0.8003975994979883 -0.053779893958698886 67.17711210573289 -0.5976031376852016 0.4900653943386595 0.6350708825996296 -22.039998495562806
0.4806662131855489 -0.30156834505647223 0.8236855742702801 117.33520480342246 0.59930317942776 0.7995382111754484 -0.05726265428589972 67.15526008735925 -0.6406429842036427 0.5212181400738444 0.5644122471181877 -32.7272052235654
0.41593734912961416 -0.2485343234870713 0.8750045141928642 115.27131793168556 0.5993050294080088 0.7994935000254229 -0.05798883801869651 67.26114235519773 -0.6844453067102603 0.5485665178144742 0.48094593610592506 -45.04722569715064
0.3402187375209206 -0.1884548367643251 0.9214694879171638 111.3078380267852 0.5998518268085842 0.799077114822287 -0.05817431127410624 67.465261779137 -0.7246171504616598 0.5725848309528513 0.38446848657482025 -57.783162147533645
0.24549855466260548 -0.11607376131775055 0.9625978443512719 104.889344049178 0.6005343883173585 0.7986569849893648 -0.05690749304581469 67.80725172069994 -0.761400387340248 0.5920881641585034 0.2654697785993724 -72.12311893139884
0.13966780343631668 -0.035718113651101314 0.989717061601074 96.04862297208074 0.601013600795269 0.798383792343857 -0.0559836104158331 68.1000082029809 -0.7873583598653922 0.6026828921496575 0.13281425430907914 -86.77386674146024
0.019743621026600166 0.04967425938801998 0.9987311358210603 84.0105441434025 0.6000149402244518 0.7994440358359447 -0.0515358344106561 68.50333153962615 -0.8001598314655314 0.6002919310669117 -0.014016703947651973 -101.18928698728715
-0.10202912418862094 0.1363855178923627 0.985561938346573 69.90219561004835 0.5988379342407486 0.8005202003826918 -0.048623197855298825 68.764941308077 -0.794765804148714 0.5852402553560441 -0.16317205749338423 -113.9866996756007
-0.22506572058846322 0.22281242364568807 0.9487341072941881 53.25868827830101 0.5982746682730903 0.8011278319882463 -0.045977495723231974 69.0797430864068 -0.7694826044757251 0.5572449699954443 -0.3132496593991254 -124.52393666228086
-0.3427195126246904 0.3045406324510948 0.8889610379407551 34.91741745041773 0.596994950860858 0.8021881055789273 -0.04432273119318273 69.2534294525162 -0.725836828387064 0.5154951365157435 -0.4562069448456082 -132.1450417658739
-0.4478043732910392 0.37296188702012767 0.8129464827281426 16.605281297091096 0.5939119864466949 0.8046362878319027 -0.04156918876215784 69.28773419921622 -0.6689147000799922 0.464176611255803 -0.5811501306786737 -136.64406118866097
-0.5261380079777461 0.42371787184310045 0.737703327271758 1.2470492276923362 0.5916859742200506 0.8063310999283464 -0.04061314208581038 69.25892012135742 -0.6113901166610589 0.4150905049078303 -0.6741605867206192 -138.51252246538775
-0.5928832214258621 0.4660586081023779 0.6571914944211837 -13.14347649514904 0.5907689254753165 0.80711087766576 -0.038777445819367505 69.46456674580959 -0.5479110255754979 0.36522351998428776 -0.7529596143759423 -137.90390936025918
-0.64364632763914 0.4975853183320757 0.5820585658881113 -25.274678343854013 0.5903476925201178 0.8075215384060758 -0.036753890361878525 69.76276940507617 -0.4877894216075948 0.3199261881948828 -0.8125336503398392 -136.1621612538518
-0.6757655671393431 0.5187422066830618 0.5243644443904025 -33.64927235931732 0.5914473406123708 0.8068205398892822 -0.035077179647560616 70.20051410625342 -0.44078183949594524 0.2863921544672677 -0.8509837909849902 -134.08211771678103
-0.7048193344619559 0.5387214737394477 0.46233766753167577 -42.50871505799436 0.5928749616755489 0.8058410909356344 -0.03412998134789447 70.6371230661411 -0.39052203150114634 0.2500123185216133 -0.8862552563466759 -131.4945334167725
-0.7291550246617488 0.5573819687100453 0.39803954278022136 -50.97078576641509 0.5952941950655782 0.8040598105230042 -0.03420897368460809 71.07320232197318 -0.3387369591749491 0.2119685099834981 -0.9169324776072088 -127.89452787857832
-0.7479838667449006 0.5711568999139991 0.33927366207795906 -58.62756798268542 0.5966611411015998 0.8030299164772083 -0.03496216373634819 71.37819581151855 -0.2920906322999109 0.17624427783101831 -0.9402344105806796 -124.2651853105102
-0.763771171830936 0.5807287973597094 0.28325640562371507 -65.27259386539004 0.5966706633422054 0.803001185349517 -0.035649192807298995 71.44641235344059 -0.24788124301400224 0.14174712479444426 -0.9585758045187832 -120.21724815811754
-0.7776084448336916 0.5871193806230462 0.22684491854327934 -71.334623190609 0.5955405301432919 0.8038044416797943 -0.03667847821098196 71.35283205582327 -0.203647450293233 0.10653892349857684 -0.973433480504179 -115.59932436898
-0.7880139460059709 0.5936784443174625 0.16563667958132156 -77.63188298096748 0.5965317430332645 0.8030511055660131 -0.03720690766050794 71.58847715427983 -0.15493640936822878 0.06945779393774332 -0.9856758818493871 -110.01822664890582
-0.7955472405578254 0.5966356672156481 0.10950839903770959 -82.98152286667492 0.5964516963626406 0.8030931023778278 -0.037730081040447214 71.65876899071651 -0.1103432316538897 0.035274288715485075 -0.9934601195757217 -104.48945202174332
-0.7998345912991897 0.5985330071842866 0.05378954756201205 -87.98018469373153 0.5972981646699438 0.802459447330633 -0.03795462156972779 71.88177705260215 -0.06582113855357162 0.001749279509053051 -0.9980205596652587 -98.38298580080999
-0.8020935100503334 0.5978713350002374 0.0090345770291559 -91.29078060812886 0.597162583855284 0.802580243973866 -0.03811714114452071 71.97434219453848 -0.0300188416281457 -0.02519835062171083 -0.9994233252518654 -92.31051398808509
-0.8015798346282506 0.5978791544233224 -0.029993295036047325 -94.39307044154017 0.5986074161872099 0.8016025237028923 -0.036182530743670366 72.45804084474373 0.0023922408614723985 -0.04697170485590395 -0.999087299966177 -86.8545224773322
-0.7992227160636417 0.5996004177735557 -0.051184939313866876 -95.73866066363092 0.6014040627184302 0.7996495909097834 -0.033287252007858696 73.16304120204644 0.020932397735565576 -0.057396605126169155 -0.9983318553381608 -83.1333694133986
-0.7985757781764745 0.6007710690202085 -0.04748714624344925 -95.10353235032221 0.6022737894538573 0.7991856239044348 -0.028512209960461367 73.79818366825525 0.020786178779916422 -0.051375941055143544 -0.9986628480413049 -81.64696037318643
-0.7996571933767339 0.6008265763409872 -0.021474227224928238 -92.93636474147723 0.601195808778597 0.8000812762733052 -0.026103163158584596 74.01234033942741 0.0014876365239749356 -0.03379109971367468 -0.9996268791936572 -82.62179354843437
-0.8018616661414915 0.5980767600320982 0.015458394241035867 -89.42254773740889 0.5976734339521879 0.8028077135049516 -0.024190940610179863 73.89895904034475 -0.02684985935118343 -0.010168337200064752 -0.9997868646658846 -83.99121899165996
-0.8029681916809842 0.5943182868415601 0.05425659104625288 -85.91692114923138 0.594077297155322 0.8055388070010849 -0.02233578664634114 73.77611747137003 -0.056912108917400187 0.014284528587785082 -0.9984771164953241 -85.1853912212876
-0.8027889619070461 0.5905437653022965 0.08776185484411995 -82.76073240767562 0.5913120848555942 0.8076512883791399 -0.01994727916431695 73.78077165139791 -0.08255702810294774 0.03586481735242645 -0.9961407108234471 -85.91823086819406
-0.8001930492997614 0.5888412555488223 0.11780708451470888 -79.82149675856857 0.5910282583472808 0.8079012474186912 -0.019406378690324362 73.90669839629341 -0.10646684764003451 0.05407775880864578 -0.9930500170775614 -86.3274394092833
-0.7954826278004753 0.5895019059568682 0.14363580353466418 -77.22811342882886 0.593183927041821 0.8063221382698649 -0.020573785436573927 74.19462426961745 -0.1277770428314277 0.06880975344816684 -0.9896255886605612 -86.22543471074864
-0.7927227151672803 0.5922258551450986 0.14766056180325846 -76.45453902124065 0.5960152308060284 0.8042033456950562 -0.02223947704671078 74.4963932880098 -0.1317459628889696 0.07034953851016927 -0.9890000398639526 -84.50753816074898
-0.793438792614647 0.587451999234955 0.16215424494406902 -75.37664954848258 0.5923943489003654 0.8069089420781211 -0.021511334392170494 74.23302086549612 -0.14328938424515023 0.07895952582900811 -0.9867432333806762 -83.77610328885427
-0.7968347547695668 0.5769658559049832 0.18192407718358825 -74.2282207813959 0.584073659471832 0.8130635264676882 -0.017670900372423533 73.69951249982962 -0.15789635486496015 0.09214122450472174 -0.9833654642016407 -83.68134402504529
-0.7978845199686339 0.5738127876781095 0.18721829885891605 -73.70731069790965 0.5817472894326983 0.814784860951383 -0.015423702765205955 73.71197417216253 -0.16117079438839915 0.09657190795687 -0.9824090776679592 -83.59834360690252
-0.7981761434387386 0.5687270040422289 0.20097299765610596 -72.92580114151072 0.5788049444654395 0.8169589181391188 -0.010786540171573513 73.84387112359632 -0.17008347475133584 0.10767897033696347 -0.9797497399164331 -84.37473149877363
-0.8013676905819805 0.563525122083281 0.20290326521194896 -73.41755695765262 0.5744190024163106 0.8201072678685353 -0.00675153303206061 73.77716965926366 -0.16996676724763438 0.1111070488769656 -0.9793937116020066 -83.9939529606672
-0.8031744980325551 0.5589547785646354 0.2083360304953554 -73.47004696123905 0.5706090848831741 0.8227965427554466 -0.005545489612224053 73.59079733132127 -0.1742684125834599 0.11438774793704672 -0.9782645221966928 -84.16687789638239
-0.8009150866118399 0.5537373601417603 0.2298421450189302 -71.34653219068132 0.567811653528256 0.8247294959469745 -0.006395626057991251 73.32226412075386 -0.19282466010845845 0.1253415522643851 -0.9734314392193296 -84.95430142130876
-0.7905660326167223 0.5522592889656803 0.2663294806886388 -66.76837333995765 0.5712938672897979 0.8223166140725016 -0.007654591361270915 73.69824084887625 -0.22291696612865985 0.1460483745991921 -0.9640795869855329 -86.51089186265673
-0.7769459852891591 0.5514896117917774 0.30516549544311744 -61.20167380944435 0.5770520628425676 0.8182795166844736 -0.008128342761532696 74.35807669225073 -0.2538316313582609 0.16972094068238344 -0.9524960322520669 -87.62999724636393
-0.7601596925794585 0.5546419136907932 0.339779031011074 -55.70464612874855 0.5863572158931014 0.811606544833792 -0.011646628900990968 75.18984065595068 -0.28181982136627487 0.19030760946619407 -0.9406685784233242 -89.19686756477618
-0.7457740058395044 0.5501841173275549 0.37687837729828255 -50.52333481515591 0.5903350586734706 0.8087416325915594 -0.011227838525799403 75.74528312416092 -0.3105192498543708 0.21402978552778684 -0.9264348561056631 -90.39259196626278
-0.7313199154478428 0.5426226068118656 0.4142915422917667 -45.25676545991294 0.5922691972553489 0.8073343936064095 -0.010803059860670068 76.09172978785901 -0.3398340910486827 0.23738217588939994 -0.9103247820158366 -91.66303345298601
-0.7119465912519565 0.5320947593869364 0.4592354667946924 -39.05185639787845 0.5941995370151969 0.8059150585156207 -0.011600917199881986 76.3362663943585 -0.37572398892486875 0.2645177985930588 -0.8884940386232775 -92.61652254674983
-0.691097131649215 0.5199809774212057 0.5028639031971421 -32.98250453722666 0.5956833933540941 0.8047977386491976 -0.012638157430061291 76.54547221689063 -0.41067222048987834 0.2907037366449831 -0.864534370159831 -93.83069774205276
-0.6654649469466678 0.5079798280032611 0.5476873962299068 -26.748430464483334 0.5984687839396966 0.8026642807422785 -0.016492085375279245 76.65605245452777 -0.4473284684814313 0.3166758354532451 -0.8367910084678211 -95.23839552680593
-0.6391263346237905 0.4918507790253399 0.5919756626038041 -20.80859290087692 0.5996903355666651 0.8017287970006363 -0.017939581705972048 76.77230417745233 -0.48271270947717043 0.34339971059546515 -0.8060421374026682 -96.15667165156685
-0.606740206937803 0.471497419446216 0.640595526375648 -14.0389177195665 0.6011494484327933 0.800607462396902 -0.019238976941780426 76.96311742231543 -0.5211638545459689 0.37327201663338294 -0.7679387616113715 -97.5487255090405
-0.5766238168637046 0.45896617239624526 0.6764901512089401 -8.504006769463945 0.605174998107855 0.7974147676373463 -0.0245548699452059 77.11147748170633 -0.5499003643202531 0.3950803258571226 -0.7363552503246661 -98.67458379591237
-0.5483428055071157 0.4445836559312466 0.708825905023305 -3.457484046700258 0.6080578348611402 0.7951348711235358 -0.027748502610807163 77.26483459614272 -0.5750867852288437 0.4156211117640501 -0.7051680617441294 -99.27416317392398
