1.000000e+00 1.197624e-11 1.704639e-10 3.214096e-14 1.197625e-11 1.000000e+00 3.562503e-10 -1.998401e-15 1.704639e-10 3.562503e-10 1.000000e+00 -4.041212e-14
1.0000039063382418 0.002386134601069945 0.0006427809547704666 -0.04230191342082802 -0.002386372341843802 1.000013908313389 0.0013733244041249971 -0.016471415946510155 -0.000640517913574471 -0.0013742649320237163 1.0000035592554708 0.815912778128149
1.0000016889122472 0.0023199002913653903 0.00044476384765749464 -0.018975874927867665 -0.002319595685570337 1.000006032454945 0.0004305318443495915 -0.018600306456317744 -0.00044643880101068585 -0.0004312517723310846 1.0000048464040883 0.7921601525866921
1.0000085561791026 0.0011905044065295993 0.0004398977519228198 -0.031007026148617976 -0.0011895087683435044 1.0000311759197915 -3.2487132414047604e-05 -0.025863589129518593 -0.00043800568449784956 3.310856097892974e-05 1.0000077494245687 0.7238362527687495
1.000003520188513 0.0014791241775769196 0.00010784967308733063 -0.032152986843949974 -0.001478518015473124 1.0000178198668457 -0.0001276875728934665 -0.012198482392681523 -0.00010781620461972368 0.00012820889611577562 1.0000016227266102 0.7320778816461431
1.0000087347423445 0.00036121775118833543 -0.0003631588565499301 -0.017407671246975252 -0.00036058248369551634 1.000018825324279 9.98335905012521e-05 -0.02094227334709863 0.00036043119985220724 -9.906008081989444e-05 1.0000087538613465 0.6654182460230379
1.0000131707151694 0.00015099744223420275 0.0006473595365563945 -0.0230365651136275 -0.000149683519800122 1.0000505044372225 0.0009052275596889302 -0.017906078165127615 -0.0006482686265779222 -0.0009034937875226247 1.0000148180016122 0.6846989828849069
1.0000014783392925 0.0005734574557794161 0.0005180257431660263 -0.03653366300919223 -0.0005744601122160673 0.9999987922417085 0.002065670295487994 -0.012682744336542259 -0.0005202774625081797 -0.0020659280606720024 0.9999991764956024 0.732301697038484
1.0000137896201897 -0.00035357967421028203 0.0015853983260169292 0.01734186849052457 0.0003496757328038656 1.000030894148095 0.003172371322969908 -0.019571696957949105 -0.0015900828647191893 -0.0031705632090305515 1.0000042406439171 0.738145408388853
0.9999989476445599 -0.0005784614532970471 0.0011485470842771846 0.02070558080004481 0.0005748645835930773 0.999992462578886 0.003037495042902801 -0.026689795558763583 -0.001150655495315161 -0.0030369350552360446 0.9999951453385357 0.7050060080863475
1.000003147721504 -0.00029976728018830685 0.001005786592385884 0.047063588231208126 0.0002981886077804124 1.0000063716544432 0.0016221042603026118 -0.02210634256723136 -0.0010058650157610998 -0.0016215754492777607 1.000002700303381 0.6475952108583323
1.0000018670992008 0.00011181338100547993 0.0010330772597331838 0.010035281256414246 -0.00011193546030934925 1.0000004466564012 0.00011454364184016789 -0.014623772729494293 -0.0010352522620493923 -0.00011473699610814568 0.9999986824533934 0.5410637665466915
0.9999976878264035 0.0010580596419882532 0.0008832136695254302 0.005766631119451193 -0.001056323374820458 0.9999921899958287 -0.002129992335820683 -0.01938089095286793 -0.0008867150360518055 0.0021288622746760757 0.9999971055118706 0.5892029302730599
1.0000016881131442 2.575120390274383e-05 0.0009336751859608723 0.009237222744059088 -2.2758825677913703e-05 1.0000112063980584 -0.002640121397932105 -0.016003710696563797 -0.0009297166744025025 0.0026405255756809342 1.0000020945462411 0.5741915788821597
1.000001898064642 -0.0014460697783306874 0.001395789270753052 0.013990825820199615 0.0014481823073628972 1.0000077621000671 -0.0013508006423574226 -0.008732204164933857 -0.0013986478072252845 0.0013532275280871992 1.0000003725729965 0.5188779123423694
0.9999954700404691 -0.003037258462005721 0.0020150963857705796 7.468162022388904e-05 0.003041282531724265 1.000000398045634 -0.0019493686206692046 -0.02843598061847486 -0.0020087637634467136 0.0019556518658812227 0.999999790683047 0.5431175066282683
1.000004847375188 -0.0016516841985752392 0.0018215942689846834 0.019610445995733305 0.0016533851647521087 1.0000087419043997 -0.0008800878581563289 -0.030970827821994413 -0.0018222095181634338 0.0008833370965584773 1.0000000092142702 0.46363934025214454
0.9999894469309082 0.0036222883336728615 0.0020206384823814555 -0.00013917126847673143 -0.0036184225679835227 0.9999940320409821 -0.001821742861011347 0.0035823170517141414 -0.002019698063603654 0.0018143687706686504 0.999999109328216 0.4308135194763829
0.9999955360457731 0.003953784100939305 0.002770051535735127 0.027816604584458542 -0.0039497593356254196 1.000034335391202 -0.001001315313472434 -0.010574551483617226 -0.0027711526147644262 0.000991520092729313 0.9999981066928284 0.42557065376934416
0.9999975489321253 0.000769063132650168 0.003419933485735929 -0.0019550773335351218 -0.0007712703277145076 1.0000152714337995 0.0007545296961047329 0.0016382878858673584 -0.0034220951121155204 -0.0007565912051413766 0.9999964472467614 0.38709734103875326
0.9999862428635907 -0.003678784845209987 0.0033631097435487993 0.006227681665266036 0.00367681623444729 0.9999990754962635 0.0006286399366383626 -0.018770979656030248 -0.003364547868701682 -0.0006161284335030443 0.999995525492314 0.32892775928174606
0.9999856021096337 -0.004479537911477413 0.0028151126511838796 -0.018134481290066767 0.004479939761711828 0.9999966286597989 -4.664998037540999e-05 -0.015690387750488366 -0.0028174248282087184 5.9410800691017e-05 0.9999969875994666 0.3034175978901028
1.0000035125748903 -0.003081050495256023 0.0025109051497768614 0.0194808024455776 0.003078750310131399 1.000020724624697 0.0012404405774970706 -0.013356132553605325 -0.0025153764354574255 -0.0012318348187560979 1.0000044727937683 0.28671674850395445
1.0000012000049474 -0.0007844085174648022 0.0022739971367374463 0.028803232262466588 0.0007831296719011103 1.0000146598512696 0.0008266772570520776 0.0013537238655516788 -0.0022747465969074248 -0.0008244659377589102 0.9999997272225781 0.2538095206343847
1.0000089114536503 0.0008704105431268851 0.0022153820031831 -0.02400777749518674 -0.000867399520460273 1.00003792828794 -0.0006272552864211689 -0.00031085096053971856 -0.0022141272592552997 0.0006268201729046329 1.00000746002855 0.15275018426717354
0.9999987905804217 0.0007675378461078051 0.0022118916330802953 -0.03198067876969579 -0.0007651252634368507 1.0000072073954622 -0.0009212523748910815 -0.003008284876448067 -0.0022157357654451126 0.0009198485065503503 0.9999998831621114 0.12480830570324648
1.000000387471354 0.0015274533608567488 0.0026413529671673614 -0.05487447716824153 -0.0015251270059311287 1.0000123360704485 -0.0007357046720109601 -0.0010916369160350009 -0.0026403078921205594 0.0007320485968373735 1.000001535977026 0.15346646224984403
1.0000155890767202 0.0021857659579126373 0.0019294035996065052 -0.048714080172013514 -0.0021833431191488283 1.0000502855933722 -0.0004172728589778582 -0.001648783290520108 -0.0019297487354463774 0.00041483932968773015 1.000010193834838 0.1550652656222647
1.000007920191459 0.0008566715501170853 0.0013079069394562118 -0.041088200468900785 -0.0008551819935375967 1.0000141334385206 -0.0008715805009289824 -0.0001415119235266397 -0.0013006866422800565 0.0008707490792485939 1.0000066571241149 0.10655287656643328
1.0000093228395988 -0.0002906350310923085 0.0018367850460076953 0.04118383683397434 0.0002943355956189541 1.0000426963013596 -0.0012137638567518423 -0.011086410806583983 -0.0018363452175372413 0.0012158086913936724 1.0000082728102517 0.096644600334351
0.9999995682724598 -0.0009646760616652725 0.0012963255624956226 0.05642132782266462 0.000966725244947236 1.0000163051996105 -0.0010503929073200657 -0.007631296608570408 -0.001288292390177861 0.0010521240316087323 1.000005241855541 0.09248253310483012
1.0000049112198333 -0.0005298451736139017 0.0010833688315922906 0.05077801726571014 0.000531000969001494 1.0000156371518885 -0.0006275679311386115 -0.004621040538115193 -0.00108422631356692 0.0006285664712210885 1.0000039803989587 0.0709604690235175
0.9999997613802745 0.00037297496534836454 0.0012885765197509728 -0.012928057802830892 -0.0003718374256454641 1.0000014601153329 -0.0008780768670936506 0.00647386563367064 -0.0012915920059584148 0.0008777476118795167 0.9999992042553615 0.06640156784310007
0.9999985986165465 0.0006210264013232502 0.0013964312432431121 -0.012246751297558938 -0.0006191439545913404 0.9999928121707321 -0.0014686492154929692 0.0021366853116238324 -0.0013966106010023032 0.0014676976713443946 0.9999983764030572 0.06898126061646138
0.9999962979652439 7.394464940828683e-05 0.0009204060505367214 0.005464191599857651 -7.301356650190993e-05 0.999981597242618 -0.0016541802816304866 -0.0020930905454897924 -0.0009174127814283231 0.0016536266370281902 0.999997507094224 0.06456474495110885
1.0000023072616222 -0.0007482293872105534 0.0008197725962906843 0.034388912394413745 0.0007495360229570298 0.9999978796764956 -0.0016941498094376166 -0.005440611623150587 -0.0008191317970952904 0.0016948790836611464 1.000001000911991 0.08341059781713989
1.0000042389768302 -0.0008526304780297732 -0.0005754808393551101 0.04364771085803755 0.0008522195157734851 1.0000119865658303 -0.0013255000695181574 -0.005495364315900203 0.000576587836122604 0.0013254053009682546 1.0000015623243368 0.07186167197126121
1.000000687983867 -0.00034850750034326445 -0.002364166828995552 0.036088093498368966 0.0003468635308687404 1.000007382293942 -0.0007998131585663348 -0.0018045759255652127 0.0023653933244206066 0.0007991827450154114 1.000001707712872 0.04646644078907427
0.9999993352866499 -0.00014429149699737837 -0.0031883530487047517 0.007372262918062817 0.00014232665016026037 1.000009623012369 -0.0006875691034933151 0.0026690126501788484 0.0031886194254658745 0.0006873338772114973 0.9999984778399309 0.053846647156396026
0.9999944769971864 0.0004999977184571204 -0.004076321302416274 -0.015184237558624565 -0.0005024407934793756 1.0000115757379997 -0.0006828764653383453 0.001427669545428716 0.004074203940275437 0.000685161954459098 0.9999957867010605 0.06142691902584238
0.9999874247345902 0.00019700099915209701 -0.005746688519671037 -0.005760611288657828 -0.0001999378657296795 1.0000078263252217 -0.0005503895738858727 0.0003069486313503723 0.005746949129678497 0.0005516300754230685 0.9999866271237755 0.05461504610123579
0.9999812459875161 -0.00019831134805107874 -0.006742959036902315 0.012076795121653106 0.0001973949990238177 1.0000108854950445 -0.00019270906627220187 0.0006722079875226823 0.0067403432669192265 0.00019162772045363876 0.9999789934339243 0.05174006190040628
0.9999746656909486 8.972281852388111e-05 -0.007408578036141677 0.007949761575757294 -9.261913196308426e-05 1.0000081650210226 -0.0004293473241599592 0.002051643684089629 0.007406600779687903 0.0004301995174088424 0.9999739712355379 0.06827048188992284
0.9999686791504327 -0.00014878938775587835 -0.008211775847547698 0.009038916984126963 0.00014432214957401244 1.0000072790251702 -0.0005771290466294258 0.0034780145544723623 0.008212529385227626 0.0005760283651721895 0.9999674931083119 0.05810910002694003
0.9999553635129919 -0.0005430966561908937 -0.010042845066841588 0.03689409297951327 0.0005353505454313065 1.0000165831026486 -0.0008463262879191709 -0.005258180371774112 0.010044289411004999 0.0008412517225030306 0.9999524625150794 0.08266582392160958
0.9999182281978485 -0.0009868483505882976 -0.012922301928997562 0.031354292228271345 0.0009716111875390491 1.0000051549311106 -0.0012073609002340138 -0.006477500758439475 0.012923251172477114 0.0011948392066619537 0.9999168400741215 0.11009297664612558
0.9998741973731832 -0.0005087059597292613 -0.0160766723502215 0.01544354364671919 0.0004890913753455201 1.000014467323 -0.0012647566678706823 -0.00687178721169952 0.016073100045348548 0.0012570215440536056 0.999873652656284 0.09339260108662034
0.9998088901087203 0.0003671251640634933 -0.019548248792598484 -0.02786532670283808 -0.0003811382573908482 1.0000036795545084 -0.0007202258420827362 0.002803642289089152 0.019541863175941435 0.0007277035947678438 0.9998111119189776 0.11641206331046113
0.999769891437691 0.0005273227596982606 -0.0215697066978534 -0.06829476159634372 -0.0005190873175243067 1.0000118760303573 0.00036574598326172535 0.0013495275681743675 0.021572649878831417 -0.0003544361129358758 0.9997693678264996 0.1801950552050132
0.9997240864793394 0.00019461188190627275 -0.0235567723177176 -0.05746995511380057 -0.00016978541386269402 1.0000103614966567 0.0010335647151642343 0.0009797419512179108 0.023559673593643384 -0.001029221656107194 0.999724702265863 0.24330882028439446
0.9996488681067603 0.000841850111044671 -0.026445653724222293 -0.06635798533034476 -0.0008118937303938068 1.0000004626014132 0.001134218980046003 -0.0021686887607415663 0.026443016000678433 -0.0011123104287205315 0.9996518063660074 0.29837714458359454
0.9995496037250149 0.00046950102296013004 -0.029988486460283195 -0.08237044647696268 -0.0004249981903694089 1.0000028115464805 0.0014831168695238202 0.004790020014292455 0.029991455256964172 -0.001469732241294459 0.9995515906381772 0.2937951426003481
0.9994418874729606 0.0001988440278313723 -0.03335255994165388 -0.023914092012716822 -0.0001114737900178003 1.0000000924761432 0.0026166907215597413 -0.008477649910308232 0.03335101640370945 -0.002611469621093301 0.9994415140169002 0.3679808360734496
0.9993096783657148 0.000377560133315977 -0.037110180307276495 -0.052017497996996453 -0.00026556182658116526 0.9999947859713713 0.0030227716399723594 0.0003657334047875691 0.03710828379629102 -0.003010757545869548 0.9993074741483888 0.36048928529671526
0.9991755979618226 0.00011981744417882971 -0.04063707586760341 -0.05998014909510066 7.961608144232634e-05 0.9999991356317355 0.004895976500758673 -0.0085362555959984 0.04063803989672529 -0.004895015496507925 0.9991646613179392 0.24479482486014445
0.9990866039787005 0.003420337312954657 -0.04263434335506879 -0.05239049904269954 -0.0032587756993522144 1.0000032984491625 0.0038460283671064204 0.008885415131394236 0.042645069772356166 -0.003703289893578298 0.999086766748271 0.31740033530206824
0.9990337518702825 0.0027398667948413244 -0.04386157461689748 -0.06901524171684863 -0.0025840608304194507 0.9999903149918762 0.003606574204778378 -0.006204091136462275 0.04387012677828353 -0.0034897559551505643 0.9990315472124939 0.3456377838053673
0.9989666180789828 0.0011306714268013959 -0.04566181740342177 -0.0751281024092916 -0.0009307588375598291 1.0000178076234132 0.004379791821408292 -0.003652586185025016 0.04566901617730197 -0.004332121775775978 0.998948224534098 0.31456158881136476
0.9988717076833978 0.0007987168210635261 -0.047456290742313535 -0.06830336296534571 -0.0004962420581045847 0.9999758474407605 0.006385939842412905 -0.008206061037235418 0.04746083631943513 -0.006355285104976956 0.9988513465637742 0.3257681393616301
0.9988260513013434 0.0019974753804549816 -0.04844590572030535 -0.04395301376494481 -0.0017287110625675438 1.0000007532098323 0.005576702557441488 -0.005502877755120101 0.048455367314641846 -0.005486014956613517 0.9988113267152932 0.32195980250108164
0.9987493184363885 0.0035845154035584414 -0.049976750721413506 -0.042875280758723766 -0.003415000709342615 1.0000020930303652 0.003470101063691845 -0.004092785949994191 0.049989511802396004 -0.003294688244431344 0.9987444368188743 0.3501333465616448
0.9986763581100961 0.0026467887340927325 -0.051408834240914573 -0.11992329821812736 -0.002544942596755981 1.0000009035986184 0.00204397330483314 -0.01317021015537257 0.051413859706397565 -0.001910258412870781 0.9986741173556777 0.4413344479908847
0.9986324771172628 0.0036374500725328317 -0.05229899447153976 -0.0816088225782267 -0.0036092558999442203 1.0000155443695944 0.0006239801252304921 0.007394343324369068 0.052301309570153144 -0.0004335399432454946 0.9986328304844252 0.3349078439729862
0.9985747698550932 0.00206367999943735 -0.053321953529097195 -0.1444257517812023 -0.0019887306138579 0.9999946811628296 0.0014598018440371131 -0.01329440814444414 0.0533245460934689 -0.001351732924042248 0.9985759662273579 0.4249558203229669
0.9985057368994141 0.0027119265149705826 -0.054753247339867146 -0.129699411540654 -0.0026042048205092193 1.0000181206744567 0.0020297666129714333 0.005228400287806615 0.054755773699210364 -0.0018834124550584138 0.9984988584885203 0.42180306193736444
0.9985036381959397 0.0002210087876643997 -0.05478477160030875 -0.06412503139402692 -0.0001367066191566622 1.0000151215598427 0.0015340427955058357 -0.004642033666410261 0.05478511314289825 -0.001523615486484231 0.9985038693473504 0.43502170313559574
0.998518247969471 0.00034195152181499996 -0.054562062029443116 -0.04950154903557195 -0.0003085061377691628 1.0000099457889347 0.0006177609371811622 -0.010084053036365457 0.05455915400837665 -0.0005996718415933666 0.9985089938820864 0.40813849998871043
0.9985103736540304 -0.0017265258142206063 -0.05461758340228091 -0.026864156911077228 0.001777007695227975 1.0000078578658163 0.0008713995566960264 -0.008796555839788393 0.05461365353829966 -0.0009667908874192307 0.9985078018049015 0.4687004681160505
0.9984913880911446 -0.0018467968932916457 -0.05497221987464048 -0.02538224665934528 0.0019302396578027793 1.0000092191221912 0.0014592202654435495 -0.0254343889754472 0.0549669548075448 -0.0015627263185627727 0.9984880358783426 0.47617104066425414
0.9985250245265531 0.0008736013108996625 -0.05435198739262219 -0.09234904082818012 -0.0008202045804415149 1.0000141379066732 0.000999423777984701 0.007265446758791209 0.05435008123322471 -0.0009528595027732182 0.9985218508378226 0.5167580399105361
0.998383695343194 0.0014071294214125741 -0.05692486296578266 -0.10512778988906722 -0.0014506987888592065 1.000009503068334 -0.0007291499780855651 0.009423351777795177 0.05692176713536329 0.0008108141271594828 0.9983802883179314 0.41229250180113286
0.9983633836705953 -0.001337854019709767 -0.057273253188991353 -0.04032504633871131 0.0013598677047704424 1.000001669725617 0.00034625290020071244 -0.016664932945711763 0.05727062652588755 -0.00042351623656161733 0.9983611917704344 0.5699134197801612
0.9983318374353861 -0.002011981236090695 -0.057744544753753416 -0.05190374613624993 0.0020313968153334873 1.000000622516294 0.0002751201304195289 -0.017131249863088855 0.0577425499148432 -0.0003919164923645356 0.9983355982117263 0.5728041825339021
0.9983754478889671 0.0004384696468928318 -0.05699628282816886 -0.11816658563814961 -0.00048042689549430875 1.0000051968836543 -0.0007274012155336494 -0.013079828206458975 0.05699708137144488 0.0007535820663147717 0.998380411732465 0.4982698554596289
0.9984777483887949 0.002255751242527946 -0.05514566917438061 -0.09402507618994159 -0.002029417495846226 0.9999922213308865 0.0041588447621286745 0.032107004455627516 0.055151197141214435 -0.0040405758568914825 0.9984694959861045 0.6004257788837675
0.9986286548745874 -1.884089002509857e-05 -0.05236981162987822 -0.049896274399607386 0.00030686630952120927 0.9999885978325483 0.005488807638858586 -0.002816473886002872 0.052367364388866 -0.0054972766474420546 0.9986134133127392 0.6380202968985381
0.9987940624531683 -0.0020462709340647047 -0.04913985395360291 0.014460962903132299 0.0021568169845307588 1.0000068618303453 0.0021889074790124655 -0.039377622164194055 0.04913270495045741 -0.0022919845063413256 0.9987962986748953 0.6237850795939187
0.9990053983807375 0.00020988760639264643 -0.044624623817952055 -0.06375877339487643 -0.00016546444940572776 1.0000097246546684 0.0009877165886222692 -0.007647636361420564 0.044621001909113146 -0.0009789887402718172 0.9990040907085526 0.6489600168265592
0.9991972268194236 0.0016606693212636097 -0.04032829618344398 -0.07330229790492584 -0.0017058188371089568 1.0000333545810747 -0.0011112093087069777 -0.009940568927677002 0.04033084953282202 0.0011796875803980953 0.9991962516084698 0.6448783655145675
0.9993708936123662 0.004772478724374588 -0.03517144027567017 -0.08475305195660959 -0.00492125438569623 0.999976344371774 -0.004139795571511315 -0.00012217216857462508 0.035150684101122875 0.004310204364429933 0.9993734923631816 0.684800407688684
0.9995887953535042 0.003378154957087295 -0.02856376635064516 -0.055741784467472584 -0.003400197618403849 1.0000010269606765 -0.0007287704694816266 0.015718827222641136 0.028560556839237226 0.0008257185793417067 0.9995945661843442 0.6855216144729519
0.9997804872858871 0.0017979345494962267 -0.021112203833788337 -0.0910923265826034 -0.0017184714357952697 1.000007763883247 0.003761484226184694 -0.005173193224767493 0.021117252010146897 -0.003724083517949251 0.999771675925427 0.7438421632415042
0.9999235729510277 -0.00036749289443630727 -0.013450303276004067 -0.015503423363923016 0.000443507210365744 1.0000350813052052 0.005544240508633626 0.0030031034836234902 0.013447796450142557 -0.00554894098952828 0.9998998776343467 0.7788713925707618
0.9999800546806304 -0.0003493332527538744 -0.007718388162210404 0.011558459280320977 0.00036994004138070173 1.0000312538159892 0.0025346130631625713 -0.021685468656383083 0.007720900984066071 -0.002536878219308344 0.9999695257253752 0.7860887481952091
0.9999947020575448 -6.468372419295796e-06 -0.004167857401605098 -0.03649426113301615 -2.6541465641378475e-06 1.0000089898769555 -0.002274865607197807 -0.014065730431154626 0.004167462378249853 0.0022750231424938957 0.999989382508577 0.7919816041943062
0.9999858621462074 -0.005698629558755454 0.00030063780873995004 0.023285700758213693 0.005700010364040152 0.9999810416928813 -0.004260968246121897 0.006781992776317705 -0.0002761390384169553 0.004262687570559022 0.9999934775119868 0.811783938192636
0.9999305399046811 -0.011348042818720032 0.0035209450002893143 0.021604895704589164 0.011353764015774856 0.9999408524067006 -0.0015353749775442777 -0.05614074437911582 -0.003503147682296354 0.001575307269496316 0.9999928713115818 0.8416978217264285
0.9999887680413092 -0.001701247868318099 0.005677622684465261 0.0013152951664767347 0.0017021142102580749 1.0000143640800905 -2.4521013647119653e-05 0.008098235035975272 -0.005676333177206249 3.439905251403653e-05 0.9999870520585188 0.8519750754300882
0.9999837085527462 0.001979418987309453 0.0055219122019102476 -0.010326235435743973 -0.001971278301590886 1.000004571454826 -0.0014106645472480943 0.018425921061234408 -0.005524809191585245 0.00139985388311272 0.9999868638554824 0.9176840651777016
0.9999856475751921 -0.004292359124225116 0.0034453179839731896 -0.010533687247066686 0.0043088649340964 0.9999784401885952 -0.0048042865127760435 -0.04458382637204581 -0.0034254579629027417 0.004819036342315766 0.9999831297421711 0.896587345462599
0.9999985012209058 0.0018337256559632022 0.0020323787814100812 -0.004628779829545957 -0.0018129616176165485 0.9999492671890503 -0.01008805387260275 -0.015681014973297144 -0.0020490746480942524 0.010084352174144582 0.9999481420314543 0.892312980060778
0.9999835492025031 0.006864190558470556 0.0011810218853482437 -0.012557975308819767 -0.006854102603334959 0.9999676163224457 -0.007719214566731429 0.025943783827474087 -0.0012309926336665938 0.0077109734995233475 0.9999721672351677 0.9176203396996394
0.9999899126423304 0.005313663173869477 -0.0007299660393574644 -0.030878255495040356 -0.005314421305499988 1.0000066169800303 -0.002856733525583794 -0.013197949367734848 0.0007175642032156999 0.0028605853567393634 0.9999978900970674 0.9646750856044399
0.9999613322929886 0.008408737175727739 -0.0031691112374771274 -0.0009745774475583621 -0.008389736824473469 0.9999619356712961 0.005760389220266998 0.013980893693847021 0.0032159398615250923 -0.005733480324728162 0.9999815099392891 0.9574193830925445
0.9999813455065476 0.005080232530325754 -0.0036810130003533323 -0.0184972004242716 -0.00505146083327789 0.9999650862920421 0.00770115513823133 0.019077204690980315 0.003721696181342245 -0.007682345169251537 0.9999632204364243 1.000082539501728
0.9999921151843365 0.0014516091585183998 -0.004322066010363538 -0.019023121863295078 -0.0014131085845250173 0.9999739435620516 0.008786583756987423 -0.0269083440846512 0.0043342816042635625 -0.00878024059040348 0.9999559059421663 0.998169793202803
1.0000007286712742 0.0012826434190639866 -0.001824539491417342 -0.005666841652209436 -0.0012652720884181337 0.999975536304027 0.009172724366709828 0.014235341848173788 0.0018341708320847158 -0.009170081507488645 0.9999604653833364 1.0315002891588458
0.999996614680268 -0.002059269081074095 -0.0008176339665321849 0.01139357798139687 0.0020648611922287935 0.9999614762602265 0.0072933973896366225 -0.02197113140562975 0.0008037794113569684 -0.00729525677188974 0.99997417170435 1.054933280414207
1.00000888741542 -0.001116089556463198 -0.001871160686121662 0.05516208147328631 0.00111926634017192 1.0000133660249757 0.0015083546536101265 -0.04068219848437263 0.001868872025844044 -0.0015099486917664246 1.0000000301591698 1.0562845253320094
1.000012648033762 0.0014300645305384378 -0.0011038601516141318 -0.0014810496924316113 -0.0014322515706869051 1.000031409693748 -0.0030227796083799677 -0.004859694777310214 0.0010962350015110704 0.0030251987267407633 1.0000041226836056 1.0404360339647907
1.0000005785926533 0.0030555913902636104 -0.002746148867458173 -0.0013838176340568713 -0.0030664560334295633 1.0000049397021344 -0.004131063954109675 -0.02171028333543014 0.0027355214986092245 0.00413971292749452 0.9999953252415211 1.0505017453460435
0.9999964726277206 0.00045561125716248453 -0.00426334284765884 -0.0022848620203260333 -0.0004760009861475732 1.000001050967736 -0.0048587578783019425 -0.03614894681975837 0.004259746876221626 0.00486101587169966 0.9999814956245838 1.0328235228705043
0.9999835938934459 -0.00048077535404529137 -0.005526035784627172 -0.00958054938447994 0.0004600849342071843 0.9999892149098469 -0.0037355858082917764 -0.01755197479677279 0.005527368691918451 0.003732926177452385 0.9999791899937506 1.0532718490287538
0.999980764631456 0.0019067606768454078 -0.006690930618410927 -0.014018405241224254 -0.0019208944944183318 1.000022479893431 -0.00221959279286035 -0.01530996823324812 0.0066851332301253955 0.0022328819233627564 0.9999775932024072 1.0543055019701082
0.9999836538960013 -0.0006672717075228292 -0.005936264146635527 -0.04109527032134084 0.0006825300509338633 1.0000007977671261 0.002553378591215506 -0.014394110333342442 0.005933388749922855 -0.00255731560974476 0.9999796540458373 1.0752426657550567
0.9999811777134753 0.0015739718437682763 -0.006498942629252386 0.0007600973878894709 -0.0015474352018185187 1.0000077308716668 0.004008459732329697 -0.019370768976516354 0.0065065635592396615 -0.0039980202111016775 0.999973222527913 1.0946856262861044
0.9999859048649795 0.002213574940100426 -0.005865183851872886 -0.026986565101173088 -0.002194377185568398 1.0000162859931214 0.0031768071600051274 -0.006343899391375132 0.0058713278905149794 -0.0031633898313707886 0.9999798740222672 1.0873361103713208
0.9999997614997103 0.002892896902600615 -0.0039006955924482016 -0.03242396108987679 -0.002885210705905111 1.0000219664020724 0.0018266749370342138 -0.02100308447095758 0.003907342643747069 -0.0018148228430451324 0.9999942208121302 1.0752116457223098
0.9999900216420549 0.003953164938436103 -0.003110023507916184 0.010430903047000426 -0.003947730940938189 1.0000000075959445 0.0017046896827128538 -0.018449058224735543 0.003116530714267286 -0.001692259843536369 0.9999941378927499 1.1075865608489266
0.9999946386459397 0.0038579469332187424 -0.0009407157838604852 -0.0032207666091974346 -0.0038568994862211168 1.0000046693296956 0.0008788085445184046 -0.007941221551034041 0.0009416247487037954 -0.0008748932604603357 1.0000017132770795 1.1171300566226083
1.0000025552616858 0.0008120769334074654 -0.0017025354928789742 -0.007125460116979081 -0.0008116139970308692 1.0000190985667188 0.00010760024983696757 -0.03017640370681841 0.0017008419866618954 -0.00010584425615316035 1.0000021087841133 1.0884143646977187
1.0000009729632586 0.00033219933909920947 -0.0015072813147858255 0.02108345116957742 -0.00033243274251170497 1.0000113788126883 -0.00026513608958071385 -0.02548383794188919 0.0015056759061236739 0.0002658790199594226 1.0000000982869401 1.0789438269445941
1.0000019934724937 0.0008058318942145228 -0.0006027034459871607 -0.0019733948156029388 -0.0008057621831308983 1.0000118717864341 -0.0002254907748359066 -0.019152387119037235 0.0006030142314463883 0.00022622480626379983 1.0000023913915077 1.078850750157081
1.0000042224818628 0.0015930031551624345 -0.0011107975345847052 0.002565111678819489 -0.0015930831627211915 1.0000206473812348 -0.00035909951550460416 -0.0165929596246491 0.0011104316838831953 0.0003612357941354726 1.0000011138555378 1.1162069732362456
0.9999968428966132 0.003738489199153526 -0.0004846114611062161 0.009359312434116283 -0.0037390220562409436 1.0000110041496433 -0.001600217116576542 -0.024500382348862933 0.00047663247089271084 0.0016022831006986186 0.9999983654820171 1.1427676999234107
0.9999880981811604 0.005308365703084962 0.00022643275659097508 -0.023070897408118775 -0.005307292933374479 0.999988749485003 -0.004053593403862105 -0.02164565728126979 -0.00024875271246212134 0.004052496150359391 0.9999934222683952 1.0983150566038171
1.0000128954275844 0.0018664275461815166 0.0007068780765464782 0.014422979003181327 -0.0018654481027681527 1.0000523458268746 -0.0008307985827300159 -0.015288249597524865 -0.0007089353981433723 0.0008302320421497478 1.000006655123782 1.1247040450068753
1.000007074322569 -0.0001525136086914176 0.0018984455998638796 -0.004733826655859083 0.0001463217591298576 1.0000218730108694 0.0033596373276558117 -0.009124639025278885 -0.0019002755077209103 -0.0033589717681061036 0.9999939989118155 1.1553724285918778
1.0000018369094146 -0.0005332919275778914 0.0014564118047361854 0.0027137135326465688 0.0005287978676590788 1.0000151576743213 0.003137328816531264 -0.004352654567908722 -0.0014575650126034396 -0.0031362607701825923 0.9999973595169442 1.139402453587447
1.000001126078786 -0.0018619373017337228 0.0020700835503316764 0.0227969554715475 0.0018628853253563823 1.0000176820262476 -0.000419354566541563 -0.03507096601413618 -0.0020692411070257328 0.00042353849547298745 1.0000001828453224 1.1357902621310685
1.0000003698923805 -0.00018377397936924063 0.002266130500905884 0.0017415349702379359 0.00018548196419304025 1.000010654152881 -0.0007328341802483462 -0.02319477657735654 -0.0022661199498631426 0.0007334457375796802 1.000000450553255 1.0904888693351724
0.9999906641099529 0.002817916853356487 0.004519663968804702 -0.012089626756634744 -0.0028214122843961977 1.000026104711589 0.0007872236078932864 -0.011330892069539515 -0.004518107962168841 -0.0007995387059874683 0.9999928578906946 1.1061620738166227
0.9999663151842365 0.004585657922466912 0.006643051228613519 0.008154474059177925 -0.0045916807991054276 0.9999944873947669 0.0008894484178724282 -0.008000207171189487 -0.006639006742479875 -0.0009198417356735581 0.9999781146437279 1.1347938485791151
0.9999798028030485 0.0025154925207314487 0.005837130098247984 -0.009677187693209527 -0.00251710462340016 1.0000066237923229 0.000260803291613592 -0.020670954360759164 -0.005837160187203723 -0.0002753898151361896 0.9999835113847712 1.1090047446492586
0.9999904491217846 0.0006804454497924781 0.006618475593829613 -0.013340325337476776 -0.000676312242444795 1.0000322349018442 -0.0006407609111518509 -0.020700899023943627 -0.00661717527676381 0.0006367150558883726 0.9999799825696974 1.150472058933949
0.9999858764121092 -0.0007340136001886503 0.005551601527867028 0.0011706983148741703 0.0007360560359306751 1.0000083222127965 -0.0003689780629110306 -0.024688838337893735 -0.005551365904407614 0.0003731508151803421 0.9999850731799829 1.1164741073649618
0.9999849323017106 -0.0017411010626642994 0.005908631322357956 0.016204425080192732 0.0017415372310876174 1.0000161691502412 -7.975244793743449e-05 -0.025471720373011555 -0.005908374262301624 9.023244673045024e-05 0.999984073391889 1.1189672457011826
0.9999837384474577 -0.0006956931861359009 0.006207039827691615 0.03251201349109231 0.0006929789920920644 1.0000183608567588 0.0004331220397419632 -0.018287236349609784 -0.006207329712555149 -0.00042854812458021713 0.9999822137206041 1.1409782215046809
0.9999923898923042 -0.002211643207002788 0.005469562108567819 0.020506151428501165 0.0022036969997319697 1.000031859589475 0.0014481218149185694 -0.02438157399547591 -0.0054723476155228105 -0.001435524425282919 0.9999882426831419 1.155966191404373
0.9999853551566893 0.001297530436148128 0.005721353800025679 -0.022277707370906747 -0.0012997739509529429 1.0000128104162773 0.00039084390670714804 -0.008194122154226173 -0.005720895426510965 -0.00039805806826567075 0.9999848768219822 1.145991080291408
0.999981710052968 -0.0008489103386256669 0.006502606728415506 0.02895912528489497 0.0008497598928492035 1.0000153719776628 -0.00012453201014034338 -0.023752455798497208 -0.00650242637742719 0.00013034520672425818 0.9999803150971526 1.1658626383066821
0.9999974007804413 -8.637601001861016e-05 0.004561307970491697 -0.003607594816271837 0.00010301217861850324 1.0000148876696242 -0.003654349812133717 -0.02718461151683788 -0.004561087406117892 0.003655010268637668 0.9999837798837705 1.1494598748204385
0.9999960632215766 -0.00020439758189192653 0.005019972905614154 0.013720410329132703 0.00022852667135964277 1.0000251792132004 -0.004819433025946641 -0.030996343508300928 -0.0050193223390171465 0.0048210020860787435 0.9999785640626058 1.1725616731952386
0.9999950028833411 0.0002700450245247048 0.0038103603439391793 0.007977015731577941 -0.00026658697825265583 1.0000085669367775 -0.0009104180458371214 -0.014530737939263698 -0.0038105931192999247 0.0009094607630018913 0.99999444529582 1.154657020697783
0.9999957049759403 -0.0010930791348288036 0.0034812853148770816 0.017278986187722434 0.0010869757083876016 1.0000207513218171 0.0017650878464427516 -0.009944512989470073 -0.0034831222855897176 -0.0017610861284642237 0.9999970663447662 1.1999938673980766
0.9999971383233189 -0.00011056391638743771 0.0029907588091197266 0.03391679613698545 0.00011027333703264302 1.000019855717241 0.00012647968275662048 -0.028345994880547093 -0.002990906070535155 -0.00012596685731997278 0.9999979675167173 1.202475716952669
1.0000014683260692 0.0016380702487325109 0.0009978000260210571 -0.02634961690950774 -0.0016377389504059938 1.0000149948495731 -0.00029833325712876995 -0.01506177362113478 -0.0009970077274800396 0.00029680936536864266 1.0000009850864915 1.1613445742888124
0.9999950197034845 0.0008346780343447096 0.001661694758340885 -0.024216731051793883 -0.0008360624713576812 1.0000010987812273 0.0008394529201286679 -0.022053171913367548 -0.0016610950104626178 -0.0008408309586959811 0.9999983984411323 1.1821345547676614
1.0000059799113827 0.00019728889916243393 0.0010883693902700817 -0.0009995083068834614 -0.000197075665415054 1.0000251312849184 -0.00011002514708982063 -0.02670582391279904 -0.0010921783956562728 0.00011011292246868353 0.999999420860467 1.178129259986199
1.0000058006046382 0.0004915424344710719 0.0013811392248456874 -0.019590940918168393 -0.0004893984687167963 1.0000260424944234 -0.0015290549062626855 -0.02465687877480991 -0.0013822266914516473 0.0015286382584077211 1.0000013485496522 1.1970892682988183
1.0000062955671314 -0.0010620275007016575 0.0014026855026253305 -0.003596018247290581 0.0010631597321093136 1.000040355581516 -0.0008863094018983961 -0.025185044682840742 -0.0014018613551478147 0.0008881517575589601 1.000005397442956 1.2065476762587348
0.9999968074911434 -0.0032630142759020975 -9.147949044521341e-05 0.0011222357089965974 0.0032630068817434362 1.000001203575171 -7.734592546635204e-05 -0.02671141426359745 9.258300794688254e-05 7.712415295940938e-05 1.0000009207873826 1.2043309106693678
1.0000008084766567 -0.001958505157976424 0.0004720568489813906 0.007665426398274967 0.001958436676043209 1.0000154980423601 0.00027059787641312575 -0.028262456107066323 -0.00047353842640461346 -0.0002695077826382011 1.0000017654123738 1.1914799800638705
0.9999988444575326 -0.0004059361421132558 0.0006821523969758189 0.005014312660582898 0.00040423954749396437 1.00000152438616 0.0025800313748610233 -0.023656285926509854 -0.0006850976336715603 -0.002579708721929053 0.9999966167077572 1.2236213229599326
1.0000041761329967 0.0016251151357434773 7.106764300707012e-05 -0.02880739750758522 -0.0016249423236171436 1.000026384910785 0.002903700003304945 -0.011900681081020744 -6.441741570845201e-05 -0.002903487098751782 1.0000016368135574 1.2200578862259859
1.000000323455326 0.0018021914918007434 0.001266477168522117 -0.012674966447033547 -0.0018024395001881692 1.0000110512195406 0.0002527733497499029 -0.0193971636596146 -0.0012664333564200768 -0.00025489244911158613 1.0000009049079006 1.2046948932739296
1.0000036174623048 0.0009710824831202852 0.00035810676360858426 -0.03361867097430985 -0.0009703068020042248 1.0000115628087753 -0.0018892815497402722 -0.026673746053802603 -0.0003612720500902616 0.0018890778471415096 1.0000004041832036 1.1986350888345492
1.000006650999032 -0.00020557533813398657 0.0003444650612474592 -0.012204956240770823 0.00020640315761455533 1.0000221038190313 -0.001960251338545391 -0.024113936488639912 -0.00034653007933378396 0.0019605757713906775 0.9999998611441144 1.2067315225074249
1.000003784067645 -0.0017427783030275641 0.0007129371885796436 0.019660251445602694 0.0017432180418326879 1.0000174503388848 -0.00046390682887048975 -0.028037447040256076 -0.0007123882824552448 0.0004653464026516656 1.0000021095975857 1.193454077059623
0.9999987845648695 -0.0016256699531684068 9.387848686394717e-05 0.008398322627403405 0.0016256356326104135 1.0000076080433449 0.0011207583764975277 -0.025019821616556095 -9.104036930569942e-05 -0.0011205720319635687 1.0000019323894225 1.1828181138376808
1.0000086836156945 4.266249720596751e-05 0.00034943127088187805 0.020192122174249448 -4.2856266144705705e-05 1.0000522209509037 0.0022018220260009713 -0.022473191844690245 -0.00034810825436798134 -0.0022012910004417102 1.0000060700048938 1.221441992778975
1.0000012815631847 0.00013942265721709178 0.0012609029190685744 0.015967428954424115 -0.00014189582242656225 1.0000122612562745 0.0021107364309025157 -0.028055257187912845 -0.0012587859134855334 -0.002110766979731933 0.9999980886619493 1.2077064746177453
1.0000064858174613 0.0010437977763971106 0.0005644659150141876 -0.025327816017397132 -0.0010436136827726339 1.0000218393902207 0.00012241068752523232 -0.0182134782979429 -0.0005675221956070511 -0.00012267758546063615 1.0000000238693518 1.166761701189394
1.0000042033138004 -0.0005528613979907702 0.0009066986095626489 -0.000935985577691142 0.0005548480904062894 1.000027520041397 -0.0018225864092114709 -0.03042201414398368 -0.0009016769209640593 0.0018234602725957388 1.0000015421263033 1.2033399876474589
1.0000012011025137 -0.0009405286916011471 0.0003489024864780239 0.0032585216866661284 0.0009410789043332507 1.000008932917535 -0.0011360226122173794 -0.029266415471788636 -0.0003485486895206559 0.0011364561112998373 0.9999990244343188 1.182819922978762
1.0000022474647257 -0.0011956291265870812 0.0005128487723285998 0.023999908252917496 0.0011954104451565026 1.0000117298509383 0.000770852595490749 -0.030144912250649934 -0.0005130636613425983 -0.0007701029806321908 1.0000013128179477 1.1772750976693216
1.0000050258847684 -0.0017205983210829834 0.0006472101043145479 0.008353252568509799 0.0017193160465756494 1.000020632344623 0.0024131310265440753 -0.024580986557381657 -0.0006542595122371676 -0.002411657146457732 0.9999975318261167 1.198473131004842
1.0000019608170096 -0.0017557886463872901 0.00012602813827703184 0.0038302570854101604 0.0017558848505929243 1.0000233585024803 0.0019056446980167973 -0.027975870521544103 -0.00012933734759817465 -0.0019050385888955913 1.0000027954242494 1.190826229568641
1.000004707433732 0.0005828417023839459 0.0007274402796502684 0.022102370018255244 -0.0005834970032478457 1.000015674894162 0.0013010343481197502 -0.023178683399932114 -0.0007269705429552593 -0.00130113161395192 1.00000137245451 1.1940092094110708
