1.000000e+00 1.197625e-11 1.704638e-10 0.000000e+00 1.197625e-11 1.000000e+00 3.562503e-10 -1.110223e-16 1.704638e-10 3.562503e-10 1.000000e+00 2.220446e-16
1.0000055490058561 0.0002577132152372419 0.0016544048254051042 -0.04655459513137632 -0.0002576082960866736 1.0000257756381972 0.00012388066615040262 0.0044820778913223615 -0.0016543626530452268 -0.000123932943314317 1.00000288699928 0.08937285510907321
1.000005727052649 0.0003892832749386665 0.0016151511098105088 -0.028925090766279832 -0.000389878025745388 1.000026100509419 0.0005887141577024414 0.0036959324386923228 -0.001614682094586221 -0.0005888575697283066 1.0000014588475563 0.40186158462925203
1.0000037854990813 0.00010445893218596107 0.001190355994404711 0.016788300231382624 -0.00010487969192428189 1.0000170458153166 0.000611703325961278 -0.0158022041736244 -0.0011901612933666586 -0.0006115236501464313 1.0000016326441366 0.7947672465911495
1.0000021412325277 0.00025043746928420937 0.001140870335223334 0.010475166081346887 -0.0002509888606217015 1.0000174969156361 0.0007429320808026277 -0.0035820558823832726 -0.0011406909839422627 -0.0007429284163832904 0.9999985077823881 0.38277618186084067
1.0000057649325813 0.00014873272171861561 0.0008419005604624925 0.011452695253293229 -0.00014862471215937195 1.000025419321562 0.0004634316416244109 0.008235618257837725 -0.0008416222114481941 -0.00046308006393238146 1.000000196270332 0.1551998596120491
1.000005727855828 7.481164595093829e-05 0.0010238091953035902 0.02772958678329201 -7.46271114292692e-05 1.0000229758411345 0.0002907228366393787 0.0007077397038012728 -0.0010240995788196746 -0.00029036747190556956 0.9999989022680883 0.03762712973143716
1.0000043877256535 3.2043858293829e-05 0.0008591230418552071 -0.023967152200338505 -3.215335520383912e-05 1.0000143113046185 0.00037582296852694223 0.008695107418773121 -0.0008591172872698157 -0.0003756115393336885 1.0000042724968112 0.1135103658613582
1.0000051952390556 6.819668980467391e-05 0.00042764851811384917 -0.006134762625626446 -6.813469470212964e-05 1.0000257642224428 0.0009095311606706347 -0.02651924157491391 -0.00042739475375017935 -0.0009091292795252473 1.000003281189635 1.1987023087410136
1.0000060604308325 -0.00015353762021735754 -0.0008761425988359164 -0.0011509945946278075 0.0001542994330655501 1.0000210845824749 0.00043927850885713354 -0.022332008548056746 0.0008759855369681051 -0.0004390384259041292 1.0000015856107243 1.1928732923298984
1.0000020952941646 -0.000566358508047737 -0.0021722793589244093 0.05674381123851176 0.0005666430101189931 1.0000179947836985 -2.9760175421877426e-05 0.0011732181712022923 0.0021723551626724015 2.8886089769649905e-05 1.0000028187644747 0.1085545591539644
1.0000132294899782 -2.6861112338394083e-05 -0.002190342746983016 -0.01328477060552817 2.7718827256724214e-05 1.0000295594401878 0.00018020485041334567 0.009063038246051463 0.0021905548684592897 -0.00017959879464484908 0.9999990258022873 0.05127761689755946
1.0000025308739584 0.0004853510599090674 -0.0007860052805081392 0.00039857059721722576 -0.00048479055193312634 1.0000119715319364 0.0003513590488932194 -9.700838696728979e-05 0.0007861566969820136 -0.00035078040376116 1.000002574224468 0.16290915251694518
1.000003851934428 0.0011114499634891026 -0.0006383494970213435 -0.049791590796293236 -0.0011110224648110787 1.0000184992639378 0.00032483802735197115 0.002250346238584093 0.0006387179548508413 -0.00032380611210477327 1.0000036787821485 0.24216194549014208
1.0000001405939487 -0.00023784130534066484 -0.00025832984552624034 0.005618278517011396 0.00023817893890595683 1.000013077297796 0.00046553993102277813 -0.005357196039049999 0.0002585221389793632 -0.000465415089537352 1.0000021667468475 0.12366496257894782
1.0000082570982252 0.0003131414658204865 -7.396074938661848e-05 0.01885627180913352 -0.00031262737192363143 1.0000292969775681 0.0008311715310733909 -0.00908163957802676 7.413259886664909e-05 -0.0008305854162204851 1.0000047315996587 0.3281315107390782
1.0000033733214173 0.00013293398859930106 -9.886840670993385e-05 0.025093463824960277 -0.00013252415031975902 1.0000181821986471 0.0008472812730925317 -0.006108852422800033 9.904785843152388e-05 -0.000846940555734916 1.000001771926914 0.23136493988622756
0.9999997389217105 0.000602922237041071 -0.00039466099003456 0.016123349435069167 -0.0006026186390513319 1.0000177423797247 -0.0001509125415910228 -0.0002956635266513065 0.0003951255132515279 0.00015148685428267145 1.0000033841325444 -0.031208677863466497
1.0000046333801946 0.00038510345077321116 -0.0001589405150385972 -0.0017732503052517808 -0.00038474480097254465 1.0000236601246155 0.0001216216381720539 0.002632202524158234 0.00015867341524717187 -0.0001211065025870204 1.0000028495762632 -0.030773819747810963
1.0000020524537918 0.0003408816524661897 -4.541590612979336e-05 -0.005058588740603502 -0.00034055704964829346 1.0000151919198248 0.0009257638777382982 -0.0081531367515031 4.557532436528859e-05 -0.0009254538470059039 1.000000345402649 0.3403071337742441
1.0000032713076359 0.0002980010594350319 -0.0006344613916813959 0.004382201302582259 -0.0002971733110015156 1.0000230081784864 0.0007348059090326422 0.0005416037412154511 0.000634736401834756 -0.0007342048156777318 1.0000020870897988 0.16028654933967076
1.0000057048599247 0.0005266661181055153 -0.000715081833259791 -0.018280845781420387 -0.0005264540148035835 1.0000147433915254 4.758393252665432e-05 0.005717140775250188 0.0007147903319754466 -4.689298301708107e-05 0.9999991295103253 -0.04421151145184973
1.0000053532584663 0.000826766905435097 -0.0005150959921928471 -0.027050931731084388 -0.0008259430187023746 1.0000220605842223 0.0008359230228704164 -0.0032576966342786782 0.0005157301005468774 -0.0008351654088241425 1.0000048242687445 0.35818632102488007
1.0000037811126232 -0.0010101771550641277 -0.0009669836053844669 -0.01648268478526268 0.001011482455576418 1.000015970644125 0.001145488669581662 -0.018410770851881815 0.0009656411418257146 -0.0011460906038277517 1.000000341219476 1.20031713122868
1.0000049549192984 6.146956541728664e-05 -0.001080476426219419 0.03396354986618471 -6.039635826488772e-05 1.0000195614988336 0.0006802170368710176 -0.008250561197604228 0.0010805286108093333 -0.0006797278978307345 1.000000555928506 0.16373449879875765
1.0000046963981153 7.014419842195447e-05 -0.00041323156569067227 0.00849419769398552 -7.011694774285975e-05 1.0000158284738878 -0.0004965853755368182 0.009111515626863345 0.0004131334253316159 0.0004970157276294428 1.0000026873324892 -0.12023268096644
1.0000022126456287 -0.00018139358727648739 -0.0004552851894984764 0.005856369869880203 0.0001813696839353893 1.0000059975699924 -0.00013886846008199184 0.004168449741034406 0.00045541309155900273 0.00013900306534976435 0.9999993581654452 -0.11462434432738265
1.0000033395217165 0.0005263679616910055 0.0005115707607778007 -0.010160986938302415 -0.0005264410929641961 1.0000102358886063 0.0004478037177637613 0.003477493183836838 -0.0005113479410620212 -0.0004478145149903945 1.0000017071995568 0.1019013862229278
1.0000040451340009 -9.046933055408259e-05 0.000251348420151901 0.02858024846077056 9.04766186457698e-05 1.0000099722635771 0.0006056802519338148 -0.006289884874774822 -0.00025140987442265133 -0.0006054318285029035 1.0000025338554597 0.21454994046835382
1.0000022948428253 0.0001475112640429376 -0.0003828272118039675 0.014241712262494806 -0.00014702741344019016 1.000014159070299 0.0006191051775566128 -0.0034490119814225913 0.0003830303148515814 -0.0006188221964318532 1.0000041813753089 0.19088783357386407
1.0000051211480943 -0.00019869153163026674 0.00011412770463909383 0.04346734243276961 0.00019907483210630507 1.0000214125924678 0.00030587906656469354 -0.008590324820931283 -0.00011448156772727734 -0.00030535098245361447 1.0000003905674661 0.057893281451562896
1.0000032217435069 0.00040062081924460864 0.00011965023514068193 -0.03374115390397049 -0.0004002681498376139 1.0000185456188329 0.00039754658915240815 0.001507336746823632 -0.00011955922003079858 -0.0003971499117084068 1.0000035694993867 0.08295490038899213
1.00000443493619 -0.00012028637121670215 0.0004530047184438722 0.031206841289435808 0.00012016327236114485 1.0000170804504016 0.000895970277253068 -0.012549667989187639 -0.0004531646622482864 -0.0008956248314121222 1.0000008289826665 0.22704677770914042
1.0000027639783804 0.0004347069683008438 -0.00012015866081098492 -0.011148443571975749 -0.0004342166386473511 1.000014341205335 0.0008877594194735405 -0.02109483450458548 0.00012037319692799848 -0.000887428275513067 1.0000019916728788 1.1959067552112772
1.0000043948109032 8.323558773695718e-05 -0.0003916045508538187 -0.016891172565026612 -8.240244566775802e-05 1.0000200462948317 0.0010534870622016291 -0.008521190633771481 0.00039179370209322924 -0.001053067888903065 1.0000021995590698 0.7504494120348401
1.0000036598424198 0.0006278621692472666 0.0005375728257121909 -0.017428908584903945 -0.0006274934946202031 1.0000153412742319 6.735778349111092e-05 0.003465568838552324 -0.0005377109870332371 -6.733937211884951e-05 1.0000012498987072 0.022699371222352823
1.0000000716622353 0.000583264816666166 0.001147102613297711 -0.047913881689094884 -0.0005832935547791649 1.0000091696896483 0.0002321486459481222 0.004034143338025921 -0.001147293349992399 -0.0002326577278314964 0.9999993830192713 0.11534022030061276
1.000001566312844 0.0023378252384457935 0.0007804753924406004 -0.009398827577118754 -0.002338482103040856 1.0000130885469842 0.0012700099271228395 -0.019508002747776657 -0.000777992308778549 -0.001271460816983755 1.0000019056429785 1.2197312016294102
1.0000036100357388 -0.0002119875948785161 0.001320362620543031 -0.024910831567381886 0.0002092516583832851 1.0000136610598294 0.002306800520319047 -0.028816374974123912 -0.0013215771435455491 -0.002306138294555256 0.9999991737486877 1.2062795120062966
1.0000033820480485 0.0005508050802684346 0.0018560287582302492 -0.027043745196524832 -0.0005545146238574947 1.000017120292645 0.0021744929360132683 -0.02158283434078258 -0.0018568649728495541 -0.0021750752147410577 0.9999975746912906 1.208097845954473
1.000004594362663 -4.0973007948280694e-05 0.0020942829564786145 -0.01730498509163033 3.625626772191887e-05 1.0000174110894822 0.002416102904083025 -0.02188146730238779 -0.0020949370669427285 -0.002415517609018423 0.9999967052087293 1.2107703119867597
1.0000059685334612 -0.0003761090833128724 0.0009087890716029354 -0.02592089192913992 0.0003754054158973684 1.0000172493676032 0.0011039505818072233 -0.023616893243828242 -0.0009098729218093239 -0.0011031465283513763 1.0000024339839353 1.2038024061590247
1.0000029933834391 -0.0006619687619887355 0.0019132784515289761 0.02470018241847564 0.0006629552165395873 0.9999975993026586 -0.0005627232852523698 0.01688720867474919 -0.001915247317787948 0.0005641100902300018 0.9999975681372631 -0.08902375253306045
1.000004244228967 0.0010462233685614069 0.001406609764481145 -0.021150778083424294 -0.0010444605409852038 1.0000132512381776 -0.0009813225959899436 0.015500379884907257 -0.0014084778550104353 0.0009802543006210797 0.9999992937510668 -0.1185060898652059
1.0000006482352175 0.00027874789946738814 0.0010289947533048086 0.031010317222343237 -0.0002783416550277524 1.0000129070561505 -5.29552364728594e-05 0.015454865766596083 -0.001028891024922779 5.289254042327307e-05 1.0000013986350214 0.2760942323517482
1.000000740493792 -0.0002450865610362942 0.00017357217007231838 0.040426673473959736 0.000245202107589706 1.000005833666824 0.0003551421752246284 -0.00179650585687172 -0.00017371853901809603 -0.0003549451896651782 1.0000001795512503 0.10224717210618262
1.000009479718131 5.6573471870141446e-05 -0.0005250691949407822 0.019556931793319823 -5.6244051026178365e-05 1.0000192943615422 -0.00022186408293454706 0.009888388667790316 0.0005243351652754164 0.00022234400597210727 1.0000011118285885 -0.08671604871883823
0.9999999659675335 0.00012879034161824077 -0.0017606106014204776 -0.0011876840015781131 -0.00012718939012595473 1.0000125532794826 0.0007108534009570378 0.00353093158138119 0.0017607397526796706 -0.00071041999848451 1.0000023093693737 0.6217211066406919
0.9999977412592765 -0.000529751450462948 -0.002741663190516738 -0.023530806453143798 0.0005334371406166607 1.0000128238566766 0.0011946617054440182 -0.01813162028795643 0.002741174425554383 -0.001195909712263802 0.9999986037204903 0.9473402550926159
1.0000028017143023 0.0009394372427529188 -0.0014245381904957864 -0.010327337817421905 -0.0009379434103082797 1.0000178947501652 0.0007646976647459357 0.003950609335211666 0.0014250769195601391 -0.000762962092729631 1.0000004010031625 0.37400991541819334
1.0000050500930635 0.0008170401331653086 -0.0009338453197413663 -0.04902077495699234 -0.0008165873060165588 1.0000201228159085 0.000171404185111162 0.009826482105036087 0.0009339851048808616 -0.00017027319226334029 1.0000047029742978 0.1379539555066794
1.000001419589043 0.00018384152068371833 -0.00045049256045262244 -0.0303995685256705 -0.00018351247650707033 1.0000100350683017 0.00047843674711471574 0.008894029993903308 0.00045057269436513803 -0.0004781973440077201 1.000001520510197 0.14336281496312336
1.0000066424070844 -0.00042727058796695506 -0.00046590430663698057 -0.006347649683306088 0.00042773631770133205 1.0000238495431313 0.00010227153631299445 0.01314523030775833 0.0004663846545660802 -0.00010193309831869111 1.0000013962375942 -0.03278767290887002
1.0000035548622659 -0.00020008648268609347 -0.0005821623762431813 0.04070399820951283 0.00020023957731752452 1.0000161498023785 -8.97071157193157e-05 0.0020435835069796673 0.0005824631348635638 8.994718885583985e-05 0.999999263975906 -0.002964526779422655
1.0000042518290961 -0.00023353987000868906 1.363140613801976e-05 -0.005509620081134211 0.00023354854188617637 1.0000195445151672 0.0010333502060462317 -0.018254169557210088 -1.3837433469947216e-05 -0.0010329457252605707 1.0000017124272333 1.0364247015281305
1.000003009054009 -0.0005220187925154291 3.629194427041506e-05 0.008938371134072344 0.000521976540720248 1.000015711434623 0.0010307653040497805 -0.020817788628380345 -3.677763523068426e-05 -0.001030410231100303 0.9999995611910215 1.206514265680124
1.0000065794392836 0.0007974546865051355 -0.00024192345382257913 -0.0076890120316494516 -0.0007977080544449457 1.0000270376449103 -0.0007263261532453088 0.009479723601303362 0.0002415048327355988 0.0007270599678090697 1.0000009176386442 -0.03172170355407658
1.000006849798874 0.0005493055701999837 0.00010892652008032453 -0.02209600625752528 -0.0005493386213868131 1.0000255068569115 -0.00013586888572072602 0.011651664202146882 -0.00010878924102070603 0.000136235355844056 1.0000009079044978 0.16711602219723076
1.0000068593465647 0.0011917406558523403 0.0002604234967285479 0.003431514774728655 -0.0011919430965997458 1.0000243023640238 0.00025046629940013166 -0.01985863936751117 -0.00025973786163214216 -0.00025024287210962407 1.0000019119208143 1.1798314706683903
1.0000059342902845 0.00044640364414478515 -0.0004460166672002419 -0.021109012537908613 -0.00044629329445680774 1.0000171214605889 0.0007251179604164187 -0.010022232368582613 0.0004475760243415223 -0.0007244566454632595 1.00000039452445 0.8557016769779224
1.000004877639807 0.0006244665175103523 0.0002435321315800611 -0.0183824764269593 -0.0006248377666395127 1.0000144304422331 0.00043480846971964443 -0.014553299457923214 -0.0002423720054283082 -0.00043460400982345184 1.0000021745815246 1.1007693533791791
1.0000038488684573 -0.00016060966386288562 0.0009528274287718022 0.007123687252056966 0.00015975533294690085 1.0000131394263214 0.0006871055752364295 -0.024647558716124444 -0.0009525202475652073 -0.000686584428431122 1.0000002726493085 1.1311843863997775
1.0000025338817486 0.0006685941040358865 0.0018908868396374514 -0.017034203570630808 -0.0006694242467444188 1.000007309177993 0.0003669690462016324 -0.014516747757194479 -0.0018894435806342434 -0.0003680249428128111 0.9999992799813693 1.1756625761398172
0.9999945972895656 -0.0010975940260080405 0.003167522097753379 0.006450966132838546 0.0010995745551140143 0.9999945212713162 -0.000613333662377656 0.015401300629451426 -0.003165245766483486 0.0006167569290262186 0.9999946596003325 -0.05498214392153422
0.9999974935674016 -0.0018053780654196552 0.002163148103568634 0.003982259239425897 0.0018145704068249504 0.9999976631300596 -0.004382923078442356 -0.04724853483997954 -0.0021556885607984587 0.00438694301971723 0.9999906113780138 1.179570990994855
1.0000001633087479 0.0005246356517374848 0.0026877523229132433 0.007986360482435739 -0.0005240385647981888 1.000020227066639 -0.00040035910026437247 0.01195883754401663 -0.002688590528320654 0.0003991776323440662 0.9999997408544611 0.27637901236316975
1.0000026464654954 -0.0008425005123549333 0.0024758464677350684 0.003674540038248724 0.0008352312661680781 1.0000177230080753 0.0028268523918551936 -0.01649272872292226 -0.0024788941458588004 -0.0028243839421264985 0.9999960536499087 1.1766278303576083
0.9999988053625187 -0.0005254744092999784 0.003445151789899937 0.015826627042539277 0.0005212911378763453 1.00001826474341 0.0011583840093762469 -0.03133811006614946 -0.0034446063455077984 -0.0011561562938673631 0.9999956086151996 1.1774056801193413
0.9999931372994451 0.00020951646745423974 0.004733521603020751 -0.02202191000922789 -0.0002067955601535084 1.0000169404090324 -0.0006382333131681598 0.018369514670132092 -0.004732662781442855 0.000637573758466959 0.9999898427738244 0.1017978701802427
0.9999974642082459 -0.0009407899975843155 0.00377633609439621 0.06972872309871105 0.0009440074879518159 1.0000160439033494 -0.0009414321397887763 0.00964868162025116 -0.0037739079894811988 0.0009453316485287793 0.9999951021658586 -0.29328067311305894
0.9999977993183126 -0.00029472546293991743 0.003850952956734423 0.07102082636680486 0.00030037324891412666 1.000017704709119 -0.0015930301351190258 0.01038454871948142 -0.003849920495421075 0.0015945123885088089 0.9999936766388547 -0.2852037347517504
0.999998089765349 -0.000493056546206185 0.0033392793684885375 0.06177469677738534 0.0004907687836129656 1.0000162696820996 0.000540402522770229 0.00039454448140018814 -0.0033394279936404194 -0.0005384619415182143 0.9999971304992288 -0.029234857743831805
0.9999986558851764 -0.00013987785786773285 0.003901037913254166 0.018010199354877614 0.00013535986323387554 1.0000202065223758 0.0010993628190503336 -0.029014728358945797 -0.003900957304971095 -0.001098371680273784 0.9999941737295872 1.1535875926539483
0.9999971446994067 0.0005953240670431524 0.003950461725287317 -0.004636824697802326 -0.0005965562757525041 1.0000187750669762 0.00024446493549433554 -0.022522131192065573 -0.003950306610893344 -0.00024639648624165015 0.9999953122024712 1.1738283142710213
0.9999958711968774 -0.0005511467772919533 0.0038766020481433685 0.0479676036318047 0.000552102792401473 1.000008316578468 -0.0002738113189121385 0.013339679994961644 -0.0038766568493003705 0.00027616922017495156 0.9999932770270693 -0.14249617032323006
0.9999989018414728 -0.0004410962187845041 0.003871000669688013 0.03285361889700183 0.00044282232850087906 1.0000153199237496 -0.0004990555586140766 0.013936740142554596 -0.0038716269454869626 0.0005011545834052859 0.999993139774409 -0.1556923111813773
0.9999991083826747 -0.0004602286857470637 0.0036631927422488093 0.027294112356577582 0.0004564637495349211 1.0000244257603998 0.0009075901098902473 0.008808716794190201 -0.003663642558219841 -0.0009054070465117756 0.999995621554312 0.05208141414796766
0.9999998733783166 -0.0009796732837456402 0.003083724506073965 0.0128228971555669 0.0009766828668698656 1.0000186686208403 0.0008882621824410125 -0.026883671538440793 -0.003084954062596399 -0.0008848672536785474 0.9999945974580531 1.1358324471710695
1.0000014548391216 -0.00026564566669424534 0.002985239389298759 0.003855245312055415 0.0002628903341411736 1.0000235800334527 0.0008353539367425738 -0.023774903702746306 -0.0029850921775624426 -0.0008339735462955487 0.999999645919643 1.1775290122267972
1.0000006021985999 -0.0002628728053179141 0.002532917526050957 0.009311722170203117 0.00026025236714261984 1.0000171840898724 0.0009523474855607796 -0.024415635488068396 -0.0025325768428011096 -0.0009512107575409192 0.9999977609836045 1.1482095710899738
0.9999999682374954 -0.0008286172992694853 0.0027482257570793506 0.0038858935076410382 0.0008269985356371499 1.0000122369367865 0.0005551092149506663 -0.0225047272717702 -0.002749337329836304 -0.0005524987596240318 0.9999967277214857 1.1695709167694366
1.000004359176768 -0.0008067978156656262 0.0021418830002713856 0.08150916450828469 0.0008080740261446617 1.0000090708579519 -0.0006014513438342094 0.008192460144062202 -0.0021432731446733547 0.0006033991390186154 0.9999974110891762 0.275506718003295
1.0000039944991124 -0.0009062963679385833 0.002234166103047841 -0.00616650947941508 0.0009121086675329477 1.0000127598967705 -0.002601874524883139 -0.028656833042784085 -0.0022325705501504314 0.00260430297914281 0.9999961245127861 1.1681162284313342
1.0000061867942796 -0.00015889089085732676 0.0018691183107593394 0.02484354097147078 0.00016020520657671742 1.000024366446085 -0.0006836368806766591 0.01682461346077383 -0.001869540877238169 0.0006844349687106609 1.000001134794753 0.10536546525436782
1.0000032972467725 -0.0005118864103134274 0.0017078149604074448 0.029277081599581818 0.0005116996380906128 1.0000210404134424 0.0001950358794082164 0.008650329642393357 -0.0017091095121695825 -0.00019374780662298046 0.9999991369881033 -0.10577993099161281
1.000010721001821 -0.0005368874367664013 0.0004895580456681181 0.00159438933498102 0.0005365712361210498 1.0000328775883731 0.0012849224677448927 0.004696291894760151 -0.0004912230666524875 -0.0012840246705479073 1.0000026295502746 0.25362743984036246
1.0000044043624559 3.3287059210067745e-05 -0.0009610233439492842 -0.019303493103251763 -3.204160594634704e-05 1.0000171529960982 0.0011634975627357335 -0.017462601430530002 0.000960562760545349 -0.0011630784944659314 0.9999998328006425 1.1812501555235733
1.0000051493024888 -0.0003361060275951854 -0.0014548657133323466 -0.009213217635504816 0.00033772563091696747 1.0000258095815842 0.0009404545271358836 -0.024327400695662606 0.0014538241129091725 -0.0009403773577803907 1.0000011936484647 1.1988021611289346
1.0000052324229436 0.0003045304491870544 -0.001686161613996865 -0.013896129689015414 -0.00030347722802324766 1.000023673733986 0.0004883518212877068 -0.014776102518790309 0.0016857713871286126 -0.0004873386883316113 1.0000016746001583 1.1952962627526862
1.0000045767441512 -0.0007454584778420818 -0.0019679711054444863 0.017116096093415013 0.0007480636299547576 1.0000246438880045 0.0011843113600679793 0.0072697044404488485 0.0019668860269319876 -0.0011852798109607187 1.0000005691615117 0.30318684486631053
1.0000053279639787 -0.0005940434299636255 -0.0026901541375030703 -0.013853901319148928 0.0005962089187084455 1.0000293856000861 0.0006981974270482571 0.014170308529151172 0.0026886099216750156 -0.0006991257879304653 0.9999989998478558 0.16057839320984751
1.0000012672578615 -0.00010135830077692783 -0.0030049009630286096 -0.05391184833240057 0.00010322188971175304 1.0000231615712725 0.000569494249106762 0.01790512625226845 0.00300433969586122 -0.0005693037040069475 0.999998738356776 0.09802779163847627
0.9999979651777372 -0.0006380523589310798 -0.003203158333632279 0.011516351402529438 0.000641224978804987 1.0000209539809692 0.0009058653594208027 0.009033840880612787 0.0032026535397802493 -0.0009074257569822466 0.9999965153404144 0.15881785088033282
0.9999987091369313 0.0002908654547183322 -0.0037079810716777045 -0.010640874836321996 -0.000287915790728522 1.000022161050775 0.0007274383532206753 -0.0157152552861023 0.0037078754027118793 -0.0007258742500089342 0.9999940939797394 1.2167476486850481
0.9999973111401123 0.00016381803492081365 -0.004195851824832867 -0.011380246559883697 -0.00016061866877790817 1.0000255064339463 0.0006856623561727535 -0.02403521880451471 0.004195994124499034 -0.0006844039242014275 0.9999942457693496 1.1923386124980235
0.9999952073877956 -0.0005184622910728735 -0.004263359972669259 0.018983783892010112 0.000524528492329256 1.0000177629180156 0.001359418692470261 0.006174684848044419 0.004262547451544211 -0.0013612035899551696 0.9999913384024639 0.4801341808328519
0.9999935472028686 -0.0007421499718134734 -0.0045907630438647455 -0.004393550997174409 0.0007468358647626018 1.0000180144528414 0.0009700792845058694 0.011501185730263977 0.004590079208589012 -0.0009730827398347642 0.9999905806271514 0.2418279711009881
0.9999977716732085 -0.000538059907480789 -0.0040228433446926485 -0.05543232103831185 0.000542314455152364 1.0000195103849048 0.0009722857302868817 0.018513635548414776 0.004022330505927447 -0.0009739644891879452 0.9999940030557586 0.14945975971570102
0.9999863564411272 -0.0005121704042727316 -0.0046681602979426265 -0.04175053120669773 0.000515004240135936 1.0000013030516086 0.0005921493780420667 0.015754816439746418 0.004667764867387896 -0.0005945944354650325 0.9999849672007942 0.07202941316516366
0.999996396007189 -0.0007584771050747356 -0.004306204693960735 -0.04681231780834824 0.0007617863528929099 1.0000164150802855 0.0007170055338314472 0.015784017634913397 0.004305650530758408 -0.0007199678365404087 0.9999932701792417 0.053153414299489415
0.9999994628314663 -0.00047588352779315236 -0.00337820441205311 -0.08355383364017437 0.0004790553560841982 1.0000244777577696 0.0008297190693217082 0.021063219939303237 0.003377859551387022 -0.0008308488924931406 0.9999974464887842 0.18158944768857782
1.0000027999248384 0.001468463029578768 -0.002072263408866695 -0.0050509906210702395 -0.0014675121803757079 1.0000254040523453 0.0003004752419166793 -0.016398232841349704 0.002072748887616996 -0.00029691144712329603 1.00000067906174 1.1903257181988047
1.0000073541548733 -0.0005745446438803985 -0.0006948004421947287 -0.04831170579470304 0.0005755631119410874 1.0000200369792878 0.0009527895490683729 0.007606088266473278 0.0006945147066959107 -0.0009527422482588204 1.0000021064866924 0.1535970885309405
1.000004139066789 0.0002155153274215211 -0.0011772544471929107 -0.04401227370134606 -0.00021384768550312044 1.0000211269938042 0.0010938352032783213 0.007622623962100504 0.0011775303946312203 -0.0010931680891973726 1.0000006500772323 0.5976812984982738
1.0000046308072634 0.0009302439965209802 -0.001257992730262024 -0.01814871333643561 -0.0009290949251925734 1.0000251367321704 0.00069418910522642 -0.018491347618761502 0.001258872536020378 -0.0006925607651360092 1.000002245693036 1.2366439662103206
1.0000043611952787 -0.00014831280386663162 -0.00020743367740098232 -0.0012756849670510348 0.00014894335554291432 1.0000203303392285 0.0010475863636616363 -0.009651703873955544 0.00020699944152674445 -0.0010471753097280687 1.0000020644771186 0.6881587903085655
1.0000009694349128 0.0024725061383442724 -0.0011599025811182477 -0.03026731889218363 -0.0024706784731672055 1.0000126018310689 0.0014253228356179146 -0.017979501007579623 0.0011627339737957903 -0.0014220779781175413 1.0000005353934083 1.2527716770585586
1.0000059017589267 0.0008811209681535799 -0.0007061630017256194 -0.019320528442246118 -0.0008793185116033708 1.0000232629422163 0.0021650824237817484 -0.009709942795245945 0.0007078356732452188 -0.002163959513555307 1.0000005142094657 1.2671206241262145
1.0000030138649896 -0.0010564772664262041 -0.0003162497187667027 0.021360975962439858 0.0010569774937468253 1.0000184975896618 0.0003573958731187926 -0.029793203492379097 0.00031607494007064227 -0.0003573378256352748 1.0000026804569153 1.1267256643620254
1.000002899076146 -0.0007304020144996203 6.776814917023121e-05 -0.016703986971476445 0.0007307256871549109 1.0000146407042554 0.00012673595703548227 0.020909271582344846 -6.758245736533365e-05 -0.00012639393672208646 1.0000019650288305 -0.07749104261418041
1.000001106843281 -0.0027211356979921805 -0.001053401447205329 0.020665151021422936 0.0027229044172498006 1.000009869572366 0.0013707879462975118 0.012777815960767871 0.0010490353289328727 -0.0013732918469852252 1.0000004150011548 0.403829447875424
0.999999926992823 -0.0023270134392279905 -0.0014432158473703977 -0.010892663303550206 0.002329114823067696 1.0000146755511712 0.001274393879909599 -0.030400678780813872 0.0014401972632348892 -0.0012774540338289567 1.0000002391578267 1.2732635172446118
1.0000023736120454 -0.0017077703143986295 -0.00031952503836399793 0.012453329643693847 0.0017084572891828242 1.00001663161459 0.0010590607124664091 -0.02132968882401315 0.00031735620375985006 -0.0010592165504453505 1.0000019866405998 1.286521984564263
1.0000023374836395 -0.0014928023976429803 7.949451297471805e-05 0.006975206363757017 0.0014930971927860377 1.0000162113344866 0.0006334297032571211 -0.024074858655821475 -8.054447169143878e-05 -0.0006329710738696879 1.0000003042126104 1.285750145827121
0.9999998731949425 -0.002692587792677835 -0.00014531151498240244 0.00995300567963962 0.002692466571295724 1.00000089140638 -0.001384584575632742 -0.036893653186888996 0.00014836678756940271 0.0013843247136267826 0.9999992082842066 1.2610920708197426
1.0000007599128364 -0.001001579597293542 -0.000165502429757753 0.06792392029542817 0.0010018933485038618 1.0000085774549756 9.569370022475813e-05 0.012400156326511338 0.00016494577784365404 -9.559198096506248e-05 1.0000020146367827 -0.03682608542567764
1.0000046870726587 -0.0008534329566958478 4.025710842266774e-05 0.08605224786177065 0.0008537892735002145 1.0000162347849886 0.0007789782337332448 -0.0028320232382630654 -4.186920351721182e-05 -0.000778476741158015 1.0000004756209038 0.17226294148722995
1.0000021519506819 -0.00014908218235923766 0.0008296569746685711 0.0029750752206297837 0.00014869045583434741 1.0000118197805368 0.0008754583746921195 0.007305538203067858 -0.0008300679612505526 -0.0008750087451111558 1.0000022258310064 0.35747515351888526
1.0000020060158605 0.00047756798542469153 0.0010686428268802547 0.007470222949556957 -0.000478374377124385 1.0000128472517797 0.0011611878414552437 -0.02965525639505276 -0.001067893968968961 -0.001161407492738916 1.0000017034050994 1.287152421655527
1.0000014716440404 0.0015232392489630258 0.0003060189949714725 -0.021488946418383698 -0.0015232765750363801 1.0000070914510342 0.0008703036415029744 -0.011857985419913054 -0.0003053195009542187 -0.0008705592406660618 1.000001008847948 1.2867936099004755
1.0000022129491384 -0.00022169800784139766 0.0009398498927302782 -0.05457907016419141 0.00022188922655399582 1.0000006657121698 -0.0002524766615532758 0.007917258696829733 -0.0009405536603602486 0.0002527940963426227 1.0000006548570273 -0.00948706020098868
1.0000047900015663 0.0007038233845492217 0.0002620484164272291 -0.038647819283234935 -0.0007031687655315124 1.0000225551722823 -0.00026286405852995364 0.014106023830414434 -0.00026234615733237353 0.00026311678540353423 1.0000036972136959 0.04196669852852568
1.0000017170472968 4.087985100431569e-06 0.0005882390151712464 -0.04707905480827973 -3.4185180074380907e-06 1.000006764062215 -0.0008564802288476947 0.01385235712052314 -0.0005881776149445097 0.0008567319691305777 0.9999992330686341 -0.2038327951207369
1.00000238173297 -0.0011020792896348094 0.0009454044591499355 -0.013166645709819529 0.0011051969866795381 1.0000109307475429 -0.002944678680904352 -0.04313096875805196 -0.0009421987195838056 0.002946017671427806 0.9999966113844275 1.2756122003703916
1.000002547064197 4.959193945051934e-05 0.00011814231050208743 0.00405964057550329 -4.8977446954611975e-05 1.0000098928696337 -0.0027327742022034973 -0.02653575888535302 -0.00011827657904699314 0.002733003266923058 0.999997991883129 1.2736260323304078
1.000002896152287 -0.00023154793096335336 0.0006306907706687185 -0.034747840563533056 0.00023172963259433696 1.0000054006927164 6.514563470334216e-05 -0.0013251855149343848 -0.0006287197713308019 -6.478897005884443e-05 1.0000005397586171 -0.00550238369654613
1.0000052036826454 1.1712851725973502e-06 0.00012934679061310796 0.02224961922532061 -7.155050360243954e-07 1.000016848352443 0.0008638118020242047 -0.005127498162946841 -0.00012895690564564453 -0.0008633819966993755 1.0000004039933081 0.31910664519502746
1.0000019154521185 0.00030212581603629326 0.0003559460050714576 -0.034971491000763834 -0.00030216412452450996 1.000007651352973 0.0008407346964645769 -0.00027804790135369477 -0.00035547761732240157 -0.000840595320869996 1.0000004394035993 0.37759433801161185
1.0000042239831728 0.00035923245299357697 5.628743268471077e-05 -0.006874278302230463 -0.00035881479382723696 1.0000220998300344 0.0006229842457744613 -0.025178790071960482 -5.5728698059204874e-05 -0.0006225560924547619 1.000003463592759 1.2595331607508529
1.00000225338694 -2.5108763072046056e-06 -0.0003276015826195785 -0.0278096165514988 3.029446180540434e-06 1.0000121067582906 0.0007959802872499463 -0.0002052262068385589 0.0003275568903948707 -0.0007957164582171596 1.0000001152516658 0.5112042501067127
1.0000034011172523 -0.00016472883247685793 -0.0004675268966643322 -0.03555794158288256 0.0001651547530625938 1.0000124515102982 0.0003926806856494532 0.0032936063612434593 0.00046748251778600675 -0.00039252000694358014 1.000003538824593 0.1437240942966045
0.9999996028707681 6.159698371975616e-05 -0.0003289865756514807 -0.024231118272411725 -6.139940637429198e-05 0.9999990186593702 0.0006800989275604789 -2.8336622108683068e-05 0.00032896984849211026 -0.0006800594827092964 0.9999999104496543 0.30028926525362803
1.0000036581843619 -0.0004682303978957392 -0.0011336472041743493 -0.016333789684430264 0.00046944861737902824 1.0000209969848073 0.0006818517687799619 -0.02248428791246232 0.0011331459044963358 -0.0006820228069401684 1.000002444201281 1.269586218348607
1.0000003400250468 0.0005686321039374144 -0.001268819057883591 -0.019784548850767053 -0.0005672025274049558 1.0000094055712139 0.0009199932285759016 -0.005187575942904438 0.0012690840650334057 -0.0009190804534869023 0.999999361641757 0.6474828532359364
1.000001354406429 3.756719773626625e-05 -0.0009264246750324502 -0.0056317249304823 -3.7113480889675854e-05 1.0000174610934218 8.150895739972076e-05 0.0051834789650468584 0.0009265499351536627 -8.117165645526214e-05 1.0000033188355708 -0.03978542483175888
1.00000174182452 0.0006808843209844468 -0.0008671036785313726 -0.009760476037702347 -0.00068059329935625 1.0000109647829447 6.0192964820498765e-05 0.006925174124171668 0.0008671172436140782 -5.9412228319925716e-05 1.0000025165095343 0.016057725223607145
1.000004707052125 0.0005641769954277976 -0.0009713821029296554 -0.02644159377303274 -0.0005631735067994141 1.0000248348296756 0.00047915462304879135 0.005608338306164445 0.00097160356476787 -0.00047808767495731837 1.0000024227020647 0.13021115835200714
1.000003469329402 0.00023948513791000235 -0.00042874889251084443 0.019112186999344218 -0.00023904772755463095 1.000012577590239 0.00032375973781974 0.00042875849560993775 0.0004287597732936031 -0.00032334603146005815 1.0000036986804206 0.017055961276420548
1.0000012841759587 0.000646067013706353 -0.0005749344209690734 -0.00567480875290996 -0.0006455889444423659 1.0000156277730878 6.19734045540833e-05 0.0014998592339928382 0.0005743346673106416 -6.124092776917021e-05 1.000003299390627 -0.0649468691974167
1.000005275877343 0.0001293887563465521 -0.0004600232106526818 -0.03338868718482988 -0.0001285859101572288 1.000019469625325 0.001015966866494321 -0.0006811442564936778 0.0004606784633309411 -0.0010155301147890406 1.0000015119104286 0.26757583995616774
1.0000046129872724 5.7638387237058926e-05 -0.000837789569336651 -0.012437474549239462 -5.653875294474562e-05 1.0000184621150203 0.0008998807620338141 -0.023137766280308877 0.0008377956449851446 -0.000899456375011302 1.0000004924235035 1.2486191514051916
1.0000018309956793 0.0005357670869437167 -0.001634422181398705 0.00711878963308333 -0.0005336623148908642 1.0000166223069586 0.0010697786218517643 -0.008244294500207219 0.0016351748388854109 -0.0010685462396518963 1.0000005098568505 0.3768680513999869
1.000002428772796 0.0004075920233343638 -0.000417025983005723 -0.04180396655975055 -0.00040691177190093426 1.0000148114597867 0.0009371811295559982 -0.0034456048258003752 0.00041759015551649087 -0.0009366747142294258 1.0000004846058457 0.38612251402644276
1.000002327806991 0.0003109872410632947 -0.0014335496344430822 -0.01684232047138569 -0.0003094069289283897 1.0000157333061694 0.0008691854750888501 -0.0018386716149656854 0.0014340102985757033 -0.0008684097813841937 1.0000010673011865 0.33044236899016666
0.9999998909124554 0.0006978951781204491 -0.001000793746002253 -0.032193055558177024 -0.0006977441892734159 1.00000404350524 -1.9255756704934882e-05 0.008734222887014639 0.001000800088086281 2.009133244669961e-05 0.999998830123428 0.0016081394563966381
1.0000027460098366 0.0011507085088145208 -0.00015793572550312193 -0.0604389049307024 -0.001150390012616047 1.0000125186574862 0.00022370416057313538 0.006558351954660641 0.0001590068573550452 -0.00022323294524764838 1.000001170747128 0.08324328432293433
1.0000057496409782 0.0005258057824850882 -0.0011420264284178713 -0.008260181686321689 -0.0005245490617396811 1.0000175891975256 0.000821787443484497 -0.005688817693716665 0.0011430473307336732 -0.0008207443758270729 1.000002140959023 0.28247143526474383
1.0000091800092248 0.0008251930121814494 -0.0003466761353927353 -0.0006269346989802008 -0.0008251656655553733 1.0000125285294348 -0.00036774121192079855 0.0020775269041599285 0.00034905324157621145 0.00036836527908480307 1.000000548608884 -0.05039597167232046
1.0000070954050775 0.0004840696133259907 -0.0005233758221555691 0.0549494276511778 -0.000484211240013374 1.0000112921044975 -0.000523638228566019 -0.0011431756301552708 0.0005246197172357711 0.0005241369315717727 1.0000047057258155 -0.11896731103762281
1.0000035996404972 -0.0019299681156356666 0.00010132500686093293 0.0030246533722838994 0.001929948644024471 1.0000087143762764 0.0008370827170501614 -0.026400300526524933 -0.00010147561903221325 -0.0008366453170622085 0.9999979722333611 0.6890198279247604
1.0000051431968227 5.396480043059153e-05 -0.0008561644577452009 -0.012361011060403085 -5.132941774871873e-05 1.0000110964071915 0.0028021587686909823 -0.017416534892975438 0.0008554647454776709 -0.0028016812457973593 0.9999974000776759 1.2760698512372295
1.0000097026627688 -0.0012802660585608337 -0.00029873445376573136 0.00972763678979696 0.0012817073022034216 1.0000181827532835 0.003394593370249113 -0.022421889922593072 0.0002906015976139583 -0.0033942001346859486 1.0000020355801218 1.2827988676520778
1.0000057927194634 0.0007045162243145271 -0.0004387041969153456 -0.019053631200684283 -0.0007044437294535807 1.0000132032489533 -0.00012160943878247426 -0.032536902685017494 0.0004390554428511873 0.000122253647682366 1.0000053001548657 1.2491034174278213
1.000008222965298 0.0017616373659307364 0.0007580257682089935 0.0030392079803421563 -0.0017594908886133828 1.0000169092278368 -0.0026105627050834255 -0.02415655495614863 -0.0007609822085170055 0.0026097915775920165 1.0000027689701472 1.2696025171729701
1.0000049768194403 0.000873585101910405 0.00022983746318495696 0.011735506214282975 -0.000873286912358446 1.0000125606345642 -0.0010395050255312078 -0.004442532331880034 -0.00023108045502579674 0.0010396099204199676 1.0000049982233121 0.10751752296992735
1.000005718453358 -0.00028908139207788693 0.0008347999645224697 -0.005368951809866871 0.0002887152790448294 1.0000156326565857 0.000601706665368586 -0.00021325911142360492 -0.0008340241551802746 -0.0006010819991614198 0.9999999607375563 0.16751933722857662
1.0000068225453438 5.5375979017551026e-05 0.0004045399337631676 0.001326158447923897 -5.542924708168894e-05 1.000017217771725 0.0007692664331200273 -0.029373308635309243 -0.0004038932796052404 -0.0007688202758349115 1.000000686822674 1.2546505787347424
