1.000000e+00 1.197625e-11 1.704638e-10 0.000000e+00 1.197625e-11 1.000000e+00 3.562503e-10 -1.110223e-16 1.704638e-10 3.562503e-10 1.000000e+00 2.220446e-16
1.0000025781896182 0.0003417780712795305 0.0018267356911778631 -0.01532456247999284 -0.000340241197898161 1.000020753836307 -0.0007189411444448235 -0.03137316350604594 -0.0018269785011182289 0.0007186347184313793 0.9999999996011341 1.2118562005922495
1.0000023640699227 0.0005316877544104256 0.0017864787729935507 0.0014727055588263573 -0.0005319340649837044 1.0000187148838675 0.0002902481377535061 -0.022015040676194735 -0.00178649338504003 -0.00029091241961419815 1.0000042614417943 1.1697592130962062
1.0000030350620357 -0.00041985888626147274 0.0013436455390775722 0.0037334498386113607 0.0004196600562859698 1.0000270868549501 0.0005279150410179992 -0.027481793218615786 -0.0013437058711506318 -0.0005268740903824185 1.0000028948789337 1.1437072409125324
0.9999994986196741 -0.0003094628704118859 0.0011615151165731182 -0.0045948499549079425 0.00030942966603873264 1.0000077692660865 0.00016043476789641295 -0.024846651041366193 -0.0011614640754119081 -0.00015997634137579 0.9999979667014733 1.1589046995707224
1.0000074024579846 -5.1576010963201825e-05 0.001147169982520594 0.00964790678797786 5.1819508562504744e-05 1.0000185601319074 3.936132155165842e-05 -0.0196438587682056 -0.001147476627999473 -3.905670900232958e-05 1.0000028924718367 1.1640012513376239
1.0000050752787533 -0.0002971833118230841 0.0011544712677975903 -0.001259814876693946 0.00029820844461370317 1.000020639953513 -0.0006484381152973207 -0.03204008575312648 -0.0011547812429032016 0.0006490952048773571 0.999998535802087 1.1960398384001478
1.0000013577684936 0.0006008288226855633 0.0010088376458583593 0.015725645129615554 -0.0006003028514160348 1.0000134875245816 -0.000312247393876731 -0.026574001164132974 -0.0010090523213280203 0.00031186457064405433 1.0000012220445191 1.198734401704175
1.0000126808536682 -0.00036996970333542955 0.0007029683367437371 -0.0018093456592956818 0.00036978926098263137 1.0000432737487912 0.0012798958109404386 -0.0227612220901412 -0.0007039753943374176 -0.0012788450926796726 1.0000023617153901 1.1717786105926096
1.0000037354337505 -0.0002839455732860784 -0.0007345741100622841 0.006707467905812583 0.0002846939737577914 1.0000116956715728 0.0006844310208793978 -0.018393226944253348 0.0007347672692750027 -0.0006844643215250644 1.0000029802034838 1.166542398925557
1.0000006807379902 -0.0008412659566169951 -0.0018639191340510221 -0.0012033570367458665 0.0008408780619590431 1.0000176766258884 -0.00038197745224367744 -0.03293335704260105 0.001864782220529789 0.00038069681827184154 0.9999996649082312 1.1785882168196595
1.0000046010507948 1.2496684151256223e-05 -0.0018291468575096232 -0.0005191669984904992 -1.3119363583377048e-05 1.000024254982314 -0.0005603888202049946 -0.0250559992890788 0.0018286328820025068 0.0005608942078584971 1.000002225529438 1.1961795452621355
1.0000045602549037 0.00013271714477923398 -0.001093944085159966 -0.009243691655663721 -0.00013235272453339055 1.0000261078791086 -3.223678787133978e-05 -0.024203244346161574 0.0010933160715136663 3.287592853991587e-05 1.0000005425519496 1.174498167649991
1.0000005751671108 0.0012037601525373821 -0.0009780231636208514 -0.0045623685881620865 -0.0012038294050177934 1.0000129230077828 -0.00024392785097379554 -0.022231539318408215 0.0009778336259932568 0.0002453269988857105 0.9999997786110759 1.1708869688767867
1.0000006082117758 -4.794479310839404e-05 2.8668044824510166e-05 0.0015332244986919561 4.7970876938281746e-05 1.000004785949186 0.00032945506978488066 -0.031957440071003144 -2.882804696984107e-05 -0.0003292975193829631 0.9999982641288224 1.1780460387464748
0.9999983156613559 -0.00029863961946910254 5.601844081380834e-05 0.005625368251067606 0.0002988186527535521 1.0000087481757916 0.000466017234239335 -0.03242213267995637 -5.5445167198110366e-05 -0.0004658771403369901 1.0000016798060491 1.1768305194777893
1.0000073156082472 -0.000344242488144697 -0.0005287437916977576 -0.0044065049932285865 0.0003446950160920552 1.0000219975427103 0.00028246827541618505 -0.024224418899987638 0.000528199814558023 -0.00028221758613783285 1.0000014835403606 1.1523951646789294
1.0000040548078943 2.631665212110543e-05 0.00012309548206626412 -0.01845185382285503 -2.581287074327519e-05 1.000017105930367 -0.0005784812609742351 -0.03145122262950666 -0.00012355796083042629 0.0005788317271005364 0.9999996851087172 1.2227167658798055
0.999999981963758 8.522168168733373e-05 -0.000946480177388118 -0.005849430114219716 -8.597061246861226e-05 1.0000067993972575 -0.000986337930283562 -0.025114373707248647 0.0009463054669559824 0.0009865685771943697 0.9999987557809346 1.2271227305913144
1.0000019067233026 -3.8740637417689064e-05 -0.00021315360062483364 -0.010826768300693252 3.9115260792263904e-05 1.0000175316164819 0.0004903365549327431 -0.020938319386156905 0.0002144491537106636 -0.000490070963580298 1.0000036339406941 1.1306714862352123
1.0000076700126515 -7.832038538866898e-05 -0.00018860500829030125 -0.023132865590666934 7.856335168614849e-05 1.0000207078232493 -7.656685077038102e-05 -0.021819568492803195 0.0001877857853583863 7.698551129080819e-05 1.000000528989347 1.1838164752166163
1.0000027400952085 -3.916994815096595e-05 -0.0009841097707308656 -0.0057279690620222245 3.892522218985309e-05 1.0000170713506118 -0.0005147531992993548 -0.025559591140517694 0.0009838104521593888 0.0005150279605399118 1.0000001884101724 1.200439237824417
1.000003163227091 6.592967822110348e-05 -0.00016212981701906016 -0.02052325809446815 -6.560695261805509e-05 1.000014884952003 0.0005476312735912226 -0.021326517154172137 0.00016192970148857995 -0.0005473327035427582 1.0000001807013015 1.1667053748795435
1.0000018946477067 -0.0012852484765512413 -0.0007353769159533338 -0.0070329429457720695 0.0012864414574723822 1.000011945823262 0.0013397519298313863 -0.015561416741224975 0.0007337236088415192 -0.001340439657163807 1.0000014665021932 1.1917286554301298
1.0000057952012922 -0.0008761109518112089 -0.000883653167120571 -0.009503002760772107 0.0008765115210044496 1.0000242609411127 0.00010390054711037898 -0.031206829002511708 0.0008827804026657211 -0.00010400142092340806 1.000001440286307 1.1995722648941365
1.0000052168430318 -0.0008351592690519159 -3.674327331828849e-05 -0.01771734768956743 0.0008353057723438297 1.0000152528551973 -0.0009594137646402467 -0.0234458986029578 3.7195238139774704e-05 0.0009598258282277545 0.9999988708511504 1.2338582196282113
1.000011347964715 -0.0009445351211751073 -0.0011728460348241713 -0.010798172189275776 0.0009443245778143738 1.0000408043784201 -0.0006641824464449726 -0.02582656421488063 0.001173119379985687 0.0006639952870410807 0.9999998040628261 1.2188274324216346
1.000004943236131 0.00011345541138023217 -9.025214623491445e-06 -0.0012204625863309994 -0.00011316159968758267 1.0000218947471304 -2.5961523845554087e-05 -0.02281090211829454 9.304589200282635e-06 2.635393566602458e-05 1.0000038178178685 1.1879359679565058
1.0000101898143685 -0.0011092564247441126 -0.000604602216299433 -0.005777514547438703 0.0011099683982824385 1.00003443267317 0.0004959887266456567 -0.019949701596171283 0.0006038348320458517 -0.0004958379949259823 1.0000028933674263 1.1586626929816417
1.0000051479688514 -0.00021245164185503047 -0.00041643055033166226 0.0017110471713814358 0.00021296515836599856 1.0000195863957415 0.0003515711889471516 -0.020783623122618215 0.00041616303686946136 -0.00035123001434037433 1.000002574162859 1.1615895615516942
1.000008619571678 -0.0005756168796265033 -7.006965469649447e-05 -0.005690114725851317 0.0005758315873946589 1.0000173691745726 -0.00020148853740879595 -0.03467628340074109 6.937939466363887e-05 0.00020189138659876244 1.0000013564388475 1.2146560109789801
0.9999999088124221 0.00027114107336817495 -0.00016993256145224236 -0.0014235167819793982 -0.000270904132291679 1.0000080163874927 -0.000162913506674788 -0.023373286176731886 0.0001706160365322929 0.000163147767283257 1.0000028376849242 1.1709261080124054
1.0000032051264982 -0.0004919808357788339 0.00043173035951869456 -0.0026172869722801712 0.0004921583244808344 1.000014330825262 0.00035022219099356246 -0.034253129071682244 -0.0004314863136842211 -0.00034970133256391315 1.000003483383467 1.196463059202169
1.0000052536609911 0.0006539552033643138 4.58046492837214e-05 -0.01718039109023771 -0.0006535342661711229 1.0000177892873316 0.0011315766329999173 -0.02321498793615187 -4.5673600005743204e-05 -0.0011311769883630078 0.999999811722175 1.1629667501016039
1.000001163717938 0.00021612647057606853 0.00023052520141404056 -0.009699756260377434 -0.00021613729125472962 1.000007109434366 0.0008723393625336718 -0.024507304067232876 -0.00023034904994670728 -0.0008722352366198099 1.0000012377050114 1.1737577811302686
1.0000049358845229 0.0008380808746004423 0.0003926105506650793 -0.00912450627692809 -0.0008375558100598329 1.0000186991433022 -0.0002992220985908234 -0.027594698905343846 -0.00039368879983449275 0.00029940906755798833 1.0000005801535738 1.2266797682479593
1.0000021004613584 0.0010301902948274637 0.0003573784873060539 -0.006854765052578697 -0.0010300763160360487 1.0000052114215858 -1.1990468424982465e-05 -0.03125749782193023 -0.00035790167702212796 1.181424904543156e-05 0.9999992441536062 1.2018582728781668
1.000001349306024 0.0028049421050392077 0.0009480414189597671 -0.024332243418663132 -0.0028058708212114957 1.000010825315844 0.001263440333124801 -0.017646120730799405 -0.0009454603183723967 -0.0012657582876942318 0.9999984140376746 1.2161181492502688
1.0000049230393786 -0.0005265155027800953 0.0014698999402081186 -0.01773918260209519 0.0005231795167349453 1.0000165608497704 0.0025109735139350535 -0.028429487346155746 -0.0014731583876747216 -0.002509650314662759 0.9999964204381256 1.2229571596418172
1.000004032616432 0.00047577821145746005 0.0018122854078466118 -0.028386225922270754 -0.0004798226937857773 1.0000196514268989 0.0024711203650511415 -0.019556211925228877 -0.0018113408934783196 -0.0024715050388229983 1.0000014266452113 1.23034597540266
1.0000012105425906 -0.0003770712781751951 0.0023086541631747123 -0.009954205579105023 0.00037093096055733663 1.0000020478874772 0.002691287155892159 -0.020976387421505163 -0.0023104668363733843 -0.002690232131380178 0.9999927252736709 1.2466867243294708
1.0000050284898692 -0.0005375802841342653 0.0009355354764609656 -0.00603900953275933 0.0005365746993797243 1.000012225986612 0.0012930515417129518 -0.025669452388390603 -0.0009379001093548085 -0.0012921995735000393 0.9999998490530098 1.2011371712657437
1.0000093768169085 -0.0010318947122072723 0.0015321589010882084 0.012326634481897431 0.0010343440601256087 1.000032457941914 -0.0013054216269637823 -0.02769625446053664 -0.001532637120591141 0.0013079318002897947 1.0000033445891314 1.25218861112708
1.0000003582263768 0.0009148737804060532 0.001592992422016844 -0.017190558402288232 -0.0009121244257865765 1.0000049597189946 -0.0016527930747890433 -0.036478915735614376 -0.0015940330258325571 0.0016514695382601145 0.9999969614611809 1.2662155649308784
1.0000086441405571 0.0003708234566580327 0.0005768939419583552 0.0007541163733049776 -0.0003700055015836751 1.0000297400888964 -0.0004985948767321401 -0.007079124322515927 -0.0005782313596525329 0.000499097594710838 1.0000018881273673 1.2135020912709957
1.000002268152631 -0.0008661625019779289 0.0008099064826097395 -0.01991202435321796 0.0008663455017130183 1.0000084584106583 1.417410392542787e-05 -0.03268337221979666 -0.0008107273233725179 -1.3196208386754257e-05 0.999998432910402 1.2259898415744725
1.0000046492482864 -0.0005153671996042129 -0.0010197385898213097 -0.005847271695851608 0.0005151583505941329 1.000027059415276 -0.0007488403103688584 -0.030082999469721313 0.0010200839912468053 0.0007488758708419166 1.000001565028679 1.2573080928290905
1.000000983315565 0.0004208194719926065 -0.0013843181662903054 -0.019756302603733907 -0.00042030418169646043 1.0000012641064846 0.00033762555746645866 -0.013520108544936132 0.0013842508192271855 -0.0003370036094314731 0.999996982129013 1.1986897191155619
1.0000037051840274 -0.0009157718132927393 -0.0011178169769395776 -0.023064451501348473 0.0009175574151275744 1.000017652764932 0.0012169957945120944 -0.022665669020649107 0.0011168550645007506 -0.0012175691052572581 0.9999991271926069 1.1905140596794839
1.0000063274603237 -4.077408873062037e-05 -0.0012893100472634738 -0.015921573122423753 4.18089706994098e-05 1.0000196249469757 0.0004959962286886742 -0.021938967038397036 0.0012894091522527619 -0.0004955704545427518 1.0000025667090011 1.1607640368885017
1.0000065855312343 0.00041436033913482375 -0.00061935965560552 -0.015865871465336086 -0.00041415485008449853 1.000021484362662 -9.988811948604065e-05 -0.0221104798695807 0.00061991497469145 0.00010054789327768211 1.0000002978003948 1.2230295668277853
1.0000054037305803 0.00041387425485070223 -0.0006917734217905553 -0.01289603300112584 -0.00041353162159015876 1.0000207669414989 2.5561081563535336e-05 -0.02076583046100818 0.0006917464110385279 -2.4843440922345787e-05 1.0000008435310226 1.1979520076018322
1.0000094387423772 -0.0010803601432210982 1.0512446577391074e-05 0.0017865640100153124 0.0010808268536815439 1.0000332308888606 -0.00048747092004846455 -0.022344209243935837 -8.820400699967432e-06 0.00048822298265417164 1.0000023339272406 1.2520266632096444
1.0000011227942829 -0.00084378334189536 0.0002902953131548823 -0.012952664808883485 0.0008439959502566477 1.0000127862646662 -0.00047965760187663743 -0.03281133892945462 -0.0002899668251127091 0.0004802208750884873 1.0000010372699593 1.228947724651338
1.0000070048888787 -0.00028724563634962576 -0.0001680171466616779 0.0005233308940313377 0.000287403205283348 1.0000214865714592 0.0007375597709514052 -0.018173565032422307 0.00016747168901654207 -0.0007371558820542292 0.9999993431925838 1.1854213455229208
0.9999990813883705 -0.0007085362322022788 0.000249253901520016 0.013711729625352592 0.0007081304704263987 1.0000074113185895 0.0014538370316522014 -0.01260209341013328 -0.00025220781544245906 -0.0014534957360840797 1.0000006505886594 1.1942562593215875
1.0000102200865255 0.00045777677057645796 -0.00013776876929296047 -0.020207838113388502 -0.0004580051616011164 1.0000178802299673 -0.0012133426118441212 -0.03751532596572711 0.00013889443670086923 0.0012140154326266005 1.0000019344322197 1.2396918586790255
1.0000090435864515 0.0015268611163238854 0.00013639584974482757 0.012776306009605963 -0.001526778984144478 1.0000288789757175 -0.0012393543908757554 -0.028024091867490615 -0.0001371467771374055 0.0012399884902157454 1.0000033403265092 1.251804900047487
0.9999994060546933 0.001544313058413239 0.0003144795226806277 0.009308447362837 -0.0015444717700951838 1.000003777516018 0.00037283372008601554 -0.019093456241539984 -0.00031414500304417206 -0.00037320591639190934 1.0000023746024707 1.175089497601577
1.0000033484522 0.0005363988244860492 9.95260116113639e-05 0.0027091629504562564 -0.0005367320960551127 1.0000200157623527 0.0006573185164003618 -0.020217033730795034 -9.935633944323761e-05 -0.0006568840255841067 1.0000040986168126 1.1485903438783325
1.000005568390891 0.0011021824918757556 0.0007251205153490193 0.0023782159134152978 -0.0011027714777228853 1.0000179918322354 0.0003643427738120567 -0.017441772095947643 -0.0007248913012501297 -0.00036475111509757824 1.0000034537489644 1.1984520811882435
1.000012537511351 -0.0007365332974437385 0.0008393490951848891 0.019425849866014755 0.0007351608447034127 1.000045369759598 0.000983773146390837 -0.020909535708688594 -0.0008382789607038663 -0.000981954148925858 1.0000052968775992 1.1433053778137465
1.0000021567155222 0.0002918057040839319 0.002108228544568201 -0.0045223055117184175 -0.0002931962219614555 1.0000127466093633 0.0005657249997722063 -0.004182648616662198 -0.002105377623640932 -0.0005658319045115872 0.999997369507176 1.1977013940803647
0.9999957218436575 -0.0019348273993791002 0.00273769310126373 -0.004428163141750783 0.001939184931889536 0.9999969573705736 -0.001591445206743456 -0.02272774011189816 -0.0027323106737993695 0.0015968348755470544 0.9999957259287261 1.2420403735056635
0.9999965393196807 -0.002491727065721899 0.0024605276508697245 0.025629763253061138 0.0025019088527977666 0.9999901900582341 -0.004153645792665405 -0.045840204696068726 -0.0024484497098549844 0.0041597738130775015 0.9999870794747445 1.1730714475927666
1.0000009915813297 0.0004707156899884326 0.002685022296941814 0.015858299741064466 -0.0004680589239715455 1.0000134404407823 -0.0010481919668208367 -0.016660745417210323 -0.0026825648024632735 0.0010473242405296332 0.999995369930237 1.2273765420599407
1.0000014699723427 -0.0013822357304701383 0.002212831324627455 0.01441250603087202 0.001375212975276132 1.0000016393766047 0.00315895511124224 -0.007704863166109953 -0.0022157233784547113 -0.0031557393842069994 0.9999899297606568 1.2094198979068302
0.9999984139128338 -0.001191365214793755 0.003291701322631425 0.02679230284983324 0.0011862360864020665 1.0000042820002677 0.0015544060160881848 -0.02392371913398391 -0.0032908343117155877 -0.0015502929894549782 0.999991982400297 1.1850461399788021
0.9999985733993177 0.0012934508978423684 0.003892918334019207 0.007872745889396675 -0.0012860515557767157 1.00001893268239 -0.001929197739386014 -0.019101113580196727 -0.003894595075270266 0.0019246537865967596 0.9999932217763045 1.253963647852069
0.9999987252217726 -0.0016562344949758556 0.0032872094565721353 0.008692527785218425 0.0016641295789343005 1.000013612438047 -0.002460454531385453 -0.03501409820407189 -0.003280917723717199 0.002466382722174436 0.9999941066408125 1.2383811808436425
0.999999524403184 -0.00018040147711386793 0.0039460237615935295 0.010488663558047808 0.00019208803382188356 1.0000076405891969 -0.0029928824003420664 -0.030900583971541728 -0.003942618106146268 0.0029939845171138638 0.9999856905420677 1.2184629335654167
0.9999976293103484 -0.0009686400515900613 0.0031787574784497598 0.007567433158181915 0.0009716262073123929 1.0000159273243563 -0.0010179304700586875 -0.026963050739811336 -0.003176715495633453 0.0010214230672235473 0.9999932734546234 1.1971817833020473
0.9999921870216475 -0.0006110552394329193 0.004101035116295948 0.025070842901076692 0.0006050410177516336 1.0000079968110822 0.0014436944179482352 -0.023089130867922737 -0.004101401567540897 -0.0014409700585953896 0.9999923491061044 1.1408832515741274
1.0000002317611318 0.0009875313859950166 0.004145458231487063 -0.008339943322963046 -0.0009900432390128743 1.0000274435488457 0.0005517192306333448 -0.022726673862598554 -0.004143778920314875 -0.0005551017823829807 0.9999928413446488 1.126415784467895
1.0000038341444728 -3.8875126248102667e-05 0.0032677790589332434 -0.010729049310573972 4.530862941096477e-05 1.0000181571333748 -0.0020294324245515596 -0.03552661109133584 -0.0032670290264279894 0.0020301901737165237 0.9999936194538376 1.2162964720008245
0.99999463445128 0.0004857394445499779 0.0034314477425327707 -0.007736428784182385 -0.00047920509193674816 1.0000207525491995 -0.0019778045289584045 -0.037916345712469955 -0.0034326040620129817 0.001976592365505926 0.9999957022388883 1.239930890195189
0.9999994244651496 -1.0515274541592222e-05 0.003170402004801545 -0.00471748772826213 1.0856920913722957e-05 1.0000195819754691 -0.00016335450697763234 -0.025174926990297646 -0.0031703342171705063 0.00016391932006432753 0.9999971780070555 1.1684202971598323
0.9999958277815902 -0.0018180135427610703 0.003020140145821754 0.018263761093646465 0.001814969060019514 1.0000026531762713 0.0009798478812922534 -0.02302582116990421 -0.00302170201982264 -0.0009742711491860222 0.9999944355525225 1.1411165742157376
0.9999973822226791 -0.0009054919135872133 0.003199578243504178 0.0134942887973516 0.0009020534063623925 1.0000036133641355 0.0010593598154761893 -0.020105684909642665 -0.0032006588953477568 -0.0010563665385534533 0.9999940438017703 1.1395097408367347
1.0000055303964142 -0.0005141186903351003 0.002625579090738956 0.013810598727451731 0.0005103452549651493 1.0000260933320988 0.0013701849592977385 -0.024861377096305575 -0.0026273930344196178 -0.001368084096844397 0.9999965915686703 1.1330239517848146
1.0000006230716696 -0.001766445450826375 0.0026412487611702402 0.01581464601590128 0.0017643660132989271 1.0000127110913144 0.0007670490601619622 -0.01649479062824651 -0.002644353432949487 -0.0007617759189855868 0.9999954645687629 1.158829209600543
1.0000022920108058 -0.0015799597056653182 0.0019803036132001336 -0.011418530041568812 0.001583558873677935 1.0000172610939422 -0.001828063230530654 -0.025405078938660695 -0.001978097436887884 0.00183170378488832 0.9999979074173191 1.1843858468180257
1.000003581783244 -0.0015318916897938658 0.0021309170100580967 -0.0022305189807406397 0.0015388434475520447 1.0000058232995441 -0.003259178660221915 -0.02533049249588004 -0.0021267970445323363 0.0032627166967868567 0.9999896930556764 1.2032063485095896
1.0000007859222766 0.0007131641661782491 0.0019569699162715727 -0.002007024507931335 -0.0007079075509178638 0.9999999260466912 -0.002677861402548445 -0.020253252581173182 -0.001958880449594073 0.0026765211711478934 0.9999969787472784 1.2497522338652387
1.000001291392982 -0.0002321451941159965 0.001232439907738648 -0.0018556333988972511 0.0002332576927926431 1.0000067728307098 -0.0008697949308315333 -0.024154189340662692 -0.0012320539286288215 0.000870277679152791 0.9999998768876415 1.2423725342496905
1.0000054849876696 -2.190084271225985e-05 0.0006089055757374013 -0.019919031902251992 2.1609644854124643e-05 1.0000221122186068 0.0007458700899446495 -0.017122772439970773 -0.000609792089576797 -0.000745328114586622 1.0000000192698624 1.1678655431459468
1.0000038158814406 7.8863286890994e-05 -0.0007325873842499511 -0.00762509793912739 -7.764700495295905e-05 1.0000148684045296 0.0015082907430105444 -0.016148014549185456 0.000732871142167319 -0.0015079198243583044 1.0000000625484025 1.153513091120042
1.000002229896285 -0.00047787600298536994 -0.0015235766122110468 0.013626773072324077 0.0004798993373795424 1.0000187021163998 0.0012190653596578815 -0.02580887394721218 0.0015230222920124764 -0.001219397634195698 0.9999994855002978 1.1727322208218436
1.00000022437653 0.0003078497635295366 -0.0017156810983282316 -0.004164861395151811 -0.00030658295668098276 1.000000696918879 0.0007291188591559286 -0.01539635966003664 0.0017160623150298464 -0.0007285820234360664 0.9999988965105717 1.1690953123622925
1.00000601374698 -0.0002067774280387588 -0.0023918050314148506 -0.0012088573139753464 0.000208654105129839 1.0000299968205293 0.0006744334219249135 -0.020007731159560078 0.002391311320713001 -0.0006742939921211665 0.9999992899346637 1.1338326771620795
1.000002461216636 0.0006642156855064733 -0.002760607828995429 0.0022433565195388357 -0.0006637558296983419 1.000021458522849 0.00011224423020061503 -0.022525309751653143 0.002760814836800744 -0.00010996724763667027 0.9999997493568233 1.1663853216374924
0.9999974495805475 0.0010856313831315897 -0.0039060071433656258 -0.0007033939523256692 -0.0010860287298001068 1.0000213399318194 -0.00014173764179366304 -0.021695976312201666 0.0039058820574818004 0.00014638427421537274 0.9999922830914896 1.1939563264962887
0.9999946560303506 -3.236302458599732e-05 -0.0037641619141428706 -0.009398985364913254 3.358150612180558e-05 1.0000230539462724 0.00028093213673693033 -0.022874481502781208 0.0037658667190540694 -0.00028072742309324846 0.9999967152686595 1.1823515029081104
1.0000049563919526 0.0002720463090828334 -0.0037185536763710597 -0.014145468589177734 -0.00026809188326759056 1.0000431606121 0.0009455906391822033 -0.013371797232492079 0.0037190752264968548 -0.0009437313528696289 1.0000003248810554 1.1834782950783838
0.9999873057449351 9.340790429143368e-05 -0.004166376168650421 -0.0030984514038825866 -8.92542079573779e-05 0.9999987277570866 0.0009949344534878112 -0.0222570204786257 0.004167177654389707 -0.0009945628262641787 0.9999917915887419 1.1554190690617299
0.9999954776059252 -1.5677040551703643e-05 -0.0038044351845287487 -0.0009802595039243875 1.836026246767002e-05 1.0000183654795245 0.00066300798834536 -0.020372169122999727 0.003805283711091661 -0.0006627207621029936 0.9999976667777163 1.1642361975297562
0.9999956328682204 0.00016070395513882577 -0.004922790466491948 -0.02089479499496638 -0.00015882157194021008 1.0000200457398498 0.0003358037838425604 -0.02395046297272422 0.004922133377234676 -0.00033445356463767756 0.9999895789578039 1.1734654481362
0.9999962580139348 0.0006607853865926571 -0.004757963766942669 -0.02891186973513393 -0.0006603260564872924 1.0000220433693419 5.86633160672552e-05 -0.02054120684519492 0.00475748360692487 -5.5005073633618245e-05 0.9999904440670806 1.2060849323258822
0.9999938228048978 0.0004231780603184584 -0.0043791346766999745 -0.006101397003274955 -0.0004238738977513515 1.0000206581735442 -0.00020931421544461844 -0.02913718193831961 0.00437968267139023 0.00021151298449882506 0.999994600853285 1.201251560882818
0.9999907712594358 0.0007744380610379374 -0.004799716105513535 -0.016416626232822088 -0.0007762300747866787 1.000011500255892 -0.00040775883874653916 -0.031021575980030122 0.00479834994048858 0.00041176036229888984 0.9999875151496902 1.2317367039901377
0.9999976197694086 0.0014143734010163445 -0.0031768209501075615 -0.003114073068322122 -0.001414415505975393 1.0000162296547026 -7.724306140615949e-05 -0.024956225006999816 0.003176880600684659 8.20660722602464e-05 0.9999976225357168 1.2248647411410432
0.9999967626486024 0.0019116620393098051 -0.002260926641272704 -0.009185307564672287 -0.0019116359750560193 1.0000048062798934 -2.7128938545319013e-05 -0.01706973032525265 0.002261291443988126 3.15188781963e-05 1.0000001925709765 1.2263711725375148
1.0000033660011662 0.0007961678277135509 -0.0009834252986765557 -0.015791919988029465 -0.0007958949693064568 1.0000190689088564 1.6266669376124157e-05 -0.03776467547680582 0.0009836170015469362 -1.5151758111276251e-05 1.000004229782543 1.23100076227706
1.0000000390717072 0.00144733166965415 -0.00044531578443069873 -0.019146865380935223 -0.0014471021112901921 1.0000152037832697 9.07274617095037e-05 -0.023922206229689835 0.0004460892410916314 -8.993553713083632e-05 1.0000035047339724 1.2122327434570528
1.0000027444789696 0.001154605769377578 -0.0009521035602070256 -0.02352514049098863 -0.0011537287255157464 1.000014972983453 0.0007771214680393308 -0.018410132207587908 0.000952317589827517 -0.0007757677284267125 1.0000004402908917 1.2189123233680126
1.0000031274378738 0.0001880929416658934 2.5248282012334224e-05 0.0004891326661047676 -0.00018798724674685735 1.0000129698458167 0.000681338720511942 -0.03427086997537571 -2.5533001576666126e-05 -0.0006811025294557783 1.0000009868708484 1.1882253497362232
0.9999980354813471 0.0023402207360038313 -0.0010595876246289662 -0.046238172310786696 -0.002338753485480173 1.0000032995341173 0.0013587883022163436 -0.015411590121708618 0.0010631855625230255 -0.0013561847568653962 0.999998188888325 1.2727871227352565
1.0000055956784493 0.000874091777699629 -0.0007109512781928057 -0.04477902545831273 -0.0008723189862091329 1.0000259715524487 0.002228851368068524 -0.013249535613437925 0.0007146833083746079 -0.002227774454056835 1.0000013580897154 1.293625852246075
1.0000080446322703 -0.0014227789030847552 -0.0006373652651385033 0.01563629956754966 0.001423287550986264 1.0000255854753222 0.000417658912292649 -0.04360250509971248 0.0006342870628189005 -0.00041799012123827455 1.000002576185905 1.2895722180040659
1.0000048478347894 0.0003795883018838513 -0.00106023655171652 -0.016323203134774887 -0.00038084376830052196 1.000021224697381 -0.0013727780731465642 -0.03188549865680905 0.0010604474812966767 0.001373557954038997 0.9999997285087571 1.304267351132771
0.9999982558907019 -0.0024941103213049127 -7.354101188645694e-05 0.0010476647097004497 0.0024942676907956244 1.0000050014249309 0.0006689147463664159 -0.021387101108011175 7.22282194693822e-05 -0.0006689374448465064 0.9999989471235617 1.2631006619330196
1.0000032224720223 -0.0025105795236877045 -0.0015651629345073443 0.002721137393892749 0.002513385107730225 1.0000249272384951 0.0015365599397823397 -0.03619269558499215 0.0015587323730159657 -0.001539848658361542 0.9999981668509936 1.2933947929039582
1.0000024377833183 -0.0022937260631577584 -0.0003727036388629571 0.030557501709727524 0.0022945747698738164 1.0000149378855592 0.0014792769593601754 -0.024269083028318667 0.0003681259812689783 -0.001479739352896611 0.9999993191912631 1.3078541258586365
1.000005073330401 -0.0017059922601852851 1.7020514964357757e-05 0.02757993886206293 0.0017061941446998676 1.0000104565571795 0.0010047909281746116 -0.028106987686930908 -2.0089426804671785e-05 -0.001004405838247858 0.9999990704176934 1.2967521730965572
0.9999994717068196 -0.003042465773525557 -0.0004287972076055665 0.0107169667660054 0.003042150544388083 1.0000065519793815 -0.001297893074437747 -0.04385031242114281 0.0004312449444530511 0.0012968826866887962 0.9999996070646207 1.2882148639284912
1.0000032415724538 -0.0016015953031388666 0.0003268676246085534 -0.006119562228161029 0.001602062041699657 1.0000076982294341 -0.0010192401293118026 -0.025336996543732906 -0.0003282898177309884 0.0010200801885931075 1.0000001158660776 1.313362095194966
1.000001903812982 -0.0017778273685497645 -0.00047510148189602186 -0.008601295057099974 0.001777942999053738 1.0000067978962028 3.680377832583149e-05 -0.03470170371450821 0.00047416094971674595 -3.753502578957221e-05 1.0000002869233477 1.2904663879088116
1.0000047174617497 -0.0002016885762004431 0.0005120647173937864 -0.023007618346831526 0.00020208677712013637 1.0000237018717988 0.00028769054153345204 -0.0172051085781886 -0.0005137051343553196 -0.00028707974461854996 1.000002575557993 1.240212480780319
1.0000015612754116 0.00013250647790649057 0.0009572498410719349 0.0021221728985295566 -0.00013367211492796557 1.0000110563954654 0.0014706581945184974 -0.02620465686487439 -0.0009572222265295021 -0.0014704694095681238 1.0000014602921115 1.2580676211578639
1.0000064722679858 0.0017872605442971836 0.00025968350562943126 -0.023942437842733595 -0.001787008609556921 1.0000233982384727 0.001246076097048761 -0.014406352993773216 -0.0002595912367440921 -0.0012459306549019735 1.0000014684680147 1.287667325272494
1.0000035712462942 -0.000183377797471652 0.0004974358780912636 -0.026536109377420184 0.0001842654166782461 1.00001461869828 -0.0011405114961417317 -0.0452261051296475 -0.0005000759900514045 0.0011410161056888736 0.9999998112018789 1.3020744233126609
1.0000017143752826 0.0009719010341936458 0.0008038296952451347 -0.0009199725126824001 -0.0009700288803969809 1.000010969925836 -0.0018162058298866973 -0.025844408936438076 -0.0008059976400765298 0.001815710048629248 0.9999998943247599 1.3266083430824127
1.0000110594777483 -0.0003644212506805255 -3.0456362805047172e-05 -0.010347493643110129 0.00036482133985196887 1.0000301636870639 -0.0020425655609442716 -0.032688400475992335 2.9235079175271527e-05 0.0020433668384392005 1.0000007341341413 1.3333748808781603
1.0000049884574 -0.0006967651220705938 0.000858217451403064 0.007274043868326054 0.000699943510494545 1.0000068046542756 -0.0034846259671681007 -0.04598916628927678 -0.0008567432166095094 0.003485495396392495 0.9999952587993659 1.318889031521407
1.0000019806861669 0.00040638674896063587 0.00017571262324962236 0.017056715238546214 -0.000405525445478447 1.0000055967401564 -0.003369319000369851 -0.02601714750456246 -0.00017739038169980691 0.0033694016704354365 0.99999499711608 1.3176262983728126
1.0000082723709918 -0.0006385658799978383 7.590167789421364e-05 -0.01414365552380787 0.0006394624700341312 1.000034350199085 -0.0008439120690279513 -0.03515977872748757 -7.547867223719168e-05 0.0008445882004567623 1.0000030906156088 1.3257179626645412
1.0000015053984017 -0.000516057000683815 -1.1503848785797826e-05 -0.02022236307673503 0.0005163476794439863 1.00001224317892 0.0005450255546055816 -0.02143878605889482 1.1333762696268763e-05 -0.0005448097031263182 0.9999991660442653 1.1763438135255686
1.0000049455682063 0.00038529179941333827 -0.0003960149410483577 -0.029839894084733525 -0.00038451460164213013 1.0000281987523034 0.0005358215184565987 -0.019862751237206946 0.00039626587812932075 -0.0005352412964806918 1.0000020739863549 1.1662571226188256
0.9999994057979363 0.0003108522204190801 2.7658462921031693e-05 -0.017416566110416625 -0.0003108571260708038 1.0000021221275033 0.0007849745621449695 -0.02348321125004385 -2.7080481455684675e-05 -0.0007849186476470959 0.9999989476964036 1.2021809859620953
1.000004310500767 0.0003406007184717119 -0.0007411358942587724 -0.025381592046950813 -0.00033972448674056616 1.0000231807934978 0.0006055166880316659 -0.01968090727852153 0.0007405868792452333 -0.0006048581913363814 1.0000014126532561 1.1817686175324187
0.9999999065303516 0.0001848751619558127 -0.000979864981124775 -0.029420848647896486 -0.00018463911617109415 1.000015483169204 -7.600104133160726e-05 -0.029730121921344606 0.0009807431117160878 7.633797208995708e-05 1.000003348839087 1.250921435165237
1.0000046495414985 -0.00012879438836137398 -0.0006097748944052625 -0.013083592041791046 0.00012929467621979531 1.00001261894317 0.00034954934652936634 -0.023160313839779144 0.0006086750980907294 -0.00034937801044763355 0.999998669943894 1.212748482417511
1.0000082312002263 -0.0004940261378045534 -0.001364246816440475 -0.014233963694046602 0.0004960831284040983 1.0000345183993737 0.0009437969844159109 -0.021989285573438305 0.0013637476233040984 -0.0009439232439980206 1.0000058860757504 1.2264881791326263
1.0000063759633122 0.00019487904472781446 -0.0006676951797773912 -0.016737683648889175 -0.00019402776692930315 1.0000242843655387 0.0004578035783274578 -0.017179579023931763 0.0006670269798678937 -0.0004572940685501552 0.9999987454926083 1.2324780865333422
1.0000047205874698 8.991308858590523e-05 -0.0010209451370089486 -0.012402816164790557 -9.01797043948118e-05 1.0000243352609224 -0.0006501944567807601 -0.03367133671023274 0.001020942615545998 0.0006506769817617156 1.0000043792275453 1.3078086167647116
1.0000052654938139 0.0004734654526479722 -0.0011550654391711717 -0.009954197865191871 -0.00047401380302089486 1.0000240917442542 -0.0008912768231915109 -0.029061896800836404 0.001154594527780167 0.000892155743642356 1.0000024633535178 1.3336159037227941
1.0000067329237798 0.00016415133606253101 -0.0006225336135472745 -0.01632475320920937 -0.000163581512676082 1.0000305959268092 -9.159029321013396e-05 -0.019230917042325348 0.0006223256119342602 9.219839900863485e-05 0.9999994842626987 1.267128828111187
1.0000031621668413 -0.0008208931458151558 -0.001078244428793506 -0.02350911111704945 0.0008207469556085257 1.0000105271893553 -0.0003352289024568419 -0.027383292439631793 0.0010785030303192607 0.00033453156453609913 1.0000027614625004 1.296176156902399
1.000005548953053 0.00025019710790154465 -0.0002736137689224447 -0.01939384478714234 -0.0002501701864622716 1.000012326684385 -0.000841452976872089 -0.03085315136626967 0.0002736647895738176 0.0008417532901338292 0.9999995676287143 1.2986553069703073
1.0000034953431363 4.919576865900986e-05 -0.0009832770195163766 -0.0292620711464174 -4.8558596403183274e-05 1.000016523084737 0.00030988144347484617 -0.021812388493633674 0.0009831666194713446 -0.00030958885296568486 0.999999188526216 1.2797736627286516
1.0000023269262097 0.0004782784277632307 -0.000920995130670403 -0.017443609100801227 -0.00047701172970160535 1.000010732221929 0.0011137437901697187 -0.023090752886429342 0.0009213897917991142 -0.0011131335055066006 1.0000041122511998 1.258259570681158
0.9999991211318502 0.0002483717787699463 -0.00028074391007306066 -0.017117266146191096 -0.0002479290675191884 1.0000070890704942 0.00048569256192740193 -0.024830170441470536 0.00028039189096058375 -0.0004855169361417157 1.000004304705748 1.2175084192457704
1.00000333268369 0.00037163553580638146 -0.0011670054991072406 -0.013193776513207075 -0.0003708610579730705 1.0000138357820492 0.00043836948764306073 -0.026166719169077025 0.00116689131750589 -0.00043772783464068036 1.0000015754511107 1.2339893533914716
1.0000045772957842 -0.00012429251101981703 -0.00040930119334905486 -0.02198233629765874 0.0001249513537249308 1.0000219490485438 0.00026525112993286794 -0.026277503860916457 0.000409336244434655 -0.0002649480664597133 1.00000237771508 1.2392459048780216
1.0000026080541315 0.00021258547047886794 -0.0010972511331265125 -0.022862705885446564 -0.00021267184309535996 1.0000153526744504 -0.00043317302719747005 -0.02574238165235024 0.0010965046636186488 0.00043364243753496223 1.0000002811714768 1.3124084328742387
1.000002169528188 0.0011369842201795672 -0.0007321330521524709 0.000686878180237758 -0.0011370198138802635 1.0000085663074318 -0.00034979228249255406 -0.02850679934620274 0.0007321168245914055 0.00035073641385857803 1.0000010340643135 1.2828259231300394
1.0000098421436059 0.0002072553230880527 -0.0003132450475330792 -0.010367370881438206 -0.00020651306152012094 1.0000297554232134 0.0003245754762948315 -0.02150273093680613 0.0003156972497368371 -0.0003239833596568194 0.9999999300196867 1.236603740571133
1.0000049715198847 -0.0003307290501711202 -0.000610410697125412 -0.022108720775532654 0.0003304594615836065 1.0000133820231263 -0.0008320181550203669 -0.03011598141234046 0.0006124298096638496 0.0008321084142893723 0.9999999380608655 1.314202145689404
1.000007981712071 -0.0007390573630907712 0.00010155078990031244 -0.007196565090886428 0.0007394901722503308 1.000018075137386 -0.0011002421119548841 -0.031265576475221296 -0.0001013052062018983 0.001100748198952886 1.0000003677764966 1.3402260253136373
1.0000006436510924 -0.002493092588976056 -0.0003095212348830813 0.004898833708316489 0.0024931693214045804 1.0000084771148956 -0.0001281327153366819 -0.04604352324080747 0.0003098414127361031 0.00012764574638938648 1.0000010462601125 1.3066751014787825
1.0000056255415766 0.0001318656069126351 -0.0007620475393804536 -0.0011573578837514586 -0.00012937609335448877 1.0000066511557835 0.0030385003996746198 -0.015968971129443267 0.0007628550895554122 -0.003038055462329212 0.9999937025588364 1.325174699769842
1.000004569730538 -0.0015700390993034843 -0.00047010495040501657 0.008086258079733295 0.0015717797237389019 1.0000033506070207 0.003560007733183198 -0.028142105670836318 0.0004662329995581495 -0.0035604137340875634 0.9999898716777152 1.323877704157195
1.00000471424861 0.0007834718386485112 -0.000445190632426033 -0.0056288928464913145 -0.0007836517452411292 0.9999906177300769 -6.970129946638859e-05 -0.03764502932271499 0.00044718839423178524 6.974632993545086e-05 0.9999966174086079 1.2816189801570803
1.0000054153296698 0.002149017764042662 0.0006472449037174621 0.0010886604381755926 -0.0021468289493511055 1.0000101946213455 -0.003176920478587862 -0.03109989686068942 -0.000651460622462069 0.003176144908820506 0.9999954530146173 1.3341909186749819
1.0000093691556728 0.0007295584595970169 -0.000697869607925899 -0.005747148257256708 -0.0007307837301908812 1.0000181248100528 -0.0018764451897029981 -0.0421620479580985 0.0006985430094487002 0.0018777061012860976 0.9999959561469859 1.3285480292056533
1.0000036907125072 -0.0009730195880955836 -0.00029548062523176034 -0.016784261177109423 0.0009731416760023253 1.0000117701082458 0.00016443696151411947 -0.029118458427920338 0.0002967403866625044 -0.00016442358519791215 0.9999984686389655 1.2515106320488592
1.0000035486804957 -5.0438670663231196e-05 0.0004349364366039093 -0.0016924407071050099 5.010498860973361e-05 1.000005122245801 0.0008513741495262777 -0.027279823744297434 -0.0004332693086769452 -0.0008511614388516167 0.9999977578223872 1.2244537826474389
1.000010504340428 -1.694756488054661e-05 -0.00025590166104144186 -0.014323363761302828 1.768479792854709e-05 1.0000306503724319 0.0017389842368708676 -0.02062315518120119 0.0002554553721514706 -0.0017381014749917232 1.0000020708556232 1.2704372158513038
