1.000000e+00 1.197625e-11 1.704638e-10 0.000000e+00 1.197625e-11 1.000000e+00 3.562503e-10 -1.110223e-16 1.704638e-10 3.562503e-10 1.000000e+00 2.220446e-16
0.9999316256881562 0.004327861420671781 0.01088408658902498 2.4188034234692983 -0.004300916215431944 0.9999945070391161 -0.002498325277038176 0.12781084608221666 -0.010894539632233169 0.0024514453449610714 0.9999386005344549 0.9511077712045051
0.9999194359456566 0.002269136249668809 -0.012727964010004344 2.405133553313471 -0.0022868889719302532 1.0000072049616655 -0.001382091578424234 0.14014906645137853 0.012724754644785147 0.0014112461913666355 0.9999198088999011 0.9864566228848213
0.999924420495185 0.0020786521801695874 -0.012234023968147012 2.8184245765528844 -0.0020985428993812354 1.000000889123405 -0.0016149585930876375 0.10400576331354928 0.012230612367573016 0.0016405862694595908 0.9999237331499382 1.080507259283249
0.9994759121021108 0.0040041626379695725 -0.0320887033708405 2.75404469963635 -0.004101307428340783 0.9999899969918187 -0.002962235687583688 0.0910376288078824 0.03207684399323308 0.0030923609599159334 0.9994810001869548 1.9630410759628425
0.9997629450545887 0.004419164523165091 -0.021413168198200848 2.8582203611353436 -0.004468447128806404 0.9999993418811468 -0.0022550812786328706 0.09047164267910232 0.021403163241942406 0.002350386712357763 0.9997698793518826 1.3830459320273463
0.9996151821338244 0.005331229626101414 -0.027465439203025892 2.870776463022638 -0.005400312505730769 1.0000185954823027 -0.002445311320176752 0.07177065258515962 0.02745336022981359 0.0025930926525735694 0.9996263178285619 1.5474672645447107
0.9997261845043648 0.004595665421676699 -0.023078818462266525 2.989879321208343 -0.004645262726542435 1.0000027435017287 -0.0020962536310701356 0.07006793073425838 0.023069271345824358 0.002203110557468663 0.9997347178570101 1.2719638136106355
0.9988093817811519 0.0005792761579138768 -0.04894092990967475 2.3327130916122876 -0.0006229757177628995 1.0000406124290881 -0.0008780469696930056 0.10005593799766999 0.04894054362783724 0.0009081093144227829 0.9988057812744516 2.0164633865956727
0.9961377436345706 0.0002320840425990747 -0.08783349938181144 3.0550386902203615 -0.0004119674941416559 1.0000032624807764 -0.0020299506720518105 0.08392774873907415 0.08783243840039251 0.0020584016278919932 0.9961325542374396 2.279219016273715
0.9969608365678644 0.0007615149710421038 -0.07792632782838253 3.221402296239849 -0.0008374234425435477 1.0000127437478088 -0.0009417067975078591 0.07214700040125857 0.07792540363398082 0.0010043569400023805 0.9969602443471091 1.833159925927999
0.996330983448655 0.0014957126444381155 -0.08560323080205057 2.9028697700230897 -0.0016500169326185918 1.000006582289256 -0.0017321554483188137 0.07994369729681383 0.08560012218877107 0.0018671895756432895 0.9963279301524469 2.234425894988308
0.9988126024049235 0.007014527951461624 -0.048471919219023656 2.626438709471487 -0.007075111607772534 1.0000228099372293 -0.0010784008633194153 0.06567726235850749 0.048463108226269064 0.0014208388893121118 0.9988364973429503 1.3914857273298153
0.9967547704271509 0.007050614966333378 -0.08027878081465582 3.196265337642606 -0.007144497836595801 0.9999916845030448 -0.0008820995191229925 0.057741617449212225 0.08026983281653952 0.0014531112091819974 0.9967733826518517 2.134427471083033
0.9972668442523418 0.001333781699986823 -0.0738961032236607 2.43975530745986 -0.0014335392097341345 1.0000057893307472 -0.0012971346830617917 0.09026496240673305 0.07389398101836034 0.001399670040862206 0.9972637236633083 1.6476850864223447
0.9965448420664024 0.006120159253914766 -0.08284767347363112 3.116825514385124 -0.006193710940567693 0.9999867539110396 -0.000630964419298499 0.016841210966154305 0.08284219992172157 0.0011420376029836437 0.9965630330802936 2.0870519649063173
0.9990121335036792 0.005448931255355264 -0.04414000945145746 3.090359769018318 -0.005467700564047482 0.9999976273310297 -0.0003052677528175632 0.03930888228038368 0.044137928075411954 0.0005465252525680768 0.9990278707234284 1.1525942149803035
0.9997550156526317 0.006961939626395692 -0.02114249068628694 2.469736304393189 -0.006983410199835045 0.999982434283091 -0.0009428779742277419 0.022945929941102682 0.021135236176323527 0.001090439105272475 0.9997771215292165 1.5803257071816958
0.9996944727647711 0.009909243984964032 -0.022819917514018507 2.9349036546030662 -0.00994515307236639 0.9999750232795462 -0.0014643718832669358 0.017816884039133493 0.022804667965614183 0.001691372612572483 0.9997428447846886 1.1906088285471406
0.9998447095932937 0.01079514963829615 -0.013964579380328449 2.9892065913557557 -0.010794435534877205 0.9999463837159653 0.0001255980987157498 -0.009815753401445509 0.013965223787035384 2.5253627420944735e-05 0.9999029476327822 1.2660121930847503
0.999883954249163 0.00852050225036803 -0.012825639568553975 3.212311239349581 -0.008537458950254404 0.9999670067857392 -0.0012692352560358243 0.00026260403229549234 0.012814162228375487 0.0013786583929085072 0.9999171110515738 1.6405363783210014
0.9995409854109815 0.006711005731815798 -0.02977607643496758 2.7176385728792245 -0.0067552132144358835 0.9999978301464484 -0.0013836622778241343 0.05083063894813989 0.029765448946677583 0.0015846165417459433 0.9995574312035959 1.4917205165297642
0.9996656497437408 0.006043308928828171 -0.025156738113866643 2.7340871803728546 -0.006067946184900744 0.9999851310012305 -0.0009032396298313297 0.024924054879514344 0.025150736562042628 0.0010556601140914441 0.9996831973048957 1.383391269929682
0.9999547456865646 0.008641858917890596 0.004327450233644844 3.2943262546712537 -0.008649393971421802 0.9999686376060424 0.001728435244447358 0.015919655362232804 -0.004312391564325389 -0.001765638739916883 0.9999903114754457 0.6775133234144438
0.9999769887848823 0.006686483590247444 -0.0021920945059379295 2.59134137277745 -0.0066871123603134295 0.9999866950948113 -0.0002769736391772924 0.030089054427413248 0.002190167709159904 0.000291818831198698 0.9999986530428515 0.812855249744147
0.999939827455271 0.006581253254836505 0.00880577135088145 2.98268973615419 -0.006580511846540531 0.9999802694748354 -0.0001121867272128577 0.0451313083428869 -0.00880630402907792 5.4256707354123575e-05 0.9999608774643591 0.10346175670868055
0.9998523804138686 0.00698699475319283 0.015713546044313468 2.816281303607883 -0.006962633353918354 0.9999785358963587 -0.0016032495849224511 0.021244608207229496 -0.015724352751846523 0.0014936783341597472 0.9998740169523654 0.5082040239317624
0.9999742763381557 0.007115663236631509 0.001296772430507406 2.9805850610533815 -0.007115985059842434 0.9999801059682432 0.0002447147123117004 0.030564396504184427 -0.0012949227805035518 -0.00025384466267905343 0.9999999850648492 -0.10290470902321096
0.9986559783615132 0.003791952766373589 0.051735991419384036 2.498220759129722 -0.0037410751601618265 0.9999934389862402 -0.0010805058996738012 0.07521389919361463 -0.05173984443401577 0.0008855391385041365 0.9986586608459967 -0.19941968461383222
0.999232964238235 0.0033962733724704056 0.039026498782577516 2.8419434824086123 -0.003334961307717577 0.9999969531674546 -0.001635785613086057 0.06486461376808877 -0.03903179340400831 0.0015044452348087938 0.9992377952884347 -0.23131928848512925
0.9986313913718832 0.002114532885907848 0.05230401228804292 2.757565931170421 -0.0020363913334042315 1.0000064397999382 -0.0015469422760029045 0.05194130731195438 -0.05230708103160168 0.0014384754958128483 0.9986292450633875 -0.3090106673574088
0.9989381157565582 0.0015390430619617004 0.046050633641199795 2.770848008535249 -0.001487361992360377 0.9999955019488079 -0.001156712425929843 0.06553381421664187 -0.04605246842718077 0.0010869522751686706 0.9989360197422876 -0.42387478135996126
0.9966690726093124 0.0007624392023011181 0.08156823015669627 3.0190756342224194 -0.000629994329331183 1.0000052528834322 -0.0016492371082394482 0.05342316850354635 -0.08156937912190024 0.0015924914085034595 0.9966657417009139 -0.375748651456381
0.9969038160866261 -0.0010264370776004537 0.0786662087783411 2.4834323762322845 0.0010538780785352552 1.0000138815290942 -0.00030642941038422854 0.09865471749747204 -0.07866581449551957 0.00038865574195892454 0.996902536231551 -0.26760147228346703
0.9970163701270955 0.0016416156998732756 0.07721347189686792 2.623181960449173 -0.0016130514372814375 1.0000073268050185 -0.0004321749446592232 0.09248897633230653 -0.07721409522389376 0.00030652776495320106 0.9970145609774225 -0.4846199733637385
0.9979822270573601 0.0004396971831542266 0.0635371676609037 1.9287078688184869 -0.0004525694383609162 1.0000064843938838 0.0001878874637859534 0.10751589600391324 -0.06353714424397694 -0.00021609358884055598 0.9979797503846969 -0.07957074646413644
0.9976797612065023 -0.003564145271928151 0.06799688600903082 2.431876133465552 0.0036012699246157137 0.9999970812044061 -0.00042284752539585753 0.11567497764514129 -0.0679950787898986 0.0006668285241913191 0.9976838347144111 -0.36045641019709
0.9999459803116486 0.008683773144572207 0.006035922147692679 2.166082024394457 -0.008690406499999782 0.9999705824171066 0.0010856261965025724 0.06606332219078537 -0.006026198517624633 -0.0011378102104111973 0.9999832927457784 0.9106053460463657
0.9983607268474457 0.008101811330311839 -0.0566898672635204 1.9217170327573883 -0.00794142995686999 0.9999730828894968 0.003052872026478494 0.04070672601906817 0.056712281835728955 -0.0025974437437683204 0.9983869938773156 1.1311115476902576
0.9979745374760192 0.011501921306307158 -0.06260850948673126 1.7644494906517758 -0.011420229434718335 0.9999398559991163 0.0016619155353515336 0.05257530329215443 0.06262311388224465 -0.0009433570617998492 0.9980367792773178 1.3207986789720096
0.9981614456843223 0.01010226242310546 -0.05982478214871994 1.663660663052328 -0.009925514778428608 0.9999596816918472 0.0032494927348542435 0.0727066038915133 0.059854476849012316 -0.002649275189727265 0.9982059445328002 1.338770814219588
0.9966123838200956 0.010496365663373367 -0.08160752042318002 1.4833289080848724 -0.010326840620941349 0.9999518486991332 0.0024984615487625484 0.05873058640062785 0.08162850901436583 -0.0016469751003685244 0.996661675172306 1.757375016255414
0.9983389063900856 0.010984718256050378 -0.05660803996624988 1.5109273554271878 -0.010981820915711584 0.9999424987982346 0.0003621128323813636 0.06209285017624537 0.05660787277541443 0.00026024764769632465 0.9983956525664506 1.5328665495620832
0.9985384004557334 0.011518314885322005 -0.05285991909804597 1.2104796549519252 -0.01158569336443908 0.9999360598057594 -0.0009688182043745193 0.08079298465014502 0.052844620653325965 0.001579929668830381 0.9986013368418865 1.5481196974717721
0.9991920915272244 0.009495388735248928 -0.03909321094432109 1.2688771887425536 -0.00951879584910115 0.9999606822205092 -0.00041382944407739356 0.09971850632179603 0.03908738721058678 0.0007857629869691738 0.9992357481799883 1.7345473995747935
0.9998800595081017 0.009284118844409953 -0.012468694468315743 1.4294081428592085 -0.009283673446361582 0.9999599581179297 9.13111596437367e-05 0.07533088939089458 0.012468902901775053 2.4514588511265212e-05 0.9999219021942092 1.3585504420021592
0.9998720004434629 0.008279252750140565 -0.013747117003151716 1.5924303644507984 -0.008319672705023783 0.9999637186437025 -0.002886572591485548 0.09421597838962273 0.013722671136938659 0.003000618647760061 0.999900905607087 1.8293102678510778
0.9998192943406314 0.007146252377780719 0.017916369794498135 1.457242566593301 -0.007133131028602306 0.9999885246600441 -0.0007882098959606193 0.1048389716168773 -0.01792162907179613 0.0006604956771438541 0.9998411637720311 1.5494327841247946
0.9996733189464027 0.004597488666346562 0.025245871546181752 1.6427471809730396 -0.0045992540434059625 0.9999974766905518 1.6001955770085185e-05 0.09407388979109552 -0.02524556283509562 -0.00013187837414419914 0.9996811275037738 1.4630083355944408
0.9996515442427261 0.00648572444209382 0.025639251513306868 1.9504248130895314 -0.0064391758359758034 0.9999812549229621 -0.0018963546051329102 0.09354347217736138 -0.025650952499693316 0.0017306780684660723 0.9996701345568616 1.5347768296136368
0.9993353715633544 0.005908629406035871 0.036049821683680816 1.800963082515496 -0.005836125868133252 0.9999915754455606 -0.002113989538429249 0.10072123337450414 -0.036061497597847346 0.0019024324106019957 0.9993491992066845 1.3560308362349758
0.9980810543513823 0.0037109208189324318 0.06184732539949476 1.9944147398975913 -0.003711450768868142 1.0000021759681912 -0.00010564076339998774 0.11542639331064752 -0.06184705389423183 -0.00012390736730760477 0.9980862250917266 1.0060454971338972
0.9984190671349203 0.005136785688450824 0.05602105262386934 2.576001413623328 -0.00513074381424344 0.999994266883249 -0.0002516255212270396 0.07174232362445707 -0.056021101354518626 -3.603729100684907e-05 0.998428768247186 0.9564456173496821
0.9991595640661713 0.007073048642998859 0.04040015853157151 3.4125293974013684 -0.007097508134054799 0.9999786364835832 0.00045986131438929687 0.05193362312246829 -0.04039568451295385 -0.0007461220489883209 0.999183258794359 0.5670345512394295
0.9976927448199572 0.005757544673007604 0.0676623115749071 3.321767540833176 -0.005772474549577873 0.9999873844431632 2.338727352141786e-05 0.08453297879878635 -0.06766092819042188 -0.0004138307108928566 0.9977081168667755 0.24432814422221485
0.9992469993441606 0.004947163563620918 0.03850287054329407 3.5304361084110774 -0.005013920046967057 0.9999883391932891 0.0016357018927039564 0.09505798370921843 -0.038494173593096676 -0.001827476019754067 0.9992580533312818 0.3745942388586302
0.999219510486696 0.00558510207919323 0.039109491075950235 3.0325830743837634 -0.005590531518865554 0.9999823299388155 3.177313758977084e-05 0.08446447724434983 -0.039108601226384904 -0.00025044447636122006 0.9992345220196455 -0.024737208527042358
0.9991044390279038 0.00881977916526866 0.04139176714240657 3.170550077055373 -0.008794124094378486 0.999959148783727 -0.0007993544547234137 0.05934183003253727 -0.04139697272886179 0.0004346399042434007 0.9991423289119326 -0.35061095342430404
0.997510961435925 0.010347662607355595 0.06975108822581284 3.5867962989497455 -0.010419818149554692 0.9999456258142386 0.0006705662903938366 0.051934517426844955 -0.06974036771145367 -0.0013956875042511955 0.9975642792560926 -0.2988742591326285
0.9977813291907358 0.0085491259191978 0.06603390651127597 3.420278627574392 -0.008649336639332888 0.9999639720344732 0.0012308536791115117 0.07365893468154477 -0.0660207679866765 -0.0017992154595698464 0.997816994230926 -0.8460677846370558
0.9991506387837307 0.010056343894114769 0.03996105628848234 3.3566723854754987 -0.010074562546402292 0.9999454893995137 0.0002586530550577388 0.08243965856921139 -0.03995605511926871 -0.0006610595885823092 0.9992007143626181 -0.40769396227165244
0.999583383714584 0.005799861158856982 0.028258090026589553 2.823269725968806 -0.00581938478596121 0.9999784653184639 0.0006126680468908781 0.09026503338676559 -0.028253416698539105 -0.0007769238126750159 0.9995994379995754 0.13213873417447086
0.9985815753733975 0.00899173775175463 0.052484573827671015 3.082112811723148 -0.009043701175172418 0.9999586528295655 0.000752199175965823 0.10516168210921706 -0.05247560615352402 -0.0012258070083519554 0.9986215024885209 -0.5240703868233882
0.9987487889851525 0.004250669772354971 0.049851165643070745 3.1220776934374217 -0.004230509593354043 0.9999983926785841 -0.0005133201675588411 0.10381699744704372 -0.04985283578285475 0.0003019414910469029 0.9987571626003781 -0.5098228460287034
0.9978067194667887 0.004468007997561134 0.06604648961656516 3.528096546910875 -0.004305411956729886 0.9999878973573781 -0.0026045928040322568 0.05323529619090134 -0.06605744328739026 0.002314527878507766 0.997813746055292 -0.9029427386575065
0.9996557623061675 0.0056636505488709184 0.025708720542797023 3.1203080829510643 -0.0056771436320790965 0.9999876766634924 0.000449956736981656 0.11826353190341236 -0.025704702461674115 -0.0005956529668958706 0.9996697995620373 -0.6305286089102605
0.9999784958469871 0.0032453986466018806 0.006186565767424126 3.092348941659672 -0.0032732233419357276 0.9999936833074269 0.0044778306835177115 0.12122002768919556 -0.006172048525227223 -0.004497762911270649 0.9999722003907844 -0.4301262802590241
0.9999026517703237 0.000503144407391075 0.014140733797744113 2.1310259611189126 -0.0005328660215996449 1.0000046736917938 0.002096578821241008 0.13503645918765947 -0.014139315903583206 -0.0021036787488983326 0.9998984846400377 0.2985620395248022
0.9999642981784261 0.005942734115957017 0.006164298146190701 3.0180820147233813 -0.005941285837171648 0.9999789342240409 -0.0002494132259977982 0.13497131427007553 -0.006166039028042404 0.0002127029283923083 0.9999803917103113 -0.7462445101962719
0.9992785683543807 0.0025088302046999056 -0.037955374778705496 2.683797470074726 -0.002522659043792127 1.0000045790605059 -0.0003149222485079379 0.11362361013905553 0.037953231488062934 0.00041057776879168734 0.9992797122221427 -0.1749943730384512
0.9995675006020782 0.008214941551557185 -0.028239876830530225 4.2380622269768 -0.008196039420321582 0.9999697686967534 0.0007908928761927626 0.05477931287446078 0.028245156614656205 -0.0005590442899095504 0.9996019220740604 -0.652606065942353
0.9997509624074337 0.0032332884612735293 -0.022115461704338462 4.177626493269072 -0.0031808835457976694 0.9999957638370559 0.0024102035934134 0.11209133684570081 0.022122781269546813 -0.0023391883029457755 0.999753643821105 -1.3521053383605122
0.999608032930141 0.0022867007080389305 -0.0279243594381294 3.1621197405878796 -0.00222384768657292 0.9999949564617454 0.0022818901716917116 0.1557387680769874 0.027929821732611805 -0.002218877036725636 0.9996073138053694 -0.87673984717514
0.9999712247839294 0.004417083940825732 0.006460493810969292 2.842849333027174 -0.004427467891524395 0.9999935966142334 0.0015838731659799197 0.14557500979576418 -0.0064533058615352966 -0.0016122897714820129 0.9999786712893368 -0.8235408909023998
0.9998049788842852 0.0041794454264215035 -0.01945772633145599 3.6119122704954996 -0.004173495979763883 0.9999992001236113 0.0003559618738211989 0.12418737410761874 0.01945960601971548 -0.00027448222383228094 0.999812618750079 -0.9243980202223676
0.9999901720691681 0.00472007857788914 0.0006107799447247521 2.9277317024230296 -0.00472042735992979 0.9999955167646463 0.00030190623277628035 0.13742797733393286 -0.0006095787026429369 -0.00030463919635898294 1.0000011838201133 -1.34806114575401
0.9999861464717436 0.005260860594965235 0.004209947067279093 3.080132879096491 -0.005265265094503135 1.0000047169744253 0.0009577283258756037 0.12104065722606633 -0.004203276686848207 -0.0009793307976251127 0.9999919905055907 -1.0155602345943073
0.99986113941259 0.0047709923160234435 0.01605807228186207 3.97030419866052 -0.004785535037530617 0.999993846368669 0.0008575375591277446 0.10947916517588296 -0.016053671951639883 -0.0009340929083587193 0.9998719724643712 -0.6853373924583872
0.9998411298471306 0.005129351448078933 0.017243078885100797 3.568884272421201 -0.005154650489480032 0.99999722836897 0.0014090102425077663 0.10634946098304104 -0.017235400397780005 -0.0014973595159463592 0.9998514976613124 -0.863637436861738
0.9999964622425196 0.004561814811983269 -0.001970850153136374 3.5038143264313626 -0.0045589143294576875 1.0000099666169602 0.0016748492419300816 0.11773567709552846 0.001978596214193196 -0.001665261416157384 0.999999403777362 -0.2394433509545655
0.9998699030408337 0.0030605025084602688 -0.016159869754268086 3.265676968524714 -0.0030403117188977087 1.0000050486724137 0.001280741137483363 0.11980030481315357 0.016163700317360905 -0.0012310669574728467 0.9998701797115397 0.07321188226510393
0.9998431379626804 0.003253102380629153 0.0180452837633113 3.4523854244738015 -0.003256417044658885 1.0000409828477264 0.00012881320205048995 0.13483750479915668 -0.01804467904212336 -0.0001862495856179744 0.999843759690601 -1.1458774019638078
0.9999512875422337 0.0027038491059350033 0.00960515298207325 2.677599988615328 -0.0026910940483473637 1.000001627962046 -0.0013461530305262919 0.15200492391688386 -0.009608766783874373 0.0013203123463206828 0.999953891624139 -1.1273198675263354
0.9989559158111965 0.00312155221166033 0.045683021136918085 2.8642196759067007 -0.0030859951098167063 1.000011286533286 -0.0008511513348091167 0.14864475899470234 -0.04568526356910017 0.0007096886599367813 0.9989575409810614 -1.3693814443219727
0.99975354217511 0.002949927619463602 0.022134102617508485 2.5667712623975034 -0.0029553312627272205 1.0000029690966223 0.00021054378021709806 0.14235853301646614 -0.022133133053218724 -0.00027573614810110696 0.9997550763176563 -1.0041046630855914
0.9999835905434499 0.004596103799147542 0.0035122101042455085 3.167481951655891 -0.0045996736283002325 0.999988905837282 0.001009545400139092 0.1298557043337722 -0.0035075559941739917 -0.0010256980397997768 0.9999930781086138 -0.4601394645623184
0.9999554568821063 0.00510078447176438 -0.008212309558167924 3.275462843017491 -0.005091908949524541 0.9999910798665572 0.0011046905902906414 0.12099051594276224 0.008217882452959744 -0.0010626672546300258 0.9999657268916975 -0.06380090139991214
0.9996183806168113 0.0035722542202899156 0.027441180780790955 3.5984031193393906 -0.00357685709117469 1.0000026399829505 0.00011657898557893549 0.12732287754599972 -0.027440627493159297 -0.00021456348779839683 0.9996224672374192 -0.4577804408546834
0.9999853754073856 0.005594548020440539 0.0015271995906508526 3.853815253089718 -0.005593871786984697 0.9999901005074331 -0.00047391279809803915 0.11349466694173926 -0.0015298330292287045 0.0004654724852047849 1.0000005468830926 -0.3014051317201643
0.9999879332198794 0.004141591011562797 -0.0029198146370358973 3.441573431080141 -0.00414467565596608 0.9999922760704365 -0.001048026569572032 0.12046097921281965 0.00291544147056262 0.0010601334939350008 0.9999951655702196 0.011619867334254444
0.9999255873847078 0.005081077809097551 -0.011332221540901024 3.4402252900816452 -0.005081880970427492 0.9999921384119238 -3.985933092691804e-05 0.1359874227736901 0.011331856444885012 9.755173792347397e-05 0.9999366377179327 -0.26504974310093155
0.9997948249241481 0.005366852338953963 -0.019630753946490196 3.6893740412002756 -0.005379946287983826 0.9999908291972777 -0.0006122970932382854 0.11465375285092351 0.019627146127299943 0.0007178771575881585 0.9998077776355387 0.11499770366710543
0.9998570196604205 0.004405437308654411 -0.016486176545592465 3.127358037775986 -0.004422311416099021 0.9999992488816153 -0.0009834902734436987 0.12006736631695304 0.016481536119478772 0.0010564548128378722 0.999863182918759 0.3889523524274517
0.9998724719240788 0.004318951254900556 -0.015449213453172165 3.185511607272289 -0.0043109976498965814 1.0000003361406529 0.0005513243125277219 0.1423759197792897 0.015451556258821678 -0.0004844297805979341 0.9998823657473057 0.1755699468541827
0.9998436093810357 0.0048213280908887745 -0.01711338334118906 3.200011650489176 -0.004841351661021998 0.9999943441059461 -0.0011272415816479882 0.13059419165513228 0.017107678387260336 0.0012100444964608936 0.9998535926753819 0.4817434281625781
0.999531683294812 0.005136940798360325 -0.030283222386091293 3.564605749663263 -0.005119255890414151 1.000003219439831 0.0006636792158764787 0.11893074267791114 0.03028614448382981 -0.0005079922072761062 0.9995422953934442 0.6309592009425435
0.9997508938030231 0.003795491014248549 -0.02211876827770001 2.948879891650534 -0.00379721916899783 1.0000092603644215 -3.4168881263688396e-05 0.13764960088096206 0.02211871379481573 0.00011846780060997957 0.9997573833532538 0.3306242535356097
0.9997509895008617 0.004769008269007539 -0.021853314962518425 2.8864858485192 -0.004786630018085929 0.9999984221360285 -0.0007532635106005229 0.1521784733968635 0.021849613814740425 0.0008579128041162158 0.9997622754964328 0.44978562530074706
0.9995721551693689 0.005125869657893014 -0.028885991553401793 3.1692441597776204 -0.005161905566158185 1.0000008968766707 -0.001172561450711692 0.13358808727635396 0.028879984603000234 0.0013214271136871138 0.9995847126486852 0.6307369635648404
0.9993581261133302 0.003922974341943393 -0.035596015534198285 2.5843535852315913 -0.003960836366718149 1.000007183466124 -0.000992134718677487 0.14238832305812837 0.03559281399349319 0.0011327185560086831 0.9993684987924043 0.7959193791897013
0.999431200571397 0.003705053564554558 -0.033765726597250544 2.543659274071183 -0.003746200250737613 1.0000258909544768 -0.0011559371703467256 0.1602336948841411 0.03376191313796079 0.0012823075426301915 0.9994359752066521 0.7342390236570469
0.9994655491486878 0.004719743610172285 -0.03251087589852666 2.368246406917233 -0.004768082038128177 1.0000104951265931 -0.0014091353693500468 0.14605066218356266 0.03250328141967519 0.0015637241908116018 0.999471469714913 1.071781078520355
0.9967441467784242 0.005255127998076209 -0.08051532195053189 2.509846532421428 -0.005327899668023797 1.0000135757761597 -0.0006889994713140508 0.1459699581151156 0.08051098679772335 0.0011160949139894787 0.9967580770215125 0.9053905003051446
0.9970580733610084 0.005047722582438102 -0.07654543074050463 2.3261391919763255 -0.0051641912493107615 1.0000082728410475 -0.0013229339075490336 0.14655926737607572 0.07653766052988623 0.0017146415854735278 0.9970669429074435 1.2394208421473085
0.9953028946504835 0.005114985773649463 -0.0967142538460159 2.8859407121330607 -0.005205603198000608 1.000019726608877 -0.0006837352619222639 0.1450667718924754 0.09671052536779019 0.0011844267647004713 0.9953182475677944 1.4755824950612824
0.9978477761245501 0.004461260998865048 -0.06551386247204677 2.8649710260310393 -0.004483715035981545 1.0000193860276372 -0.00019430118287067644 0.11824074231013265 0.06551280202145997 0.00048798785911567254 0.9978568138449271 1.328722509017789
0.9973809667358979 0.005355451796009447 -0.07217369793910525 1.884898396067111 -0.005475363558374877 0.9999961678583859 -0.0014629353315285562 0.16568810980025364 0.07216456444946939 0.0018544994643985688 0.9973908504467314 1.9416506133224016
0.9946330905464408 0.004465405293343483 -0.10345888479781487 2.197386002519035 -0.004461895387475548 1.000026168104389 0.00026811904111970805 0.15687793005918887 0.10345906491512989 0.0001954854074432018 0.9946395685954129 2.013229122014683
0.9898699863566756 0.002557252812202403 -0.14198351542047571 2.158337778303892 -0.002695186451134147 1.0000163636875656 -0.0007786935708441119 0.15013713937028145 0.1419812939890013 0.0011538061679431907 0.9898721486804211 2.135008583433073
0.9961149855750222 0.0047164684567651775 -0.08801359551542061 1.8926101338477592 -0.004938511948666627 1.0000144841898055 -0.002304619900993545 0.14723314265969467 0.08800207047716843 0.0027307679746570177 0.9961210811297839 2.074686011697357
0.9971893383910512 0.0029768314353853524 -0.07498997481662595 2.3533727552779187 -0.0029648336763337807 1.0000196164506208 0.00027210447106326913 0.13148059146498547 0.07498943667312304 -4.859543503108055e-05 0.9971857522560458 1.7482810629837753
0.9981071893874759 0.0035820991717665763 -0.06153284627024125 2.476944389602032 -0.0035208053308693407 1.0000228962299695 0.0011038119989806188 0.12352770929196992 0.06153568204171469 -0.0008845636663326217 0.998106631027131 1.782157341986515
0.9989787685751703 0.003018343903900023 -0.04520082948822447 2.397607638869046 -0.0029948338116089555 1.000017730783245 0.0005866823563993077 0.13421290896370158 0.04520184379182757 -0.0004502828013834042 0.9989779147471026 1.971392694753715
0.9977873060197718 0.004788380635158864 -0.0663541702323115 2.4246555806168386 -0.004737898379455609 1.000002212863616 0.0009172905949714056 0.11652039071010269 0.06635786899066878 -0.0006005668360095682 0.9977982019848491 2.171747359363376
0.9956770002997803 0.005162689226552198 -0.09279851422932905 2.2256166134534534 -0.00517732696423081 0.9999987878474731 8.283473048775573e-05 0.08650735299831797 0.09279674067042411 0.0003982914907923147 0.9956863334611462 2.2241057769456116
0.9960386403144262 0.0063307101466316155 -0.08872097337824975 2.2629083847666567 -0.006333437911078991 0.999987148925195 0.00025016587174443293 0.09884689221850704 0.08872054558537854 0.0003128869038136 0.9960575497858702 1.7898768423264386
0.9975466855043443 0.005210055738323237 -0.06984256869679804 2.3228629430761627 -0.00518655466471087 0.9999957144742341 0.0005171567135659569 0.10172134784766752 0.06984449466179228 -0.00015345258569443514 0.9975593146153299 1.8873375222446813
0.995282639259003 0.00798546525046418 -0.09670507011788265 1.7275678121729623 -0.00787024563535285 0.9999765411931804 0.0015720377926135753 0.11860877034639321 0.09671451145595966 -0.0008033532428419393 0.9953127255415567 1.8553267759353818
0.9987708356506331 0.006683126027619225 -0.049131742695910925 1.4861598677758467 -0.006659358099160132 0.999981332671542 0.0006465102906949489 0.12248310670944519 0.04913487067754368 -0.00031844593771582864 0.9987928248493896 1.9043776876573433
0.9958091132258513 0.009150645921103694 -0.0910153077219547 1.6028593822405823 -0.009046826343544881 0.9999585701222298 0.0015530384717794866 0.11786752315029873 0.09102513223021903 -0.0007231002516087899 0.9958471114384939 2.1179982028004276
0.9958215703688956 0.009291849888815033 -0.09086537449035817 1.5844772239458376 -0.009232651989653262 0.9999616012683837 0.0010713814376954026 0.08517254641644245 0.09087119044031869 -0.0002278432235741095 0.9958631258431052 1.7042860365605226
0.9984116924967286 0.008245897681378025 -0.05577515630269038 1.6063163819845971 -0.008245424431522182 0.9999718369739838 0.00023776400903476288 0.11926863205794111 0.055775537795572525 0.00022267143139819443 0.9984449790683 1.1051271663012188
0.9986289325865352 0.007982664959078144 -0.0517573413970366 1.6721751581875188 -0.007971568473273922 0.9999711225030854 0.0004204813510196548 0.10962360866577751 0.05175907442517437 -7.234947977602256e-06 0.9986605716311725 0.8098036931272855
0.9962065677596037 0.009981649969039354 -0.08645889320178703 1.6741899656932129 -0.010101167119639877 0.9999496810666805 -0.0009451844486381152 0.07660944793536098 0.08644439094543774 0.0018149929171333344 0.9962551614843941 0.6849127627734533
0.9993415705028025 0.00933989029462706 -0.03511739237894443 1.1074703603281668 -0.0094166696715704 0.9999696167049593 -0.002025157939591152 0.12536870257880753 0.035097711884276815 0.0023547587913720406 0.9993847743953653 0.14028621363674912
0.9999575316347574 0.007924803832261034 -0.005176945132523181 1.6682002703485783 -0.007931881599474064 0.9999725074997462 -0.001358599649973131 0.11687617253429258 0.005165858982565535 0.0013996773148805533 0.9999856413382957 -0.11295354653018858
0.9966027026637628 0.013230888516965373 -0.0813045184306891 1.7619473634283278 -0.013162363911474772 0.9999260452529107 0.0013785351590497158 0.09126471202199354 0.0813158931347959 -0.0003034885270240033 0.9966894746807823 0.8273973680425272
0.9995942884505039 0.009529964014994834 -0.02706041980979476 1.621628080343649 -0.009568889414880738 0.9999777560868534 -0.0013096807777092383 0.12036179310301805 0.027046577306183973 0.0015684744102653133 0.999634826722455 0.40198599378664673
0.9999700898833477 0.007843383801256086 -0.001915745677291342 1.503279917389879 -0.007845384551320072 0.9999853762563943 -0.0010351416886657577 0.1390103089312227 0.0019077409511239055 0.0010503811276859486 0.9999996451331216 0.2817480509080408
0.9998694696224251 0.007906374974633146 -0.014295246019282478 1.4982402503855896 -0.007932652519498288 0.9999860053722013 -0.0017821702910011783 0.13646542885341983 0.01428089374446021 0.0018956201054710956 0.9998974821503199 0.590859243539628
0.9998911908979824 0.006005174822367687 0.013773591153331766 1.1254174950145648 -0.005970096834994293 0.9999919657178497 -0.0025879291664596656 0.13047495344019583 -0.013789227595133298 0.0025055698402426663 0.9999030196064054 0.4962635037809005
0.999459774114644 0.006167209461594029 0.032373963023762595 1.2293323465771473 -0.006101896199807656 0.9999895120805588 -0.002116191284227774 0.13760615020975608 -0.03238629731672139 0.0019176494231074217 0.9994743853224907 0.5985160683471845
0.9999013944485954 0.005299599867593796 -0.013180973641862537 1.2112050644898738 -0.005315503315191762 0.999995319028295 -0.0011721403884169732 0.14115163813557 0.013174113622404053 0.0012422329517370885 0.9999113175287081 0.676674815954197
0.9999772156940276 0.007637413743910053 -0.0013928789818837657 1.5159717168365885 -0.007639886828994534 0.9999913846930942 -0.0017777016654369033 0.15108253868425442 0.0013788419957452363 0.0017886254498519776 0.9999983110912224 0.9201012421073985
0.9996680458818404 0.008185979218522163 0.024713264625037493 1.7592110051347203 -0.008157634514196986 0.9999825374537783 -0.0012495233488955073 0.10751854756594595 -0.02472284161856911 0.0010477661665093299 0.9996944389323758 0.7212525637929555
0.9970331607900103 0.003774357200136757 0.07687237739706625 0.7873705035292801 -0.003567511692847692 0.9999901809949313 -0.002827918476437639 0.16912994662306782 -0.07688242061736238 0.0025453256847417782 0.9970334260911173 0.03916528551008319
0.9977779352661068 0.006445750832240739 0.06633389947339469 1.580760521478881 -0.006288474745976495 0.9999936995900138 -0.0025796465600735957 0.1490732026659189 -0.06634890868408712 0.0021569737869055836 0.9977957700447336 0.6820583372759019
0.997814620554606 0.005264525739603441 0.06594242360448646 1.4923027463807903 -0.005096563879037502 0.9999981918469772 -0.0027151788470788484 0.1144916056839388 -0.0659555022052998 0.002373387597553965 0.9978219392336236 0.6806588301413957
0.9959664187218058 0.00601201930317069 0.08956226084357083 1.2973292729164352 -0.00576018424939229 0.9999953896966498 -0.0030696439038576657 0.15664479779468357 -0.08957902070291675 0.00254160780949549 0.9959810828696503 0.32776823659028914
0.9972435112664545 0.00964041016017196 0.07359497535689602 1.125544976723812 -0.00940572218581771 0.9999655829976973 -0.0035350186788153976 0.1528376610374148 -0.07362541409612572 0.0028332487717137077 0.997283607744668 0.5895884781011163
0.9921145755800738 0.0049776658249327255 0.12527060735246914 1.3590245738833342 -0.0046357285340355965 1.0000003709240264 -0.0030205922631728727 0.16505215980496085 -0.1252835669700593 0.002416253171291561 0.992120084935725 0.6847629426340064
0.993096797766693 0.0049287303208961665 0.11723957473766533 1.2404263402891078 -0.004381290986814674 0.9999943122699522 -0.004926327238551048 0.16137524050116608 -0.11726065394742362 0.0043788760816861495 0.9930914192455805 0.438179585043825
0.995574417529676 0.00537224914300859 0.09382728378165563 1.5016587873218983 -0.005026042907372615 0.9999841563620344 -0.003925618391748883 0.13669518089061675 -0.09384648784213837 0.0034367010992505534 0.9955812731357804 0.5318325932304111
0.9961750319112859 0.004182616785298771 0.08729578976743264 1.0182737316697712 -0.003817939864728342 0.9999952709675093 -0.004343564696511876 0.1457468283454099 -0.08731249633241597 0.003993775977427018 0.9961735055323166 0.6047710250739471
0.9975824149549434 0.003928769916567312 0.06942555121326215 1.3024189942160949 -0.003641448386258784 0.9999945243814823 -0.004263720251318725 0.1553671799742119 -0.06944113200764916 0.004000699763962954 0.9975798928332915 0.6593517026553797
0.9975621954129985 0.004582340769906773 0.06970383738587091 1.2387530473632444 -0.004339240590051829 1.0000012983021402 -0.0036371271435033307 0.1688907745362676 -0.06971881240548175 0.0033259969434044786 0.9975617376516155 0.31633547541057466
0.9969869674952507 0.006067701644698583 0.077386405321999 1.6027516812808456 -0.005865556778587088 0.9999918467602493 -0.002838438723091499 0.14139762612404286 -0.07740176141300008 0.0023761096393431613 0.9969987951205775 0.21817188531979997
0.9972917958495937 0.0053012088672237554 0.07339697948352965 1.5127809872818998 -0.005132457342810149 0.9999968687200175 -0.002488030902355097 0.15471364709839713 -0.07340858499738287 0.002104795505752695 0.9973005761471545 -0.38425399511614117
0.9996497700258913 0.006752480462726608 0.025724934455327385 1.5999729935206484 -0.006733986737504276 0.9999881161337428 -0.0008075774409545698 0.1578831404475747 -0.025730085117201502 0.0006342964589199548 0.9996704167303315 -0.9488549496160581
0.9991904943152224 0.007231493794352655 0.039640413264981335 2.2813768696622216 -0.007244059485557445 0.9999824567648083 0.00017282006140108885 0.10288100694078474 -0.03963797925154259 -0.0004596415602589776 0.9992151217973084 -0.3771728026167982
0.9996203536942115 0.009282104466395422 0.02609024636637067 2.092968463879367 -0.009321668939900076 0.9999690503606605 0.0013920305178106683 0.12551619676508474 -0.026075816255902603 -0.001634320490555833 0.9996589910986885 -0.03525967276891846
0.9996695900813205 0.00935208866975094 0.023995212607278854 2.043349890268775 -0.00935428913450721 0.9999574616957225 -2.049646706946659e-05 0.12175751531907048 -0.0239946044380214 -0.00020396309241957802 0.9997119392128233 0.03135507513559652
0.998955684568462 0.011643347112799138 -0.04420601430321482 1.9403353435040773 -0.011709513369569482 0.9999286475434035 -0.0012398659535896015 0.10207102102133958 0.04418941510219891 0.0017561770803055745 0.9990191776137501 0.7894824146013716
0.9979957049403675 0.011398846416546388 -0.06225060593341151 2.0281245357322115 -0.011551050260787375 0.9999292200054793 -0.00208628824500042 0.12441842671058462 0.062222876106191864 0.002801135680580022 0.9980575548750215 0.10281884906159428
0.9998287651022436 0.008429267490676967 -0.016653018561052 1.8285881778175312 -0.00843756826850409 0.9999674168138024 -0.0004267628792434175 0.12059076077311148 0.01664946650278729 0.0005673153385799598 0.9998609890632315 -0.17174125145469296
0.9996774341016805 0.007958254267430484 -0.02419119808783411 2.0521213969358083 -0.00796056037369006 0.9999702308038066 2.5882059672831167e-06 0.1149748016391256 0.024190727128704608 0.0001900579126538627 0.9997075500469583 0.366316865418736
0.9995759318000779 0.008983098945940692 -0.027794655244476097 2.2526663849505493 -0.008994232395981842 0.9999669181126253 -0.0002727628240542309 0.11387550601295256 0.02779110552783908 0.0005228204568359843 0.9996147914843062 0.24025616712049142
0.9998484249199514 0.010012814734369877 0.014305509447143185 2.4054638055025688 -0.010018716278854058 0.9999543426108001 0.00033461638905153956 0.11198711309471544 -0.014301813574166197 -0.00047778168720954083 0.9998981717876716 0.3857073947146172
0.9999602966696279 0.008880273191760314 -0.0019249589957330874 2.6609952266946184 -0.00887912202238018 0.9999630209992617 0.0006144420238056501 0.09740250820449406 0.0019306139519595933 -0.0005972292989746752 0.9999983557690569 -0.03779105377321308
0.9993147521149425 0.007426509621419464 0.03629733508524944 2.778316086131599 -0.007352815116021689 0.9999682815186764 -0.002161896339199216 0.12172631591360912 -0.03631204057244036 0.0018934718019064703 0.9993381647649758 -0.027685655318812886
0.9991559651858227 0.008049607264965885 0.04027219332471251 3.063609880802898 -0.008007347574621418 0.9999663056369344 -0.001211437568671165 0.10327588865721309 -0.04028088106005399 0.0008879245716878001 0.999188969185901 -1.0368012494172478
0.9997760225471002 0.009856072037766873 0.018724729921910446 3.381397807525029 -0.009829580410214653 0.9999511788523749 -0.001509649460352646 0.08730502698168763 -0.018738837145398507 0.0013252678517131247 0.9998232427803371 -0.6462726506861933
0.9997305076537104 0.006516522009164635 0.022289607872073874 2.7793891438149365 -0.0065072810916892735 0.9999785576968373 -0.0004883860588901852 0.12068548362269121 -0.022292629316674254 0.00034321670251822396 0.999753569983886 -0.813073984794393
0.9996181896019367 0.00439563589498402 0.027225098220349648 2.3214041678768815 -0.004406233331295883 0.9999855279309923 0.00033299912672701956 0.13004297557204436 -0.027223497517945835 -0.00045293460552891753 0.9996294353793975 -0.4395513137986073
