1.000000e+00 1.197625e-11 1.704638e-10 5.551115e-17 1.197625e-11 1.000000e+00 3.562503e-10 0.000000e+00 1.704638e-10 3.562503e-10 1.000000e+00 2.220446e-16
0.9999782718218911 0.00053539965720598 -0.006448255687259204 -0.016753928288075152 -0.0005334984858623238 1.0000030039477976 0.0002745253596385715 -0.0009716316827164221 0.006448144257000407 -0.00027097042336869133 0.9999786022899159 0.09932775605164898
0.9999748967996963 0.0005592169635264195 -0.00706643980221159 -0.017905435643695972 -0.0005577376837892437 1.0000046177866175 0.00019447330693157783 -0.0007193911664662871 0.007066811125963258 -0.00019046018564221058 0.9999771425214543 0.07684912485275087
0.9999660011678873 0.0002784464832595266 -0.007835817327470636 -0.012731845085646953 -0.00028244775189207314 0.9999963606512241 -0.000496975943890843 -0.0030577164179954844 0.007835786459657693 0.0004990868512964075 0.9999682549687059 0.06298592043708576
0.999956495536824 0.00046984298545579915 -0.009424166057751105 -0.015205466669877774 -0.00047645109941771654 1.0000067607604635 -0.0007247654808455103 -0.0024300078599858994 0.009423570824190668 0.0007294012979887688 0.9999569764084189 0.0620422252532435
0.9999335475976957 0.00044618276894437876 -0.01149758829438753 -0.011740830101396208 -0.00045761481044067894 1.0000018733767282 -0.0010056156275451704 -0.001021069732999299 0.011497350143448307 0.001010839510528004 0.999934507447315 0.06833040183522586
0.999906513354141 0.00014853027830602465 -0.01366820079519011 -0.019080254270784296 -0.00015311314291124832 0.9999990881872849 -0.00033590624238472147 -0.005195188188293881 0.013668407525813239 0.0003379511332339128 0.9999068498665349 0.09034327467561008
0.9998711970954064 0.00027590102173361876 -0.01611873145559534 -0.016818894731334934 -0.0002751879768153903 1.0000039591808698 3.835471122673811e-05 0.0038946768478630555 0.01611910060375891 -3.386971065269258e-05 0.9998713629972813 0.11251460025644662
0.9998324230771993 -0.000794986553900009 -0.018411574503173045 -0.007183505757859346 0.0008017174343673516 1.0000044046559717 0.0003525669643704284 -0.004066074772634455 0.018410757791389232 -0.00036720302333116716 0.9998288411883819 0.12566903293841983
0.9998021891425221 -0.00032931338259433655 -0.020045170754507423 -0.005282952608542543 0.0003313606370095779 1.0000090492376672 8.64000084195851e-05 -0.0016454338801259447 0.020045042877806826 -9.28714199859805e-05 0.9998005327231717 0.136310747813374
0.9997498056979945 0.00014973885906292465 -0.02242604236122348 -0.027641578210445304 -0.0001505133694371847 1.000011541793671 -4.90697517050268e-05 0.0016383207837691238 0.022426685759216088 5.259550626982473e-05 0.9997511337861916 0.13500557123303933
0.9997102467420269 0.0030185004638686253 -0.024022827820320152 -0.032568927801029754 -0.003036007740776994 1.0000176719128318 -0.0007178531557174502 -0.009116600904482445 0.024020744753636695 0.0007908912510613029 0.9997127112343933 0.1445563797538362
0.9996631671111651 0.003955124340913088 -0.025669763618884296 -0.038850643694887894 -0.003987750716699011 0.999998481377706 -0.0012267095101687478 -0.00396131673869331 0.025665631220468527 0.0013287312955147566 0.9996698124479714 0.17569426977160915
0.999623755917511 0.002740134344456323 -0.02737314481834877 -0.041594937296587184 -0.0027454460037095204 1.000005856214752 -0.00016334867373891306 -0.00887640212397293 0.027372296556645928 0.00023857143080357972 0.9996272343684559 0.1642034856022747
0.9995552553477814 0.0010976134748051 -0.02981453679165654 -0.05268917555753656 -0.0010908533188980511 1.0000086254671046 0.00023675829887522307 -0.01047461645799363 0.029814815104047356 -0.00020397313081900627 0.9995562920775524 0.16509707708013188
0.9994817422801782 0.0017276601564156996 -0.03223298032568475 -0.03618301150707155 -0.0017087929853165994 1.0000218237440777 0.0005998147083379538 -0.00974703619495991 0.03223446050306081 -0.0005440932073960732 0.9994831135683702 0.15687599581267725
0.9994734757487683 0.0014235785937739428 -0.032708498963233905 -0.06831831365981467 -0.0014064504214057595 1.0000276657736782 0.00053114085394209 0.003633553333484424 0.032706000014770045 -0.00048443637383519396 0.9994672998030165 0.19882747233784984
0.9993796561948767 0.0022105885578073887 -0.03523913448242067 -0.05643393169467625 -0.002187902063371654 1.0000103542382865 0.0006751323441159452 -0.013030501663350886 0.0352402169118265 -0.0005974468964038505 0.9993802486045166 0.20089677409825682
0.9993586511919086 0.0024321287890657225 -0.035867714187578704 -0.05428227420989855 -0.0024340001417129486 1.00001249184922 -1.3648824796128999e-05 0.004323730771012128 0.03586627684477459 0.00010116694849134075 0.9993578082120351 0.16119386075415634
0.9993718805627988 0.002102324128841613 -0.035520883027399607 -0.0823692758086568 -0.002099303812270928 1.0000172932084617 0.00011500933294501807 -0.006752056960580608 0.0355196564546837 -4.009185155688763e-05 0.9993715093737545 0.20451846346381936
0.9992902139546511 0.00086037327753646 -0.03778916604813938 -0.04931301918895443 -0.0008655553895362986 1.0000160235689834 -0.00012410213467002596 0.002479907965507944 0.03778898152225428 0.0001569269913191935 0.999286988782771 0.1917750568967717
0.9991722609388406 -0.003386748325573982 -0.04061280859688254 -0.040843237322384894 0.003334849367477524 1.0000131517015702 -0.0013491665572535065 0.0035296814759424827 0.040618177283764725 0.0012128492691139488 0.999176986385037 0.1778110502998239
0.9990822934266094 -0.003137920275673655 -0.042989092943674104 -0.06446718620070409 0.0031037144582392556 1.000039454510461 -0.0008752367479347861 -0.01115470634719438 0.04298628154991831 0.0007415565336089065 0.999081048314155 0.25795763510803893
0.9989097968152387 0.0002073961207320893 -0.046764595928396505 -0.041374298663757525 -0.00013729203921790753 1.000011261563087 0.0014980344407581345 -0.003153664383723882 0.046763665864372285 -0.0014898267584095876 0.9989063029587657 0.24440973197086846
0.9987502536375349 0.004207952308737419 -0.049897860865338046 -0.07240657091318368 -0.004090830687710808 1.0000090610610215 0.0024429888728141817 0.004836719764365726 0.04990732841141295 -0.002235553497535955 0.9987546561945306 0.25863220813578885
0.9986096085312857 0.0026584683379140754 -0.05267735352660707 -0.10505736535751684 -0.0026284315996190754 1.000005797125552 0.0006365173980334196 -0.015573292634533659 0.0526778447869313 -0.0004970611161319958 0.9986130612131151 0.2443116929250136
0.998519609305275 0.0004863603561768918 -0.05445606568417948 -0.06417821903726982 -0.0005163980461160432 1.0000138801163783 -0.0005411643429505263 0.006278684402693121 0.054455632422178046 0.0005686208794429536 0.998518204845546 0.20839131291431076
0.9983859124965164 -0.003916444071638767 -0.056705070629939895 -0.06592904421104315 0.0038882414612024328 0.9999990442552035 -0.0006087953893099895 -0.021095502790772127 0.05670624630811223 0.00038741189131459363 0.9983941485407609 0.33215662889735303
0.9983276339884141 -0.0034209621380512684 -0.05782293453129901 -0.05612963969211844 0.0034117994871136724 1.000024721887246 -0.00026446854668258843 -0.004261847804468923 0.057823311404736004 6.704051579789143e-05 0.9983291822796161 0.30806993525658893
0.998354095520672 -0.001229281260797581 -0.05738999019166257 -0.026747921106372745 0.0012634370847868456 1.0000147045903374 0.0005537455003816438 -0.005646881609200411 0.05738746965047647 -0.0006251698435841498 0.9983530841741733 0.28040688036522077
0.9982688251828407 -0.0009760572281386022 -0.05884479741658198 -0.03989706803759498 0.0010580897247002908 1.0000100510864374 0.0013586082850414593 -0.003403970895998947 0.05884246615898462 -0.001418419971092343 0.998266045074015 0.35080317203390937
0.9981905391234656 -0.00011412066823915403 -0.060189740409576795 -0.05219290066067651 0.00019113524146463411 1.0000130299616612 0.0012691345575804528 -0.008590715237435981 0.0601915551694991 -0.0012782711830003216 0.9981870073394563 0.321415897763447
0.9981957200731791 0.0003337339707980348 -0.06011816200747042 -0.07362360768100729 -0.0002765786728146966 1.000016592795731 0.0009534832252299155 -0.0014643521345208462 0.06012240965444431 -0.0009350200732799627 0.9981909458329391 0.30822371828304534
0.99817149233533 0.0004049005826646161 -0.06044613416373652 -0.06569313203794046 -0.0002965604338660134 1.0000032128454275 0.0017996605915428575 -0.007087842201956868 0.06044433830502658 -0.0017783846505121123 0.9981731738133967 0.4111420294151874
0.998255825515653 0.0007330444405254445 -0.05927491988907868 -0.09384098438704475 -0.000662128155911323 1.0000514191338257 0.0011993710420067076 -0.006017560086887448 0.05927509705670569 -0.0011575493469878533 0.9982461607966477 0.32984320868570655
0.998279644500803 0.00016712613543713297 -0.05868920589255852 -0.04383919385508783 -3.856753136120245e-05 1.0000128120869771 0.0021862958035998416 -0.01607692914712075 0.05869037691281825 -0.002180114111979866 0.9982753660314198 0.4504610361095954
0.9984348234490046 -0.0021324298954736452 -0.05600052883028823 -0.07517382176984491 0.0022472449917737957 1.0000149246172045 0.001981164633496246 -0.014825640214730677 0.05599662795570913 -0.002103735438940793 0.9984318435795225 0.39927287244324455
0.9986597313236637 -0.000257231749398696 -0.05192184593264779 -0.044487832408247274 0.00030797876178905505 1.0000304131620164 0.000959805827056619 -0.02328265550217097 0.05192152325084404 -0.0009741802781803197 0.998653747202397 0.35937562329144124
0.9988130310427558 0.002643634033057953 -0.04866177149702634 -0.08352392915152006 -0.0026341003830624952 0.9999989808455556 0.0002584425249922379 -0.004515795285134211 0.048662008920177455 -0.0001299066315031906 0.9988165834452157 0.45260538021136276
0.999098021120942 0.0033412379891986483 -0.04237322576410456 -0.055644156004671555 -0.003343068565162537 1.0000054243736005 2.1562039748705756e-05 0.0044458838316280575 0.04237247857426861 0.00012022644052608178 0.999103577766287 0.39709417036748856
0.9992527797990759 0.0022688212115814822 -0.03863653470847638 -0.05508397371772549 -0.002310338160227524 1.0000243927526544 -0.0010414833163252671 -0.00845532455659587 0.03863291699634762 0.0011302343836373 0.9992599535077457 0.48666247639480226
0.9993926026164796 -6.878649078737904e-05 -0.03494039875476849 -0.04277412905278166 9.523868165561644e-06 1.0000160056385223 -0.001706380176250796 -0.009453714876046414 0.03494063276424677 0.001705226886352229 0.9993903058233973 0.4845713356367653
0.9995107359617252 0.0004214214650380631 -0.0313220836002947 -0.05599959665617964 -0.0004802778978068197 1.0000032794907747 -0.001874851482117321 -0.01877399476153731 0.03132113682502178 0.0018890626124183517 0.9995078244897201 0.47584938482792444
0.9996343198605201 0.0009290267493427983 -0.026977021317771663 -0.05618999316484209 -0.0009629280462403541 1.0000193104697006 -0.0012563501123778681 -0.007311525482235519 0.026976737978453735 0.0012820521580320615 0.9996418365284033 0.5191476680695842
0.9997783521048395 0.0010811170968625182 -0.021192982777126702 -0.03231876303465252 -0.0011177361062866288 1.0000143714653047 -0.0017218927958200867 -0.00916650579672386 0.021190577140024078 0.0017453916166078282 0.9997739829286377 0.5284681251295462
0.9998614093690901 -0.0008070336686445514 -0.016735008006888645 -0.03249912704010288 0.0007977897437837057 1.0000126161707794 -0.0005956320107265936 -0.0005637600137365257 0.016735486719054445 0.0005823532222846475 0.9998620294689289 0.5154632261628712
0.9999116587932931 -0.0004084260689683527 -0.013473526646408432 -0.021575376735375053 0.0004170622067846066 1.000018605363854 0.0005558063953832376 -0.009129028707876402 0.013473302186053181 -0.0005611473188259544 0.9999117104045131 0.5218325672504857
0.9999532101677151 0.0004004538583036426 -0.009617112090456908 -0.02070123143331127 -0.00039365480482146507 1.0000001409523178 0.0006936956885558805 -0.012452885928237864 0.00961737966344283 -0.0006898686883127929 0.9999540519238138 0.5617573536783567
0.9999752784542302 0.0012106243539976443 -0.007213380052119601 -0.01660902589122874 -0.0012005734876666147 1.0000120868823454 0.0012602323633074284 -0.00848018056951599 0.007214878285204133 -0.0012513896454306379 0.999975677055484 0.5940966226325001
0.9999987642600563 0.0007156641943390164 -0.004592975985191349 -0.01126059940782308 -0.0007105105295527949 1.0000363906302658 0.0006287688289208543 -0.002204491194069527 0.004593546841354211 -0.0006250178610820303 0.9999931020627945 0.587356243272308
0.9999979462380274 -0.0016334639502583997 -0.0019831960109922505 0.0011720286125849963 0.001635681906887644 1.0000108003573265 0.0005525472071699029 -0.01654460249078096 0.0019822698746457014 -0.0005556387725775257 0.9999989159206476 0.5897017112624999
0.9999999662517809 -0.0009111716088103909 0.0004818549392129111 0.01156344227186383 0.0009125462456192732 1.0000187725871548 0.0013242099493137808 -0.00736383952695958 -0.00048317707032359775 -0.0013234961865042619 1.000002945817067 0.6305129643034119
0.9999993508103072 -0.0002374853783436728 0.001346786675907097 0.0014898132110920013 0.0002370594180763265 1.0000203334206685 0.0016926637299842515 -0.011677253673202239 -0.0013472185536801704 -0.0016920067678604747 1.0000000935800677 0.6788729328880228
1.0000012943504515 0.0010484233217056594 0.0014640124516944787 -0.0007624438324520011 -0.0010476204459485086 1.0000118516485668 0.00011482497348543805 -0.01942849846256516 -0.0014638706808580535 -0.00011617355689563521 1.0000012494443205 0.6464905769119416
0.9999938395790678 0.00380883590527777 0.0018013940770163675 0.0052157294354116136 -0.0038057338465709717 0.9999995240141317 -0.0014986957194330919 -0.012263195661431674 -0.0018069177997319839 0.0014920022506708004 0.9999951032552893 0.7033273582576037
0.9999985189869431 -0.00022856293425846939 0.0010389132480340636 0.0036286545139447455 0.00022942815944440874 1.000004188562991 -0.00024170251397403586 -0.016640637879539295 -0.0010390689262666695 0.0002420019422732351 1.000003574302253 0.6566712250434884
0.9999995402637594 -0.0011677442084106814 0.0014577704068223704 0.002366617766342538 0.0011665533716171295 1.0000160632992938 0.0017404116846073871 -0.012296411478024027 -0.0014596258655036464 -0.001738386024163348 0.99999682938739 0.7258773919470198
0.9999973324424566 0.00032635356930430995 0.0015996384668267262 0.00609113873523148 -0.000330588247499423 0.9999950793451814 0.0026552425704572187 -0.016871382313250423 -0.0015987721659477428 -0.002655782670755386 0.9999946100873911 0.7556545087232716
0.9999994449136951 0.0007417840289175757 0.0017694665850243802 0.007212813439759053 -0.0007440803250677131 0.9999970400228627 0.0012195985420519972 -0.015352935414008919 -0.001768429775906859 -0.001220919417493945 0.9999985738536507 0.7314874125462794
1.0000021198423388 0.0015750938000131873 0.0015718857168967792 -0.006478573153561561 -0.001574038998722009 1.000014298405906 8.838542213099292e-05 -0.025762389937734997 -0.00157154358612351 -9.048719233203007e-05 0.999998338111679 0.7350229128230715
0.9999985735430508 0.002538615700816546 0.0015123115850371603 -0.0038028020073725415 -0.0025339288325519666 1.0000127008464106 -0.00220271604370617 -0.021220038171758365 -0.0015176445824232067 0.002199330167064214 0.9999992428511507 0.7932875091526127
0.9999975363407263 0.0002566377750407088 0.0015195327524003255 -0.003564241459880185 -0.0002555102072483124 1.0000034051950213 -0.00048363455699336624 -0.020824208910794593 -0.0015197117078646243 0.00048332834990746454 0.9999991623885514 0.7747664884708813
1.0000006218828177 -0.0011081508714350066 0.0009339352026633306 0.001248889401501285 0.001107228864189022 1.0000043357274382 0.001398009715120493 -0.004032643531784651 -0.0009355218406407528 -0.0013968841285119467 0.9999985348571785 0.7927494100817963
1.0000049426391087 -0.0009146051263234575 0.0011154230968887045 0.0033406610506654466 0.0009146387631603159 1.0000171920022156 0.0016080492953141545 -0.01656143424145578 -0.0011168887920776482 -0.0016065868947147469 0.9999996835198446 0.802655371229252
0.9999991184474963 -0.002393409076758034 0.001035339104280289 0.0022405608594416875 0.0023959570351456405 1.0000335283606365 0.0007150764086922566 -0.018672637860731645 -0.0010370461222116189 -0.000711782993588671 1.0000092199103088 0.8196556015049447
0.9999994587029836 0.00046870069524385924 0.0004995704369223894 -0.0071979959569052065 -0.00046672265530030396 0.9999982385793625 -0.003298353993213028 -0.018941075895528164 -0.0005010746094257589 0.0032982027677687 0.9999939137842407 0.8159622654379692
0.9999983274638649 -0.0005914120818011273 -0.00010677035899357456 -0.0011297588065058656 0.0005903968698254875 0.9999800563119856 -0.005572085593670574 -0.02978806644641973 0.00011004456434934973 0.005571952968587372 0.9999815665030432 0.815732750936587
1.0000019515201883 -0.0003037810106150141 -0.00034834417200298537 -0.001241372985419104 0.0003026600230092116 0.9999959309468814 -0.003963804308470137 -0.012577959794435477 0.0003495791692002258 0.003963830969111075 0.999994714757089 0.8274543594490736
1.0000023176281323 -0.0004118779094635062 -0.0006171243533726069 -0.01050460402397223 0.00041346003777727197 1.0000114700069218 0.000599294629715507 -0.026868075096537 0.0006168635115716297 -0.0005992999582235111 0.9999998382164156 0.8079173687839365
1.0000017150745546 -0.0017712262642491 -0.00026250927286155596 -0.0015359611525678821 0.0017748162562920508 1.0000133355495133 0.005214806817139008 -0.003293435594001268 0.00025324132054196577 -0.005214755247429858 0.9999910731297588 0.8697345305266373
0.9999965217854746 0.0006360764455754218 -9.085148866626739e-05 -0.005655103293148098 -0.0006348988632376741 0.9999863106773871 0.006029953957614596 -0.019771129160440652 9.442375055366323e-05 -0.006029805423289471 0.99998306005255 0.8699654971663228
1.0000021827779855 9.003915599222138e-06 -0.0001330933199861042 -0.0006198984941405392 -7.542586529546926e-06 1.0000075461395972 0.003746733494861381 -0.017660576408462914 0.00013330252383373083 -0.003746309336196282 0.9999978539334196 0.8818271025553243
0.9999986738756208 0.001677530785507241 -3.612845231896798e-05 -0.01436137124727342 -0.0016772182749366228 1.0000020582992575 0.0005811858104736354 -0.03289509427348082 3.703215918732334e-05 -0.0005810228549174715 1.0000036972409683 0.8697984797802819
1.0000042996292338 0.001148673381209706 -0.00046908028848863486 -0.005782346939982203 -0.0011491689271200375 1.000012748657713 -0.0023234710778712174 -0.04234663606563886 0.00046692701264025653 0.0023246511045152602 0.9999975145884051 0.871916053984683
1.0000014704832179 0.0020043465892196502 -0.0010999089576644383 -0.009992486549513955 -0.0020058054284313805 1.0000117380291034 -0.0018055632477061209 -0.03061875932769469 0.001097078512683869 0.0018082880853380128 0.9999959529279525 0.9085301085642575
1.0000033757124724 0.00044761387820343177 -0.0004873535382432134 -0.01592490895733205 -0.0004467487315782261 1.000015581600904 0.0005866275186665138 -0.01587946743719725 0.00048788930806115225 -0.0005859622648434785 1.000003204647793 0.8779946167956119
1.000002362637249 0.000643326565700442 8.134802088288518e-05 -0.01140622157815253 -0.0006430434192976306 1.0000076859843086 0.0010845299798802597 -0.012807852847356365 -8.036481438626167e-05 -0.001084300093775965 1.0000003384487641 0.8799166186273387
1.0000014248918505 -0.00021852578998253678 -0.00013702426337148044 -0.017184202249135735 0.000218384915998811 1.0000010551907916 -0.0012065337921826295 -0.02899703363623053 0.0001373263385926219 0.001206543272345117 0.9999988789828252 0.887801099023087
0.9999982224726678 0.0007664916944179593 0.0005442920656490885 -0.015966627409232128 -0.000764768345701044 0.99998899728886 -0.003553880573522085 -0.02617396363980808 -0.0005469142759054987 0.003553446398161063 0.9999925930501778 0.8530367738037418
1.000003187873683 0.0006980090939698836 -0.00015390022283947853 -0.019675150411156722 -0.0006981156946439603 1.0000036843675224 -0.00258652982609613 -0.020719444650744018 0.00015219119582554055 0.002586903693376939 0.9999984330413748 0.8496863157374348
1.000001058500941 0.0008934730244515744 0.0004835395809018722 -0.005500811113219414 -0.0008931269545751946 1.0000095843415397 0.00037111365048098685 -0.016967412456648335 -0.00048313386868975924 -0.00037121570904524465 0.9999990245009888 0.8321022181708347
1.0000029131291581 -0.00032434923733322055 0.0005498450367147494 -0.009840717993729257 0.0003241367192749155 1.000009186699274 0.0013814477912632592 -0.01599311776545794 -0.0005502628338763425 -0.0013810213552747654 0.9999996064691051 0.8533866225757477
1.0000035388075383 4.1068978198586294e-05 -4.845206091741774e-05 -0.011962942687760852 -4.033107305014018e-05 1.0000003157219532 0.004025063365517048 -0.02046455834708092 4.877044833970067e-05 -0.004024800123485103 0.9999929216582245 0.8581804178765302
1.0000029910782942 -0.001463447489451058 0.0004402715045833705 -0.00467503407649549 0.0014632483733374561 1.00000971704156 0.003951866090547881 -0.011048905096507161 -0.00044595497361498164 -0.003950735024901614 0.9999940016628813 0.8466666979015872
0.9999977346216192 0.0016051349476070196 -0.0002061273198277649 -0.01562460417680652 -0.0016031934766884365 1.0000082677967586 0.0026582467084042887 -0.02240984766559939 0.0002105480210309276 -0.0026575636015916553 0.9999961191381145 0.8726823834351406
1.0000025063284292 0.00048528728827317897 -1.3817531158775099e-05 -0.004482636868950317 -0.00048479792580902745 1.0000061176382624 2.740676170913775e-05 -0.024070877902701668 1.397848370348947e-05 -2.7187139661197645e-05 1.0000004309296109 0.8053815739859908
1.0000032922322395 6.247175137324561e-05 0.0003126629301035305 -0.0040809708684174245 -6.090497548020649e-05 1.0000040216608133 -0.003054742559052111 -0.029732112331439485 -0.0003126915404832963 0.0030550647467062204 0.9999960381634744 0.8345394029373014
1.0000031036905699 0.0014916417266742743 3.62312328951343e-05 -0.019060529458645878 -0.0014902378988966962 1.000012835009669 -0.00282918229685994 -0.03120203393596092 -4.034987988663025e-05 0.0028297147182573482 0.9999957426697299 0.8451997524121103
0.9999960991924907 0.0010912067696548092 -0.0002773418309205451 -0.01615392234361611 -0.001091861402140486 0.9999954452065853 -0.0023317596194158347 -0.019293840684558333 0.00027476796851951354 0.002331984994266392 0.999998718766477 0.8414857133417037
0.9999976913189289 0.0029539822557691988 -0.0004937998579264732 -0.023390847915698853 -0.0029548329061066672 0.9999983573984087 -0.0016269711456257817 -0.016421388333310343 0.000489033165688863 0.0016286264543955498 0.9999981204820486 0.8732638458191588
0.9999985532400143 -0.002352606130855475 -0.0012183156217603999 -0.0034954312088362623 0.002351118821207679 1.0000066485079457 -0.0016615615677299349 -0.018080684692249067 0.0012222852050823288 0.0016590126504659485 0.9999970848564478 0.8455021195214559
0.9999957227812776 -0.0029421939652635723 -0.0014254737734637687 -0.006643931148351091 0.0029380653393593563 0.9999924182591609 -0.002874881509796425 -0.03268275034646118 0.0014339525877547458 0.002870737142994187 0.9999946577091767 0.8303649075481649
0.9999975624482476 -0.0023867297494958766 -0.001301376489759477 -0.0009808090381752627 0.0023851116972378192 0.999999439883194 -0.0013518248772522506 -0.01939106427595879 0.001304602378341645 0.0013487844100926105 0.9999990713112594 0.8384275675232031
0.9999962891060139 -0.0017918103624963012 -0.002297803351753095 -0.009111629257326047 0.0017979852679685696 0.9999993230746812 0.0025839361715426267 -0.012708745881396831 0.00229316760887769 -0.0025879394999377466 0.9999954774116062 0.8278178905245781
0.9999994072404808 -0.0019482410462362322 -0.0024732208165087043 -0.010229803485556618 0.0019605872474796906 1.0000040414598717 0.004582332529688212 -0.016066386684296337 0.0024642720863804826 -0.004586795385301791 0.999988571427938 0.8396133991596856
0.9999957543031572 -0.0031548195513043747 -0.002240877544373113 -0.007595995323426744 0.0031618002509092636 1.000005195869285 0.0027493929985378048 -0.02733203200905386 0.0022321804392190815 -0.0027560152556351768 0.9999969664857123 0.8340273127131342
1.000000260385087 0.0007258073712099151 -0.0018644011595290875 -0.01130018527004504 -0.0007269398793620424 1.0000037641586246 -0.0006781906522016652 -0.02567449558747601 0.001863811778840563 0.000679697040299509 0.9999976338286075 0.8428227014873172
0.9999992098343564 0.0008314484027791111 -0.0014713134742779172 -0.016782338769780376 -0.0008358596431004644 0.9999987459534551 -0.003199445628654083 -0.023917810992779964 0.0014687127391731815 0.003200850908945153 0.9999976901410277 0.8449549147739712
0.9999937179142108 0.003383901817881876 -0.0014674576448194165 -0.020557491043884626 -0.003387590356045922 0.9999946511748795 -0.0027045171741780488 -0.024230002790943787 0.0014582057558203089 0.0027097221759135167 0.9999947840811666 0.8127723515474118
1.00000222792042 0.0021314171691694493 -0.0014893617118574714 -0.012079407450461092 -0.0021319230218238326 1.000023905086763 -0.0011436490452282828 -0.015520827025772139 0.0014868627181615006 0.0011474970213589117 0.9999976176023321 0.8093204840812519
1.0000007448955266 0.0007166917586047209 -0.0018263818182871643 -0.015522996715109047 -0.0007145925037906206 1.000031072646011 0.0003915725405533297 -0.020465359585252568 0.0018265535272053313 -0.00038956915859722697 1.0000048153304995 0.8211090115341763
1.0000029784764095 -0.0007950364409823426 -0.0014016729644911797 -0.0162052421007678 0.0007976082190637557 1.0000325627619884 0.0008317604337107978 -0.021541644777486546 0.0014010728562390993 -0.0008320976176630637 1.0000050848244666 0.8001621743356289
1.000000613375789 0.001530399644904909 -0.0013648839498902339 -0.013193204173957092 -0.001530074357044883 1.0000076415148207 -6.644137838210832e-05 -0.02252432441917414 0.0013648587005373543 6.875210092607267e-05 1.0000005395372198 0.8105412726287576
0.9999988634373946 -0.0002485123573348382 -0.0006566929677282527 -0.011768640555500276 0.0002486510185755 1.0000002173417546 6.575415765669627e-05 -0.030989372315722193 0.0006566327804493308 -6.59716013886711e-05 1.000000373143964 0.7938741273703442
1.0000011212526025 -0.001640004489137276 -0.00047284982316365135 -0.009981780711413294 0.001640951745850188 1.000009101002289 0.0011269773927708368 -0.022604011130218947 0.0004710310250212245 -0.0011274715865279587 1.0000019188019194 0.8115464672000972
1.0000060697292366 -0.0006848144976084291 -0.0008396244976961256 -0.00905637951270483 0.0006867940857098108 1.00001088123042 0.0018361389964603146 -0.02021928385981576 0.0008383648778729341 -0.0018364598594401093 1.0000032395115332 0.8460627004168232
1.0000022046441845 -0.00021589708900886354 -5.145837735941839e-05 -0.011826672126273342 0.00021650430772676886 1.0000098493474394 0.002811634178203667 -0.016652442959146245 5.078575831486857e-05 -0.002811306764215538 0.9999989596799076 0.8311239908733143
1.0000009306787285 5.258250862955072e-06 -0.0006456639890888602 -0.02308707722577315 -4.329226218723038e-06 1.0000002641733996 0.0013177308246186364 -0.02257194497382332 0.0006456578019376627 -0.001317616657729042 1.0000017181035732 0.8259750203246761
1.0000030790055527 0.00025556577917281825 -0.0006517031894844498 -0.010337946036077194 -0.0002549619103182477 1.0000133478060822 -3.283588713949268e-05 -0.027230354234645985 0.0006515139262323335 3.3361045608018746e-05 1.0000026320903055 0.7744025368090017
1.0000081603697024 -0.000879982928720487 -0.00046442150897490407 -0.02072318775182157 0.0008811335857898893 1.0000326141079288 -0.0014285830273142721 -0.029641180123456328 0.0004649031886188977 0.0014290145292190424 0.9999955132221834 0.8115303848564156
1.00000045062207 -0.00015169718098307974 -0.0006985342682039589 -0.021902628091664513 0.00014951230138456948 0.9999917995065898 -0.0027157174144201066 -0.02731472408705757 0.0006986976087021525 0.0027155281915636855 0.9999930551059134 0.7874570950722416
0.9999981516603033 0.0015786473610265824 -0.0001610034449586162 -0.019541552728154332 -0.0015791702566098898 0.9999916678417992 -0.0025906887468585492 -0.02166636097071683 0.0001565600856709435 0.0025909190317149676 0.999993558833077 0.7573595712102883
1.000004101401167 0.0008419360267308839 0.0007579569023628413 -0.023265960014236108 -0.0008397718061603796 1.0000098330359584 -0.001976947564419162 -0.027763390465153158 -0.0007597184617955171 0.0019765789776126455 0.9999985883604356 0.766756994982859
0.999993043557907 0.0019956656401283394 0.002126109120591429 -0.005309261845127865 -0.0019937126051432176 1.0000002551665752 -0.0007184742138613486 -0.02757754293394289 -0.0021271904666780115 0.0007142714429696103 1.000000680264203 0.7303335814141529
1.0000026400479194 -0.0007827950497925521 0.0034696073663339913 -0.004837948967078152 0.0007822126533633567 1.0000188482384869 0.0004602132090390613 -0.019004098549040283 -0.0034710744900380234 -0.0004570989890633481 0.9999945147431741 0.6808007285099228
0.9999896027092846 0.0002243191202181211 0.005111072008236438 -0.0030862812658541475 -0.00022973082783272277 1.0000110742362294 0.0012103847715291894 -0.013817425575410467 -0.005110805293385647 -0.0012113688222230624 0.9999890172510391 0.6971994160593536
0.9999790646329492 -0.0003433475452815323 0.006825434858600742 0.002429480660365413 0.0003367852019060308 1.0000071184680799 0.0010242327643467724 -0.011142289320878565 -0.006825956047071818 -0.0010217728698467786 0.9999767063308547 0.6789647886825125
0.9999692733380791 0.00031836901247687087 0.008436817034857458 -0.010107477409186494 -0.00032659383990160673 1.000026523047405 0.0011764164575991988 -0.025639192397068192 -0.008437113883211682 -0.001178553532065178 0.9999668949845255 0.6783247733404549
0.9999331410271826 0.001933354614066861 0.011480976082792837 -0.0035859791836040833 -0.0019462775949656743 1.0000026071077972 0.0011399041714358607 -0.019335354559971346 -0.011478821362353083 -0.0011620846664510392 0.9999350442955842 0.6620901248920176
0.9998980184684549 0.001986600977414614 0.014246431935856067 0.005577153443698153 -0.002002418511519951 1.0000092190260426 0.0011322833206479936 -0.016386701561926363 -0.01424397305654108 -0.0011605246744542579 0.9999016244665087 0.6238602589652216
0.9998359359625775 0.001421275657884943 0.018037930348687503 0.004231991746674045 -0.001434666733372853 1.000001731019199 0.0007436237772602266 -0.016704633869692107 -0.018036725947001533 -0.0007693522075523385 0.9998376070603008 0.6001935079728341
0.9997693692983642 -0.00024200454040930979 0.021462541128160626 0.011296432201166235 0.00023094574529204719 1.000002654418452 0.0005216945091206685 -0.017269170909180225 -0.021462676826435365 -0.0005166129756466352 0.9997706539867964 0.5667293693010642
0.9996766535040993 -0.0009940691288400773 0.02538718469669139 0.016966857562385442 0.0009906311528724112 1.0000049167218283 0.00016791024875465718 -0.009219184513846375 -0.02538733846837988 -0.00014256944327605163 0.9996773202467097 0.5146937671858812
0.9995910304338737 -0.0010824094277529423 0.028548042019879597 0.046457800275901816 0.0010769535612263344 1.0000006987535672 0.00020569167794164166 -0.01567566099571105 -0.02854823501549484 -0.00017484077371558804 0.9995910078358853 0.46471165210467275
0.9994341449628914 -0.0015731936854322802 0.03367581828698298 0.03700478306159634 0.0015720712370429866 1.0000089547752686 7.16548721156762e-05 -0.006822519708215844 -0.033675627368094166 -1.8393772388355774e-05 0.9994319912956432 0.4677660138994145
0.9993355158053883 -0.0008800983948661985 0.036519896123700275 0.05355780481317904 0.0008695713765406744 1.0000185620357465 0.00032988743566209994 -0.005093557505783275 -0.036520426956185084 -0.00029749755698112716 0.9993358943946331 0.44839654024307823
0.9992249540067842 -0.0013896524222045427 0.03939727735334175 0.07261792757017982 0.0013788836549019049 1.0000143923758475 0.0003222240992996302 -0.015232624557370277 -0.03939795045171188 -0.0002673671448552467 0.9992270351003941 0.42290037446984413
0.9989423775137735 -0.0022231192259124957 0.04595232511010274 0.04040118998376573 0.0022026284573243436 1.0000113148241332 0.0005108059505570426 -0.00911953160450676 -0.04595305502360906 -0.00040882261776947716 0.9989412571921079 0.47693130001609696
0.9988466127556617 -0.004164140440706834 0.04783330781264039 0.08859283237473387 0.004185843660266141 0.9999908392430332 -0.0003523196955121275 -0.010121905620194922 -0.04783155678650184 0.0005521611524987288 0.9988574988590244 0.4656690310054305
0.9986278054058021 -0.007792476159778127 0.05182595253481707 0.06388728490749246 0.007860703880756097 0.9999763053112253 -0.001106690622860955 -0.02080598922733686 -0.051816419850078906 0.0015128025298407957 0.9986584065766345 0.43953369512438717
0.9986111754755556 -0.0050318251441052245 0.05247863742898305 0.09823513336789616 0.005155749568885095 0.9999886267904236 -0.002222784062655238 -0.021256669009624373 -0.05246560923294784 0.0024903322135016973 0.9986190944565674 0.446185971780374
0.9983778111432621 -0.005738644352324229 0.05668345444382868 0.052983204055585285 0.005831468524739117 0.9999872796824747 -0.0014691641016273901 -0.014629882621791242 -0.05667301802312781 0.0017974169717361746 0.9983902691480666 0.4470123272316225
0.99851269029476 -0.0013733521252881653 0.054515459495169075 0.11265428072782704 0.0014146694106119896 1.0000011882899782 -0.0007165404870473059 0.0009653609174692182 -0.05451417084153947 0.0007926405288457681 0.9985129915614831 0.422580993579991
0.99848059748104 -0.002817561585121272 0.055068906712729286 0.06033339167240825 0.0028079198170775027 1.000003703198994 0.00025782051323923884 -0.0034389279088811505 -0.055068658243567103 -0.00010262357834422548 0.998483117059261 0.4209462563813291
0.998552192128941 -0.007937452474289342 0.053220732020072825 0.06566171989458613 0.007897850964992107 0.9999778847554326 0.0009621373740631125 -0.010342699550635671 -0.053227006818431996 -0.0005402138632910001 0.9985835096326234 0.447095969309998
0.9985805269511167 -0.009370751912317742 0.05251614988831067 0.12481215280923753 0.009361324638492595 0.9999687212774334 0.00043315242887988415 -0.031027286521943868 -0.052519328598729716 5.9379877116886604e-05 0.9986190032786131 0.4475858486637317
0.9985232017745551 -0.002872420761826985 0.0542633970674351 0.046112608937339095 0.0030178675994532154 1.0000013159746404 -0.002591063718770513 -0.016500955627245552 -0.05425895922743782 0.0027512601001997974 0.9985249698418668 0.4137762350140149
0.9985377671073522 0.0009167741376150367 0.054118366764188554 0.08663501547965247 -0.0005753243390994928 0.9999869610947142 -0.006318035504937216 -0.00419523595605195 -0.05412482599120366 0.006277867956150173 0.9985144614115745 0.43140553864541253
0.9983863903362072 0.0023293256867083435 0.05687787543971866 0.05776561525040021 -0.0018208142887376898 0.9999666339771869 -0.00898634902468745 -0.02207260934176395 -0.05689955308203666 0.008868396117960664 0.9983434274134687 0.4096001826011565
0.9983350491330916 0.0031903887152977123 0.05769263464566134 0.10095513265252552 -0.0027836851017741843 0.9999752324707522 -0.007128173519915556 -0.012721513019672946 -0.057716907436345444 0.00695563088118681 0.9983129099447461 0.47729542384761153
0.9982543984607852 0.0010782978694777003 0.05908014179923518 0.08529937759133006 -0.0008765010567712665 0.9999923083880286 -0.0034409692192885204 -0.004283322786648005 -0.05908403206258624 0.0033832635267252416 0.9982487438110101 0.4494040478451618
0.9982978543841888 5.8040664135927913e-05 0.05846040610650543 0.09382520598968302 4.71388743201348e-05 1.000022520076549 -0.0017851479680367805 -0.010700366115173662 -0.058461370281990756 0.00178543359511183 0.9982965025393227 0.4694293764152034
0.9983442343178941 0.0019712834251015983 0.05752454083066483 0.08270950490825515 -0.0018144233317183955 1.0000023466937207 -0.0027744242774275186 0.001906308098566827 -0.05752788090502843 0.0026656146767548437 0.9983429360735162 0.5464578905156257
0.9985055895777353 0.00031834204757512694 0.05466323105636174 0.06529879250172216 -0.00035450832613837034 0.9999993177214094 0.0006508425629823634 -0.019745287022996036 -0.05466157833293054 -0.0006692896354090273 0.9985041103925681 0.5123842757040405
0.9987847738873533 0.004172028331271659 0.04920094930062973 0.0503983559365352 -0.0041589005441995 1.0000056937606066 -0.0003607919771304941 0.010677125171079688 -0.049200468812944424 0.00015609086481036108 0.9987887505202181 0.5484139759517346
0.9989728906189401 0.004234632912309016 0.04512171347876469 0.04659835299047704 -0.0041582744866275915 0.9999921019076319 -0.0017836175260696236 -0.00870365977314929 -0.04512913265166676 0.0015941663814619087 0.9989800910679689 0.548117522360748
0.9992325669161163 0.0025248015563353915 0.03913624591165964 0.041988837594235065 -0.0025420883800869507 1.0000011380491167 0.0003941288547508999 0.0027760649212395998 -0.03913523283412586 -0.000493241343866722 0.9992347016047467 0.574332856020203
0.9994819442945015 -0.00025320378889569646 0.03232689932607126 0.04520638822589522 0.000212393865672485 1.0000148840489116 0.0012721156513894455 -0.005817351952344077 -0.03232731253572078 -0.001264106191362642 0.9994758762032948 0.6139588047515487
0.9996764045897585 -0.0010128172151285305 0.02542072202886917 0.0495921887320479 0.0009833219033260384 0.9999981206137984 0.0011730715922796452 -0.01894172122935254 -0.02542180676853997 -0.0011477338971112906 0.9996748737440284 0.5923030211471003
0.9997607080734594 4.022348334534122e-05 0.021994903378184837 0.03529629732641349 -7.355867871722288e-05 1.0000092569442247 0.001521584645519106 -0.00970821374184765 -0.021994807862277414 -0.0015225631201996027 0.9997576643989103 0.6391769014532154
0.9998242626044803 0.0014329020097088015 0.018847361605034734 0.03518324353139055 -0.0014699227813197763 1.0000089932010061 0.001962910684473949 -0.010520286585383527 -0.018843587361640463 -0.001989919882808368 0.9998210810237382 0.6466418142414968
0.9998663350905412 0.0030118856187718733 0.01618753065534172 0.009857383940133592 -0.0030283465310794256 1.0000001899164244 0.00099956077609914 -0.01046456789871209 -0.0161842780437595 -0.0010482962490112077 0.9998688061490009 0.6560498008666862
0.9999006092637303 0.0016883548095181986 0.01435069063234497 0.007001847042481908 -0.0016960550967497286 1.000013048384484 0.0005508094504790425 -5.955041159935945e-05 -0.014349073214775935 -0.0005747151609006514 0.9998978371076751 0.6736741132092214
0.9999190002528121 0.00011339974543900224 0.013359812768058147 0.018885001688731265 -0.0001222803934602242 1.0000209096398982 0.0006759439189185895 -0.03190243023706881 -0.0133591890623986 -0.0006768222477889445 0.999911233560352 0.6594284930355092
0.9999115168605395 -0.0006486914634968677 0.014120275041538328 0.019233806614073826 0.000648882293221117 1.0000429601251175 -2.6624435491577568e-05 -0.01563749592994191 -0.01412024710107604 3.7249793848705164e-05 0.9999088812329496 0.6563173917947192
0.999885709968183 -0.0003512426709280835 0.015494127179700602 0.017377644736683566 0.0003486191633871793 1.0000239268899584 0.00015880562304221532 0.0013839353932730023 -0.015494144331735531 -0.000152601700934091 0.9998839907893554 0.7209610220351
0.9998957395290372 -0.0005684825956690423 0.014756177863359822 0.011691015870116587 0.0005609171765995854 1.0000194430472085 0.0004922434615430233 -0.013531362300612033 -0.014756416210711274 -0.00048329103234316217 0.9998929104311274 0.7061470871959036
0.9999122310937955 0.0002909374109391623 0.013722450964187949 0.01566008519544982 -0.00026177078626644863 1.0000121748004525 -0.0021416424234209086 -0.022343658563797657 -0.013723102741020824 0.0021385981280773033 0.9999023513047643 0.7526038168503143
0.9999363162107405 0.0003770986731959386 0.011404937230996637 0.01121262513346633 -0.0003263966855936548 0.999994337716907 -0.00445362932451904 -0.008353970766518885 -0.011406703960065191 0.004449823622527281 0.9999229250252073 0.7388050677508687
