1.000000e+00 1.197625e-11 1.704638e-10 -5.551115e-17 1.197625e-11 1.000000e+00 3.562503e-10 0.000000e+00 1.704638e-10 3.562503e-10 1.000000e+00 2.220446e-16
0.9999998999643583 -0.00031487484988174195 -0.0003176867481351133 0.0354629018985379 0.0003153320947680777 0.999998913200352 0.0014401964630218532 -0.028824233933239296 0.00031723326212074686 -0.0014402957832720178 0.9999989124540474 1.3071900335867712
0.9999991394108975 -0.0012255805792004818 -0.0004681125190379068 0.04129407982000375 0.0012265292465375051 0.9999971840187578 0.0020316455190741473 -0.04566246387284714 0.0004656215964279105 -0.0020322172118474747 0.9999978266412147 2.5931737889857525
0.9999982139920839 -0.0014947189476300264 -0.0011566447385601914 0.09275414224143552 0.0014963648337003822 0.9999978673994988 0.0014234081762711792 -0.08997742955556193 0.0011545150176204648 -0.001425135684038155 0.9999983180396411 3.9309998179212076
0.9999984125981449 -0.0015088982036185541 -0.0009476426981236213 0.13773650965732886 0.0015106382536975475 0.9999971696059532 0.0018381389606572315 -0.11253507766773892 0.0009448667922282134 -0.0018395668755813864 0.9999978616069521 5.157313715751493
0.9999969652998362 -0.002055537594610256 -0.001357996794234684 0.1673140808766504 0.002059075600321991 0.9999944765092178 0.0026090539560364354 -0.12604724330725428 0.0013526266257223628 -0.0026118415438748125 0.9999956743317245 6.432261842519308
0.9999965877409703 -0.0025527451642194175 -0.0005549757113917751 0.23902432210994282 0.002555226711472814 0.9999865307347516 0.004517651169656824 -0.15842264283333068 0.0005434361649153258 -0.004519053130516522 0.9999896413612829 7.7151711023110625
0.9999965747676016 -0.0024939087908580015 -0.0007942741000625708 0.231168803633949 0.0024981568734377185 0.9999823370243 0.005393038055215487 -0.16715266661768483 0.0007808106665962343 -0.00539500309160048 0.999985142024214 8.941169492803171
0.9999926738319028 -0.0012239798968668443 -0.0036268654792964497 0.2475726013191493 0.001239675856087584 0.9999898631506839 0.00432860322448208 -0.19958177893855406 0.0036215309317975657 -0.004333066937398973 0.9999840543933279 10.325709658904824
0.9999944745895203 0.0015100673806943763 -0.0029615004604222504 0.24931302337452932 -0.001502645812157337 0.9999957294117539 0.0025066346584143025 -0.23400425278998452 0.0029652733411714236 -0.0025021700093976755 0.9999924731205281 11.78120632232029
0.9999829799459012 0.004694805827955053 -0.003463901642325859 0.22819531109901003 -0.0046882056710444 0.9999871841875301 0.0019110705818382076 -0.2626459879809158 0.00347282969579708 -0.0018947978594115705 0.9999921745667018 13.200910395394596
0.9999696641024821 0.006923728676750965 -0.0035683124636087557 0.1672048945501538 -0.006917645689106147 0.9999746034410373 0.001714250028668272 -0.28169326042424203 0.003580091183718121 -0.0016895129914430672 0.9999921642158001 14.5545201859372
0.9999610495732872 0.00816781607348755 -0.003344564986054379 0.11637807278061688 -0.008160744338128538 0.9999644477673171 0.0021226059155231877 -0.29445936096017794 0.003361783474891184 -0.002095228386767397 0.9999921541838115 15.874508587979472
0.9999701203492501 0.006722093320597515 -0.0038173115896448415 0.08507320148720524 -0.006708620519991889 0.999971261777164 0.0035312937002000195 -0.3037121787999184 0.003840939913527957 -0.0035055785789322403 0.9999864789571048 17.312520600406877
0.9999844576162126 0.0038168423094391084 -0.00406401749229301 0.05937374320401517 -0.0037976407191581286 0.9999816398952088 0.004722055059657805 -0.3184972850270981 0.004081966556853495 -0.004706547276768192 0.9999805927905965 18.749902060509402
0.9999684571829754 0.0025143543689866796 -0.007534099558491341 -0.07790446117354938 -0.0024907604068490643 0.9999919702074831 0.0031393689642930413 -0.39061992091344666 0.007541932888148073 -0.003120503590211666 0.9999666902984043 20.302508730505537
0.9999750356161916 0.002365942803078444 -0.006658111939092797 -0.10813310893726383 -0.0023630973629703185 0.999997113183711 0.0004351960435292653 -0.4642167862032199 0.006659122708203873 -0.00041945069971776195 0.9999777398271452 21.778539465714623
0.9999559087407313 0.0057876552066917965 -0.007394837177046094 -0.09631286191042082 -0.005791239081314503 0.99998312329618 -0.0004633268584085068 -0.5356573456831915 0.007392031141394953 0.0005061324124621764 0.9999725504789334 23.27407968649588
0.9999317864213358 0.008743261471874179 -0.0077445385986271735 -0.19378258241673674 -0.008743139629711748 0.9999617767945836 4.9587080067693264e-05 -0.5191876248552834 0.007744676471262161 1.8128597445696238e-05 0.9999700093817874 24.76446420858082
0.9999244773282341 0.00899623431432874 -0.00837301633986194 -0.22654608575701315 -0.008967528730663792 0.999953806250372 0.003459595110447889 -0.4611580892621426 0.008403753227920596 -0.0033842478553181266 0.9999589610574227 26.366113271010594
0.9999130586340291 0.008529342131255275 -0.01005611701268634 -0.3093657294930549 -0.00849027714683872 0.9999562694857567 0.003921009468105786 -0.4898275417137836 0.010089121225587468 -0.0038352886370266294 0.9999417484010628 27.950130095055975
0.9999066685325397 0.006402829076344051 -0.012068885447257482 -0.3071787788464125 -0.006369995017383929 0.999975910676007 0.002757033690948453 -0.5969635434230157 0.012086247872284201 -0.0026798969200477023 0.9999233674483683 29.56312133588436
0.9998433284408041 0.007138440664048455 -0.01619756853446913 -0.4658472188741646 -0.007134372296844187 0.9999745023186494 0.0003089410726791684 -0.6796963275717463 0.016199361232422577 -0.00019333247337502784 0.9998687630529222 31.29118337150763
0.9997191966864301 0.007201558816292234 -0.022575768247676046 -0.4559384683825337 -0.007240112528814143 0.9999724672924432 -0.0016264762419255932 -0.7927181284556132 0.022563433852215094 0.0017894713374042436 0.9997438118153356 33.22839972469599
0.9996583565428282 0.00953792473365998 -0.024335122136528362 -0.5206835460276632 -0.00960668150535415 0.9999501823535738 -0.0027100695918162933 -0.8191817578327594 0.024308061719124807 0.0029429241949019158 0.9997001837318039 34.74594198830511
0.9996064025954723 0.010418463072812904 -0.026047946170321946 -0.4386089928367616 -0.010523201468614612 0.9999370741931711 -0.003887142758580193 -0.8867910498733348 0.026005809369913483 0.004159721287550734 0.9996531371538218 36.34504481778324
0.9995500685133905 0.010993194823705406 -0.027907170825924206 -0.40072078306485426 -0.011105795351886646 0.9999307892749334 -0.0038830353544491106 -0.9078037162719181 0.027862552727131243 0.0041912202955092116 0.999602977112875 38.05138936929431
0.9995298441882764 0.009813701222666423 -0.029047922912513437 -0.4424615553851067 -0.009884599381773397 0.9999485052945022 -0.0022981406848663773 -0.8541406756749811 0.029023874173074355 0.002584187994425271 0.9995753782100953 39.48398787531925
0.9995161209659774 0.010755139125908496 -0.0291864847434062 -0.46225622386782156 -0.010797125981772062 0.9999408883577613 -0.0012813502565251335 -0.8403596081612612 0.029170978722905114 0.0015958611036372902 0.9995731625298057 40.96628786896782
0.9994721229851968 0.012472803574565136 -0.029998408725580687 -0.4352883399044389 -0.012511786416794247 0.9999211060683812 -0.0011121319428683781 -0.850624898871308 0.029982170970712357 0.0014868792696961191 0.9995493277655026 42.417966362547446
0.99945578917479 0.015470116283536298 -0.029134188978032074 -0.4099342181057858 -0.015515266950190619 0.9998787539917525 -0.00132431292880574 -0.893686644571396 0.02911016963973705 0.0017756176556421362 0.9995746321450196 43.73292640962408
0.9994286718041036 0.01819978029721366 -0.028479781490316197 -0.41735892977878875 -0.01822290586963492 0.9998337963303581 -0.0005526442112648914 -0.8858188176454497 0.02846499038371069 0.0010713135602253314 0.9995942159849829 45.07663124812896
0.9994512313518882 0.018509848318603136 -0.02747037760663722 -0.4142925121064335 -0.018540613800095456 0.9998277333099334 -0.0008656454887863122 -0.9121271571487938 0.02744962274974987 0.0013744888247201191 0.9996222431558982 46.34606032305003
0.9994303432523252 0.018858582647885026 -0.027988262327670595 -0.40916006211000805 -0.018890672364756073 0.9998211658083673 -0.0008825514367361884 -0.9602378956671745 0.027966613741020586 0.0014107664919390528 0.9996078622514083 47.79799311835401
0.9994458536747003 0.01854702963539299 -0.02764042773671158 -0.4145917951340236 -0.018601649926572685 0.9998254944289818 -0.0017202635024769685 -1.0314943653634194 0.027603698890776567 0.002233468498247977 0.9996164501687663 49.13698413525151
0.9993982281747646 0.019005143361923566 -0.0290169954902078 -0.5054949889844652 -0.01904797034367528 0.9998178505810881 -0.0012002010587164088 -1.0508430242474036 0.028988900408983324 0.0017521943939907512 0.9995781977865124 50.674948641063864
0.9993016641431226 0.020134207434334042 -0.03147693934273205 -0.6266254666361784 -0.02013666931842761 0.9997972081950872 0.00023881674079588686 -1.0182311112975615 0.0314753648039561 0.0003951914651009576 0.999504449843107 52.12845954406547
0.9991764005483346 0.021561145190756748 -0.034374955736557994 -0.7295107162886145 -0.021558733829178233 0.9997674862962933 0.0004408401712848801 -1.0461275803466676 0.03437646844795757 0.0003006041384568265 0.9994089093449421 53.671753158139786
0.9991952377946115 0.01999717694747642 -0.03477052859787976 -0.7246198452036485 -0.020007888021133933 0.9997998213760768 3.990481945708422e-05 -1.092806443727755 0.03476436660578491 0.0006558128499583786 0.9993953215563017 55.08015350424588
0.9990949343141334 0.02108347015122591 -0.03694319272815659 -0.8282072644831142 -0.021042366368405587 0.999777457950649 0.0015011303956485192 -1.0680552907183665 0.036966620692903865 -0.0007223988649339184 0.9993162397952814 56.460323968748625
0.9991476514925349 0.019516596362374294 -0.03637406986467165 -0.7913238407897745 -0.019433497649023856 0.9998076748686487 0.00263674907099668 -1.0215154753082951 0.036418534924889036 -0.0019276255277620251 0.9993347660297881 57.722608037957826
0.9991965789204242 0.017331728166458674 -0.036135963357843026 -0.7721707237445943 -0.017240289714548124 0.9998473403652782 0.002840489082366875 -1.0487233188946221 0.03617967778016231 -0.00221521178325941 0.9993428459612689 59.0697764274613
0.999231129818223 0.014895953781412485 -0.0362665098730422 -0.7968513908029856 -0.014823466885403888 0.9998875568814904 0.0022668095554110655 -1.1023362397542193 0.03629619858460403 -0.001727470552083899 0.9993395828426208 60.37503625825518
0.9992206389124013 0.015347585925225449 -0.036367105368999654 -0.8167717078745235 -0.015259174478312683 0.9998799065496283 0.002707411244959066 -1.138139377413035 0.03640429048520168 -0.0021503684749913776 0.9993348305605216 61.800163245123464
0.9992882641027344 0.012869003292097728 -0.035459187196191094 -0.7538413600983626 -0.012759890780627692 0.9999131381409754 0.003301721430024333 -1.1236182945853574 0.03549859734986741 -0.002846915407668025 0.9993656711529468 63.19747688431829
0.9993783808478446 0.01159382116887279 -0.03329317019991682 -0.622512675699473 -0.011475724885981493 0.9999271721275903 0.003736065311349335 -1.137369791677401 0.03333406114291671 -0.0033516789269027757 0.9994386457577197 64.56390834762259
0.9993835348100962 0.010699428704990827 -0.033437591915068836 -0.6192171754013515 -0.010584964941752949 0.999937503226639 0.0035983555487594343 -1.2013275490288764 0.033474002862771905 -0.0032422008367654614 0.9994343296506584 66.06057543819298
0.9992503833521009 0.01236035213688521 -0.036686414933571325 -0.9409155114412103 -0.0122421283349968 0.9999191263280942 0.0034454464714050994 -1.2810285200996465 0.036726035240767216 -0.0029937431947059346 0.9993208873319568 67.81722426962554
0.9992676590319111 0.011873622473549159 -0.03637530312457674 -0.932900731881122 -0.011773796656200057 0.9999263132794552 0.0029573175824229806 -1.3343278222481219 0.03640773716092972 -0.0025268756824067223 0.9993338239023564 69.1818861828583
0.9992505455974833 0.015037442081494089 -0.0356682272397451 -0.7253950227620345 -0.014923135329176499 0.9998826268408699 0.003468800648800274 -1.3715525524994099 0.03571620297672129 -0.002933918445933126 0.9993576661974564 70.79903203680175
0.9992335262763187 0.01745013482194711 -0.035040729675263525 -0.6539398936396148 -0.01730481325297042 0.9998403744222335 0.004446247737467313 -1.3372084302159994 0.03511272424163821 -0.003836465809232198 0.999375994380932 72.38354434395137
0.9992621773839281 0.020287927594533045 -0.03261136031591399 -0.5544948848764837 -0.020111122491570828 0.9997812707067456 0.005740514199393992 -1.2916882079118857 0.032720690733172776 -0.005080426943366398 0.9994516224785804 73.82909599321816
0.999210928793778 0.024861987910503862 -0.030974204028501953 -0.5091918313051713 -0.024664272708774068 0.9996730083233497 0.006749080664478243 -1.2553676114283363 0.03113187162409488 -0.0059797982312735235 0.9994973979931014 74.8809797361607
0.9991243071045368 0.029779182948894062 -0.02939080121275509 -0.4375211896317885 -0.029593296943477454 0.9995393013574438 0.006739571643688604 -1.2737264784065951 0.029577960188140504 -0.005863898428101393 0.999545276102152 75.89513481853352
0.9990474497686997 0.03245063675726262 -0.02917446254914405 -0.4766860259923719 -0.03228473888261896 0.9994598539477559 0.00613970594400117 -1.3494570346204806 0.029357941786409575 -0.005191966947357879 0.999555478573293 77.0518736457118
0.9989180459540878 0.033532277887958935 -0.03222303190305167 -0.6872582273141268 -0.03329271393547702 0.9994140826841232 0.007942703633151705 -1.247804429418248 0.032470489156674456 -0.006861317096652957 0.9994491431153291 78.58137635704351
0.9990931888333827 0.025605489947401482 -0.03401703820297456 -0.6642120844539458 -0.02541635774562277 0.9996590610985248 0.005980830190139133 -1.3949958028718805 0.03415858289925128 -0.0051108167812305184 0.9994033573998677 80.06157955435201
0.9991176409806584 0.022895330965784073 -0.03520998831536506 -0.7473280066675008 -0.02270899582927812 0.999725964943657 0.005683003855592835 -1.4334005950050894 0.035330454138981005 -0.004878405215188112 0.9993637777055983 81.35415774169127
0.9990905646516383 0.02245988381991986 -0.03624358175024851 -0.8327036611620481 -0.022292559025719565 0.9997389154573806 0.005014253502374724 -1.505723385789515 0.03634673900299008 -0.004201730464629676 0.9993304058436937 82.25100775728582
0.9991488611451884 0.013960135354030324 -0.03881581979835496 -1.0314999148277106 -0.013806486710173305 0.9998957653884778 0.004223658157307867 -1.5539679396454007 0.038870737026602105 -0.0036841524246624276 0.9992374556856576 83.60006324127397
0.9990941015471512 0.01307407507343335 -0.04049746642624061 -1.1701252447644825 -0.01285890775246432 0.9999018122618415 0.005569051460514698 -1.4590745722486322 0.040566300609015817 -0.005043252567552916 0.9991641210926666 84.74289615159854
0.9989940025210472 0.00735678129922245 -0.0442364178663497 -1.4268514402816286 -0.007142395416419474 0.9999619800143793 0.0050024714091546525 -1.4931172620527229 0.04427153842696908 -0.0046814842344662195 0.999008565836224 85.82931613826057
0.9988810538274496 0.0053035470178231315 -0.046994815261715214 -1.5910841216472447 -0.005070773567779305 0.9999742857481966 0.005071006288248361 -1.497086359674725 0.04702050148591073 -0.0048270313252884774 0.9988822614471323 87.02907663050453
0.998684196794824 0.004963715072796781 -0.05104151810114866 -1.934917760627542 -0.004696910594337778 0.9999746802765729 0.005345824913858975 -1.493372846136138 0.051066761236084834 -0.005099052700397302 0.9986822245268586 88.26305398712985
0.9985493694560851 0.00015559769525781502 -0.05384359304081356 -2.1391021220497204 0.00020549816803272855 0.9999775283856487 0.006700783819050455 -1.397942881814385 0.05384342605513922 -0.00670212750436271 0.9985268984782831 89.48711107340525
0.9984653926541419 -0.004421719093128792 -0.05520242779826695 -2.264710198856953 0.0048196342937784084 0.999963341203073 0.007077244209406443 -1.3730332660277984 0.055169110898052855 -0.007332438219851993 0.9984501011966357 90.56990523643177
0.9983851889547166 -0.006155717478251924 -0.05647230808048576 -2.392010644984134 0.0065585019429609485 0.9999543416919622 0.0069498628696191556 -1.4023552875581726 0.0564269485983104 -0.007309013183864757 0.9983799766752891 91.58285374146787
0.9982686417397701 -0.008871325225850787 -0.05814652585064419 -2.54931150384007 0.009250726653822212 0.999937622612971 0.006258989446771473 -1.4657901346217543 0.05808737363151146 -0.006786049797532765 0.9982884385700356 92.67281766027016
0.9981493944183742 -0.007291069919673659 -0.060370743583664684 -2.7539534463369195 0.007769644502401603 0.9999401979211611 0.007696311913504278 -1.3787370794501768 0.06031101927951355 -0.008151127579084814 0.9981463520456698 93.66158380802982
0.9980674912656494 -0.0072488600498215525 -0.061714964675985404 -2.8844281628371258 0.007823160096007418 0.9999282718625906 0.00906914049663243 -1.2992106885235826 0.061644797386322614 -0.00953441963979908 0.9980526107503989 94.87797785100118
0.9979377008995778 -0.009305778026542292 -0.06351179084046936 -3.0322559976582517 0.00984628781158065 0.9999178798195829 0.008202697462075232 -1.390911477530866 0.06343024309896328 -0.008811135705964307 0.997947377459641 96.00327260197832
0.997878280437276 -0.00880306284587653 -0.0645092510619157 -3.1364589266123497 0.009336499024795695 0.999924632888953 0.007972348443747012 -1.4401103830799225 0.06443420844165001 -0.008557723203185378 0.9978852630376478 97.19834880582634
0.9977251233301694 -0.009984003598882078 -0.06667006751944891 -3.3419963173185425 0.010545347653346526 0.9999118063316954 0.008073116710334765 -1.4412573923392666 0.06658358595528671 -0.00875780969305462 0.9977424150969658 98.35782734174367
0.9975646777119909 -0.009299053038265287 -0.06912482439336824 -3.5828133519534338 0.009969612189878433 0.9999064751158523 0.009362044010268125 -1.3502618680682819 0.06903130169823463 -0.010028391395304096 0.9975640885599919 99.68863071857272
0.9972702483234307 -0.011949178269462684 -0.07286473014242359 -3.8819357629500155 0.012677261022941224 0.9998741492824053 0.00953795911177997 -1.3468644844395854 0.0727415896298509 -0.010435647342967383 0.9972962240163374 101.12613817255065
0.9970687921329066 -0.014975812723219396 -0.07503031879034743 -4.0997176105793045 0.015635376608585626 0.9998440456345516 0.008210932953815845 -1.498791680638767 0.07489565243012332 -0.009359991581631241 0.9971474473929309 102.27616217162742
0.9970897353358935 -0.011963217457460488 -0.075292370565583 -4.082588563739858 0.012492757490173607 0.99990040397011 0.006566061278062359 -1.7091248251118605 0.07520632086525912 -0.007487560916012645 0.9971398827516118 103.61826737163744
0.9969666127734507 -0.017033007600310825 -0.07594372664363847 -4.099951358823144 0.017491395179795612 0.999832567369931 0.005374786476720638 -1.862621692549134 0.07583946274661989 -0.006686843689976269 0.9970976191195106 104.78297621681595
0.9967721410130346 -0.018825993818197013 -0.07804409526158095 -4.293646072748352 0.019362959031232984 0.9997937331216219 0.0061291955443255304 -1.8001708690831828 0.07791260949194703 -0.007620575272402547 0.996931066903209 106.01347194776395
0.9967557923863374 -0.02024813372421832 -0.07789674815618741 -4.277954259127009 0.020903069816183204 0.999752608908082 0.00760149101671371 -1.659569523385404 0.0777235615276565 -0.009205110654666095 0.9969324520553057 107.34497084818518
0.9967465694260723 -0.0194949861881728 -0.07820627723505698 -4.300453432578163 0.020243734554761156 0.9997564111430519 0.008792587972392437 -1.564531429146303 0.0780158160159224 -0.010347168302560439 0.9968984244133254 108.61251135210796
0.9967119921301795 -0.014264410256896717 -0.07976046195104033 -4.475251542615103 0.014968235622996533 0.9998540717581909 0.008233293595208996 -1.6854891297667933 0.07963137990905998 -0.009400095136839808 0.996780056775777 109.7629841804946
0.9966801772961746 -0.01231930722508648 -0.08047893389259794 -4.533260342209525 0.012843313177800547 0.9998995395522021 0.00599667567210635 -1.9701804644346397 0.08039697439257543 -0.007010383212156481 0.9967382711024917 111.07055734938879
0.9967620072630431 -0.008422416893886932 -0.07996601601193351 -4.462133779790421 0.00883402090788206 0.9999494834735416 0.004794849619460651 -2.1522062417296928 0.07992159252383263 -0.0054857446764609 0.9967860581390047 112.458833577113
0.9966301757135045 -0.005361750760322187 -0.08185074483960429 -4.65367303878368 0.005759791027769837 0.9999727044301157 0.004627656957733946 -2.2035016099181193 0.08182369867332598 -0.005083505040607716 0.9966338547130901 113.77520665384023
0.9965509522967979 -0.002298966568925429 -0.08295127589648318 -4.772426860195695 0.0028669806531518766 0.9999732494782495 0.006729097976499537 -2.007576841651827 0.08293358727486551 -0.006943707987711009 0.9965308851548741 115.1803460602988
0.9965336374519165 -0.0022696877503339155 -0.08315983338138452 -4.783508752634548 0.002986220630074685 0.9999594751995674 0.008492965160071463 -1.8253703415728473 0.0831371873062715 -0.008711858361755375 0.9965000309356538 116.49462206758038
0.9964286425418664 -0.00201846773916391 -0.08441496344221432 -4.943081860080262 0.0028011412909097195 0.9999541749061731 0.009154327303231256 -1.771806268075892 0.0843926177437321 -0.00935809145586067 0.9963886351412609 117.81398879498599
0.9962436878221697 -0.003251801762335954 -0.08653288508563137 -5.180565804110026 0.004059894728844243 0.9999497659373867 0.009164216814747526 -1.7779944355201125 0.08649873831028371 -0.009481106847684924 0.9962068444499458 118.94098655941721
0.9961416920701275 0.0013798254237295075 -0.08774864866054402 -5.3112838477653135 -0.0005498254376433979 0.9999548908110147 0.009482301861520786 -1.7906325062489916 0.08775777465072554 -0.009397469070078325 0.9960975156126249 119.94777000404324
0.9960837473934522 0.004819590619859156 -0.08828329210294504 -5.372055863824694 -0.0040078804566495195 0.9999480748784716 0.009369335846798362 -1.8421782441818717 0.08832386468480267 -0.008978813567993852 0.9960513419905849 121.05252130781079
0.9959435377678233 0.007726895633685881 -0.08964800388673998 -5.506742864569414 -0.006999972308776401 0.9999400484130399 0.008420212528137084 -2.0041799893110968 0.08970769178941554 -0.007758521997528446 0.995937917452736 122.28666298624604
0.9957434999435629 0.010054402327387918 -0.09161763613486995 -5.76171843420582 -0.009370324342709256 0.9999249399332198 0.007893765388086574 -2.0931919838410042 0.09169012674138981 -0.007001677897490713 0.9957629724071113 123.40328559328798
0.9955812705987056 0.00920746548069648 -0.09345135712368924 -5.977114452467872 -0.008509368598871523 0.9999328568601137 0.007865902896069525 -2.102099094795191 0.09351750787479303 -0.007035932844242637 0.9955927738906906 124.4470111472601
0.9953955376597609 0.0028209355906410856 -0.09581109468191448 -6.259794971818174 -0.002122108167321729 0.9999704054927747 0.007394917576509272 -2.1229436817750322 0.09582912012514166 -0.007157545738974229 0.9953720657773549 125.6728688479522
0.9952701272592297 0.0015612865775874703 -0.09713359925152877 -6.411342033592661 -0.0007509488358637014 0.9999646177373288 0.008378505903847686 -2.0000632582314464 0.09714324403292036 -0.008265933562449075 0.9952360848237224 126.79097958376575
0.9951489163840477 0.001155516433658789 -0.09837326331156186 -6.541572640307295 -0.00030546882816611846 0.9999624923655824 0.0086556665324297 -1.9840649899748692 0.09837957566714423 -0.008583626493486526 0.9951119437039743 127.83606770889993
0.994943757139271 0.0015122897326904782 -0.10042227363031099 -6.758864244230181 -0.0006215751059475783 0.9999601975730082 0.008900389136695303 -1.980937434037113 0.10043173688618606 -0.008792965911016588 0.9949050959926394 129.00331819403382
0.9945566398317439 -0.005596958773323644 -0.10404693243475455 -7.238492819960227 0.00654656354997183 0.9999399599578004 0.008787434105212365 -1.939571522661647 0.1039915028849696 -0.009420750080689303 0.9945335674841521 130.25475018201962
0.9942939736341723 -0.007459859395103085 -0.10641355374764523 -7.521211437897397 0.00838602320238921 0.9999307324650325 0.008258625733856934 -1.9983142148867512 0.10634457489508177 -0.009103887617472313 0.9942876599253239 131.06170872526835
0.9939530104673145 -0.00959209966047462 -0.10938649155159828 -7.892770295039105 0.010547051572902557 0.9999111254085173 0.008154814502833207 -1.9997575314801401 0.10929854841707379 -0.009259206681847137 0.9939658417000293 131.94459436112936
0.9934974826202758 -0.017082492387383564 -0.11256527176123315 -8.2787756962337 0.018151289359600337 0.9997993169352418 0.008476825081301036 -1.8961830220569202 0.11239787685608904 -0.010464908487825369 0.9936081737938004 133.0532178843609
0.9931117247702732 -0.01735279875556363 -0.11587917165190213 -8.686034416345892 0.018457294862277047 0.9997938134586245 0.008465155006040781 -1.9101767401992382 0.11570838513339442 -0.010545660017625146 0.9932272442537919 134.21537258365944
0.9926557846533055 -0.018477723712875614 -0.11955361492681277 -9.159042561203012 0.019637023286558506 0.9997708209446555 0.008526014150352972 -1.8978904827108245 0.11936867474665055 -0.0108110736764697 0.9927911362621186 135.2850548073409
0.9920628216132981 -0.020841041008977875 -0.12400406808299579 -9.792341732329653 0.02199443033219159 0.9997265683371231 0.007939370738552146 -1.943740276050851 0.12380469703134114 -0.010603752663137664 0.9922499470854778 136.16943746870658
0.9916632241638786 -0.020002678272254364 -0.12729470774326107 -10.104848197634224 0.021101678003979895 0.9997507515002354 0.007290683893603352 -2.0720752645710436 0.12711714686192793 -0.009916034320969352 0.9918381437053694 137.34835129994596
0.991055073679153 -0.024602629913129826 -0.13116612158236388 -10.711868315441524 0.025452814650970716 0.9996644580007723 0.004808913029183422 -2.3473577709064983 0.13100379826994069 -0.008104443928101824 0.991348739296374 137.70486852190757
0.9906856537744968 -0.025477521931826164 -0.13376408783713162 -11.061458147698191 0.02627967841126314 0.9996456615466317 0.004234366654825938 -2.4382212852083445 0.13360880924549226 -0.007710202799800934 0.9910041568753001 138.43614044304326
0.9903212268695568 -0.03167480139799032 -0.13513169310462148 -11.23452900086598 0.032709681106591934 0.9994500664973597 0.005444386996975251 -2.2210458952122782 0.1348849301200129 -0.009811805890056636 0.9908126887403577 139.4545862204021
0.989815030086406 -0.03805089921275894 -0.13717993729841324 -11.539112689380193 0.03919193285047806 0.9992158657969273 0.005625473240528553 -2.147292756951568 0.13685831583974045 -0.010944524146823361 0.990530170592302 140.34416452127044
0.9895127357955319 -0.03940791401047334 -0.13896604593913872 -11.818416340996407 0.040224605574576945 0.9991859401250435 0.0030721603456017976 -2.483161886321256 0.13873185216384443 -0.00862979546563077 0.9902923810202939 140.76862100534927
0.9896971950806123 -0.03804134506553754 -0.13803013449136783 -11.740664769226566 0.0384234224716724 0.9992615422770483 0.00010360332965908317 -2.929623914637231 0.13792426420007436 -0.005406125387162021 0.9904280242595301 141.6257911626987
0.9898301498648189 -0.035858628763987294 -0.13766057196663434 -11.761712915954151 0.03607110496275376 0.9993487727940539 -0.0009516838414741874 -3.0931230273789545 0.13760505007214138 -0.0040235628721958855 0.9904790059479686 142.5112546576415
0.9897719814302116 -0.03579133084479933 -0.1380956383243868 -11.88157743009647 0.03594240410457162 0.9993528818941175 -0.0014003702374477739 -3.1665408351805135 0.13805639558853286 -0.003577441304097305 0.990417908581509 143.3158456144405
0.9898647344061411 -0.03781815011060459 -0.13688533527908464 -11.7359089801934 0.03831622619228386 0.9992651587537786 0.0010046464379939303 -2.794969741759531 0.1367467527564872 -0.006239392839406593 0.9905863898070981 143.9193911034124
0.9897467248020289 -0.04308513358541883 -0.1361803654055936 -11.632399540912623 0.04392145560190498 0.9990300488078517 0.003141229610360292 -2.452668827941658 0.13591293713796843 -0.009090260882601597 0.9906790806081082 145.04848775007366
0.9895948023835958 -0.046513579868720865 -0.1361565786075642 -11.633586602721536 0.04750611703876537 0.9988627457108757 0.004047725657952347 -2.305074699187352 0.13581346008137105 -0.010473877922398024 0.9906790610580566 146.26062867434783
0.9894255930274737 -0.0480649880066606 -0.13684572592860308 -11.754205341651897 0.049121499842269226 0.9987833287843231 0.004352057495895903 -2.2633450813105025 0.1364700484189853 -0.011028103664321063 0.9905828117278327 147.35732018391036
0.9895791262111882 -0.04726800699323668 -0.13601061869258432 -11.624696084908425 0.048374309847968214 0.9988175582878108 0.00483853408343613 -2.19798192202425 0.1356210865383313 -0.011367531432556184 0.99069556382916 148.58025864209785
0.9897079408928309 -0.04548030103045122 -0.13568247442809608 -11.604814831474469 0.046572616549495446 0.9989029597340425 0.004885532893450514 -2.203834170902763 0.13531143012107816 -0.011154337845020908 0.9907403280887533 149.7873946818955
0.9899698165614459 -0.04632761202443759 -0.13346727905347877 -11.256174391645802 0.047147521182718186 0.9988834696469994 0.002987527224442771 -2.464652294223754 0.13317985412076974 -0.009250212435411706 0.991048717320768 151.09768582861201
0.98990208350642 -0.04619269529942568 -0.13401529721194466 -11.389912713176026 0.046939417408375456 0.9988948162641581 0.00241601732903604 -2.534518262231195 0.13375558367043525 -0.008682219853461296 0.990976318068931 152.2547528632307
0.9897461265788744 -0.04893482637637809 -0.1341938433986889 -11.382342994379163 0.04978915210771395 0.9987551977316547 0.0030158486689414155 -2.404944085593479 0.1338792189046453 -0.009666321510066722 0.9909505119079816 153.5372219385228
0.9895768340523741 -0.049419858841433205 -0.13526036734719793 -11.532729513303021 0.050315594905858275 0.9987282107709452 0.0032096614525531256 -2.3783177130759254 0.1349297239905258 -0.009981911759672592 0.9908048905301473 154.78016812100103
0.9901354227460278 -0.04640530212869058 -0.13220587156092986 -11.058978803395863 0.0470088116108176 0.9988934284528012 0.001445762470508867 -2.72116639270941 0.13199248559858767 -0.007646340835569062 0.991221225204389 156.44713074823335
0.9902067448769118 -0.04554406027418724 -0.13197098503581223 -10.963095680385234 0.045844023738307364 0.998948316283336 -0.0007660830676129596 -3.0818625495650016 0.13186708417100187 -0.005291499640632358 0.9912532835887137 157.8816525415313
0.9902346413427203 -0.04286141778599935 -0.13265841046363042 -11.091455134949147 0.0430236129535605 0.9990727016911436 -0.0016448293737344381 -3.2577242642670488 0.13260589660074104 -0.004078676372469744 0.991160451526185 159.28702051129105
0.9899696951231282 -0.04269058415671195 -0.13467559792868997 -11.427897047493355 0.042959569954089435 0.9990763975921176 -0.0009094638355437189 -3.145128308780894 0.13459003710227205 -0.004885263425090617 0.9908893259078322 160.61300244446437
0.9895598390622508 -0.043261446786286434 -0.1374764418026776 -11.938135604940342 0.04377128853425193 0.9990413422083918 0.0006861935694720418 -2.8743519003227243 0.13731496355151876 -0.006696549889950984 0.9905047991239905 161.78375934689313
0.9895044329327939 -0.042861731098556434 -0.13799945335719835 -12.012340588281045 0.043656386698819466 0.9990428607268667 0.002735386108653437 -2.5635576067078576 0.13775012561433328 -0.008731233471298448 0.9904285277272399 163.1899755541201
0.9891478949069972 -0.04688923146312361 -0.13924023084954817 -12.216752931143354 0.04789018024376952 0.9988452063064176 0.003845059533659322 -2.3344403713153294 0.13889914555995858 -0.010471571587194759 0.9902511669420769 164.28329409875474
0.9885173095134745 -0.05119384863720746 -0.14217144075405624 -12.68879946728365 0.052215732791966195 0.9986298210159753 0.0034637889899113835 -2.336009257122746 0.14179931608174703 -0.010847600625433024 0.9898359882322664 165.42198604116973
0.9882194975388828 -0.049548589170907306 -0.14480042094376616 -13.133726692298563 0.050109736333291986 0.9987436919171192 0.0002284362497356569 -2.924714387078412 0.14460718864779395 -0.007481655361915909 0.9894608561794583 166.60511213179328
0.9880195486820942 -0.046383124226821566 -0.14719367213767626 -13.53800466687732 0.04639468809831111 0.9989175475075123 -0.003356515334901652 -3.5974299026455387 0.14719002798526679 -0.003512701034273235 0.9891019950881867 167.91176852575904
0.9879839312110081 -0.04074396695919949 -0.14908950577279065 -14.098279205776722 0.04059624155827924 0.9991674844448691 -0.004035244176513262 -3.818679708543466 0.14912979863259113 -0.0020657164771415043 0.9888154711941255 169.35013084277085
0.9880303134400577 -0.035053174744358304 -0.15022441402293762 -14.323075197889494 0.03506651979646067 0.9993816992219209 -0.002560946634076958 -3.665828138166665 0.15022129979772622 -0.002737553774662779 0.9886486064238402 170.69658741143627
0.9881694710853572 -0.03222149129053374 -0.14994289519094622 -14.28393091431154 0.03259375160131547 0.9994686822122092 2.5202436553675063e-05 -3.2862735551349944 0.14986241614044207 -0.004912105050596579 0.9886946583989384 172.24160197840297
0.9880856551005209 -0.03447556674211202 -0.1499939111666945 -14.302370260628802 0.03509019230156554 0.9993830945141546 0.0014521733239914018 -3.0139083541230836 0.14985131493860745 -0.006698186109026883 0.9886858539523848 173.735568707815
0.9878481093121589 -0.039107739898712586 -0.15042173218533295 -14.38737379551808 0.039803498790764724 0.999206219621734 0.0016162170440336293 -2.917115188782353 0.1502391241069456 -0.007583887478335192 0.9886205997898441 175.11387287385716
0.9876923901136189 -0.0419295084892464 -0.15068396973484466 -14.37272131451325 0.04270506343545796 0.9990858908497042 0.0019131823938423565 -2.8431552447535857 0.150466009678716 -0.008324603469558387 0.9885801338273369 176.35680934815883
0.9871386356707538 -0.0503395957742456 -0.15173410615203806 -14.529186757562117 0.05108919655082348 0.9986935494515478 0.0010432083446448288 -2.8706292783479634 0.15148335869622648 -0.008781764126835158 0.9884207974069503 177.6206714144981
0.9867387081892909 -0.056571737944882745 -0.15213927873521163 -14.567889320751842 0.057253298103271205 0.9983596796766567 9.927301064637592e-05 -2.9465652162209075 0.15188410587432574 -0.00880843129307836 0.9883590592546813 178.60493224183753
0.9865173601269054 -0.05974936297639475 -0.15235980998884047 -14.590292984229155 0.06047208242992744 0.9981698829214107 0.00010990143228045816 -2.9130093790447464 0.1520744074946418 -0.009321933951671751 0.9883250863060391 179.9045851486035
0.986376396290742 -0.06288111635745249 -0.15201174281797566 -14.510317572979485 0.06371535188756766 0.9979679211759824 0.0006182568318113663 -2.804643924671548 0.15166396663132986 -0.010295314922576475 0.9883784942034765 181.22962557072412
0.9862700740177563 -0.06405127771014184 -0.15221292595975733 -14.558589292248797 0.0649136505806557 0.9978906407967371 0.0006978414754785153 -2.802609670851758 0.15184715692208411 -0.010568956145444066 0.9883474784649601 182.58747691302898
0.9865761941515495 -0.05993798222806652 -0.151904085948489 -14.514333586782982 0.060317212372075456 0.9981770199102667 -0.0021144300740076967 -3.4263667849312185 0.15175390283325252 -0.007076383929257441 0.9883929774424829 184.04505196470961
0.9869490108225955 -0.05509913492720233 -0.15131336779690768 -14.44940470361588 0.05482993050617463 0.9984779557519655 -0.0059540399746357015 -4.2317193501884 0.15141112494466155 -0.0024201668696796977 0.9884679125464509 185.44104090242604
0.9876322725114182 -0.05121762311445784 -0.14818653543779545 -13.97441428380671 0.05097203249851866 0.9986851720477108 -0.005457016539419696 -4.175567643782814 0.14827119139239864 -0.00216384254603914 0.9889443723918097 187.2157256904773
0.9874836791907871 -0.0489852364152857 -0.14992141225451255 -14.40767556189872 0.04915458373507567 0.9987878555433325 -0.00257808370715961 -3.6685680755020225 0.14986597422256168 -0.004823508319897051 0.9886945552757987 188.49983304948188
0.9876444499015977 -0.05002218109851259 -0.14851337274785745 -14.127793230663041 0.05047139866833245 0.998725229051546 -0.0007448313561138963 -3.3094446432442126 0.14836131064078775 -0.006760048380398783 0.9889101189396867 189.75147983955256
0.9873737065745337 -0.05184123134923806 -0.14968517029188666 -14.302473794877814 0.05233290591012606 0.9986294797929858 -0.0006550182881113519 -3.280858085247603 0.1495139810328359 -0.007186711389959183 0.9887334932860975 190.9279902779444
0.9869148362449043 -0.05566957371424847 -0.1513274742726072 -14.597072147383077 0.0561962437324675 0.9984194240179466 -0.0007974556875231933 -3.265018491877705 0.15113268405634198 -0.007717014070456658 0.9884833633373394 191.83130279067828
0.9864587475107849 -0.05772543878910486 -0.15351518844309958 -15.014102395862327 0.05822454578984002 0.9983027339452196 -0.0012464614085354155 -3.33106142174136 0.153326585193303 -0.007708768651323365 0.9881455020649711 192.85176314775552
0.9861699261813917 -0.058164731181010496 -0.15519581388621914 -15.330374939313469 0.058589545942998505 0.9982804624609078 -0.0018393953226327542 -3.455341989183728 0.1550359371294287 -0.007278895210722581 0.9878820152108437 194.08406627885384
0.9859389285666504 -0.05707153318741056 -0.15705817120097343 -15.691927652851248 0.05751374363292385 0.9983432132095168 -0.0017314537404768662 -3.4671681397286847 0.15689677635372118 -0.007325895040739376 0.9875878355503106 195.21979032062197
0.9857356630835743 -0.05595503125960137 -0.15872692558375562 -16.021832485448144 0.05655132167468859 0.9983994033790059 -0.0007611510349759562 -3.3221767965002567 0.15851545836936742 -0.00822592299968243 0.9873222289322916 196.51393468586838
0.9853992419992961 -0.05642882592735387 -0.16063661280671057 -16.38050022075626 0.05699958337433916 0.9983736431759181 -0.0010564601226472027 -3.387040137107044 0.16043497549593885 -0.00811518429349264 0.9870130508346853 197.5870508844596
0.984602635098801 -0.05885966915192921 -0.164600091750786 -17.041522387940308 0.059195543915683956 0.9982422854440877 -0.0028682974985961103 -3.705294004363056 0.1644795991515159 -0.006919457977669331 0.986356214896571 198.6179945290052
0.9841413536833962 -0.059209900413888655 -0.16721239057653434 -17.49407891110111 0.05962064877641688 0.9982178063197866 -0.002566979684619023 -3.658787227081701 0.1670663766582324 -0.00744303964145565 0.985917555910725 199.50730408807772
0.9837374706219311 -0.06024354224269322 -0.16920787337067025 -17.862012990905313 0.06065433988568128 0.9981550565319407 -0.0027448445577375555 -3.681568023553893 0.16906105390484155 -0.0075629847139996025 0.9855765629405593 200.51268058312522
0.9834624450584597 -0.060970068162930914 -0.17054110896040936 -18.112557695330644 0.061400818281955184 0.9981093946852742 -0.002752408803305463 -3.6716460951027976 0.1703864979215232 -0.007764472243234151 0.985346717861449 201.4938206435952
0.9829421670985801 -0.0638156884193392 -0.17248841685228233 -18.482144265215226 0.06417010667857939 0.9979327442207293 -0.0035263889257816216 -3.7753649424348605 0.17235687844825157 -0.0076023630315385235 0.9850052338099196 202.33848068788194
0.9825995923763705 -0.06371173027870458 -0.17446735047753764 -18.783012109482435 0.06399229522623404 0.9979422850002484 -0.004022680367233173 -3.8832543828748705 0.17436463865556898 -0.007211881404243952 0.9846547423640473 202.7774997379743
0.9820799422964256 -0.06474797230728051 -0.17699346574358799 -19.283380387074335 0.06498748822865921 0.9978761583899594 -0.004449594051136898 -3.9566610643646656 0.17690566218410703 -0.007132502997090485 0.9842019681939527 203.3544995074083
0.9818326247518251 -0.06561565030937881 -0.17804292544722541 -19.53229836041086 0.06582777578592698 0.9978198262115703 -0.004722112919158423 -4.007067170386877 0.1779646057732801 -0.007083844549441091 0.9840113913709383 203.80770283183793
