1.000000e+00 1.197625e-11 1.704638e-10 -5.551115e-17 1.197625e-11 1.000000e+00 3.562503e-10 0.000000e+00 1.704638e-10 3.562503e-10 1.000000e+00 2.220446e-16
0.9999998999644163 -0.0003148748617448147 -0.000317686918486722 0.03546290189853796 0.0003153320825463394 0.9999989131998351 0.0014401961067181876 -0.028824233933239296 0.00031723309167438156 -0.0014402961395257297 0.9999989124545065 1.307190033586771
0.9999995739932919 -0.0009109216219460376 -0.00014911416230996624 0.005999856957812355 0.0009110097093643644 0.9999994099523867 0.0005917399650932716 -0.017644070580075 0.00014857504559678505 -0.0005918755574572033 0.9999998138043723 1.285961669530256
0.9999997267435325 -0.00027053759850143255 -0.00068798420617384 0.053231782902674496 0.00027011924112872775 0.999999778617811 -0.0006081117684794847 -0.04274919061828031 0.0006881485709637786 0.0006079257645371528 0.9999995784388158 1.3378264650431113
0.9999999780585278 -1.388143349850927e-05 0.0002090221255709512 0.04415945449779013 1.379474118935036e-05 0.9999999138970797 0.00041474756014942476 -0.024189307962313555 -0.00020902786486425462 -0.0004147446676431284 0.9999998921471005 1.2262963923412076
0.9999997663963989 -0.0005473943176893835 -0.0004093490060106909 0.031627143576238304 0.0005477099874148272 0.9999995524496479 0.0007714365010436569 -0.017566195714263766 0.00040892654284938664 -0.0007716605253722447 0.9999996186594854 1.2748069304686067
0.9999995539708142 -0.0004951104759487662 0.0008043157262856745 0.06647433919410428 0.0004935740687740582 0.9999980555138065 0.0019092808178083594 -0.044739220665904966 -0.0008052594672394064 -0.0019088829768273098 0.9999978538591822 1.2828171861420485
0.9999999696372812 5.775448125383697e-05 -0.00023956180165531028 -0.00599810131166123 -5.7544756580271804e-05 0.9999996152116244 0.0008753657555537048 -0.015469926728313599 0.00023961226576988843 -0.0008753519434496147 0.999999588172384 1.2258056190849458
0.9999951818457299 0.0012546204470312995 -0.002839403609774798 0.04200221357894662 -0.0012576500228552686 0.9999986415736889 -0.001065442253843922 -0.022612310157863136 0.002838063027017476 0.0010690080963936602 0.9999954012993981 1.384103899782537
0.9999960411358172 0.002736901895974946 0.0006535141189134439 -0.0044603591390321995 -0.0027357007222084282 0.9999945800340014 -0.0018318963343949561 -0.014830641359484087 -0.000658524297439708 0.0018301012631192488 0.9999981085357693 1.456044481565022
0.9999948024509726 0.0031834827830696335 -0.000510400244447076 -0.014358337362141427 -0.0031837913977378492 0.9999947487193982 -0.0006049842668680853 -0.020721758884030272 0.0005084716071947178 0.0006066061303402209 0.9999996867427643 1.4197229434430088
0.9999975104120012 0.0022287571743741024 -0.00010867960770588263 -0.0589698045433833 -0.0022287793699309806 0.9999974953503014 -0.00020453763972312118 -0.01583925022335797 0.0001082234707694572 0.00020477935337598555 0.9999999731765485 1.35363923302359
0.9999992010547029 0.001244498952418234 0.0002216129808145481 -0.053701591817202576 -0.0012445883951815158 0.9999991439240408 0.0004039194391261236 -0.018437094045642977 -0.00022111011377813267 -0.0004041949333600508 0.9999998938683811 1.3199130584416956
0.9999988431570462 -0.001446748832902054 -0.0004696832801445883 -0.024274754134778753 0.0014474114645453245 0.9999979534443558 0.0014135441808204975 -0.03186118666189541 0.00046763727551758896 -0.00141422237053605 0.999998890644617 1.4375587691585934
0.9999957492236015 -0.0029061348935089373 -0.00023646291056995668 -0.022487956205952564 0.0029064170769054634 0.9999950540881393 0.0012018897753204012 -0.03584160806108938 0.0002329688872310847 -0.0012025719261969385 0.9999992497728482 1.4370093932765944
0.9999931308998057 -0.0013187891788461205 -0.0034639498128264654 -0.07274910757334307 0.0013133314939683747 0.9999978935309273 -0.0015773693586746042 -0.042625763209496514 0.003466022733764768 0.0015728092091842596 0.9999927564525655 1.5530376305203561
0.9999996052882106 -0.00014567671177294025 0.0008764711735416342 -0.04808014639202085 0.0001480454572268395 0.9999963355622554 -0.002703136068183523 -0.01870631966654035 -0.000876074177793959 0.0027032647587985487 0.999995962418688 1.477100407218444
0.9999938743771551 0.0034214271050424278 -0.000738271448625294 0.02948634241942827 -0.0034221067698108607 0.9999937201526199 -0.0009213254477776894 -0.05174839510948159 0.0007351145645334822 0.0009238462478077523 0.9999993030571009 1.4960637543390845
0.9999955707593162 0.00295585810872114 -0.0003483742093485377 -0.0877787308813307 -0.002955686856820434 0.9999955113733843 0.0004910685153179657 0.0047534780449584035 0.0003498241744801549 -0.0004900366551850607 0.9999998187435455 1.4901599414955076
0.9999997704835234 0.00025299591351324275 -0.0006285109134934481 -0.017067459447225986 -0.000250852423117607 0.9999941607156164 0.0034081677967190602 -0.0264235563400933 0.000629369495964637 -0.0034080093510026493 0.9999939946651184 1.600150345896302
0.999998474526715 -0.0004725910637672586 -0.0016815474808341984 -0.038702057167755655 0.0004733742702378978 0.9999997796608252 0.0004653977898749756 -0.04083304381873498 0.0016813271674867153 -0.00046619308123529285 0.9999984779003251 1.584222865275919
0.9999957133323143 -0.0021342578903243373 -0.0020045598652249563 0.05716791521913134 0.0021319703926871375 0.9999970745891518 -0.001142591520640264 -0.07454229443284188 0.0020069925860323186 0.001138312960447206 0.9999973381086392 1.6142441128028029
0.9999912044197931 0.0007246144279495036 -0.0041311036034626 -0.036110256366541194 -0.0007347692062616405 0.9999967112839612 -0.0024571396934333326 -0.010319734003636505 0.00412930953856257 0.00246015348918007 0.9999884481570492 1.7311406023638716
0.9999796495879123 6.203166169748126e-05 -0.006379385715635065 0.209559961226919 -7.438913713161899e-05 0.9999981214873395 -0.0019368758470749935 -0.05245059437600308 0.006379253584251031 0.0019373109878519405 0.9999777757279628 1.9422003176645042
0.9999957211833326 0.00233960362892923 -0.0017560950675152432 -0.004540153454231088 -0.0023416019697284946 0.9999966123400569 -0.0011367535460633823 0.010238559964824034 0.0017534295657408922 0.0011408607577731871 0.9999978119583506 1.519318805727016
0.9999981440934241 0.0008856354513784215 -0.0017109820440519632 0.142248766102405 -0.0008876876451802886 0.9999988871590478 -0.0011990376609017925 -0.026410715002953444 0.0017099182297409987 0.001200554253221198 0.9999978174221847 1.6010524636310866
0.9999981048967816 0.0005825154733062264 -0.0018576540495158838 0.10592046775632546 -0.000582537044468395 0.9999998302639979 -1.107098934839555e-05 -0.02086594730127067 0.0018576472851825428 1.215312066805091e-05 0.9999982744979437 1.7072328230440768
0.9999986535352499 -0.0011747577787276308 -0.0011458061998843034 0.0007917564996393622 0.0011766113444231802 0.9999979982377158 0.001618365318524734 -0.007448332867950103 0.0011439027190060787 -0.0016197113080259518 0.9999980340089913 1.4316613203629016
0.9999995471534832 0.0009418435074104462 -0.00013646844373516208 -0.013602083622286543 -0.0009417079709987718 0.9999990666872061 0.0009898539364597122 -0.025719780065779574 0.0001374006038708572 -0.0009897249747868005 0.9999995007826498 1.481535134866574
0.9999981942362324 0.0017190783260130757 -0.0008101197340749638 0.06159929146073573 -0.0017189823958671008 0.9999985154567071 0.00011909619268326194 -0.01594007748503601 0.0008103232671009443 -0.00011770339606196034 0.9999996647610001 1.4519678908707725
0.9999951344869812 0.0029963194773392067 0.0008677971845984784 -0.008909443935845474 -0.0029960582222067498 0.999995466145107 -0.00030219920008637353 -0.03155107601569673 -0.0008686987354810135 0.000299597758842062 0.9999995778017552 1.3148546667504517
0.9999960599749319 0.0027288871453018657 0.0006581865702182896 -0.03377198166695905 -0.0027293428358256757 0.9999960355988409 0.0006924408195344617 -0.02353703043149058 -0.0006562943680513259 -0.0006942345081007525 0.9999995436579713 1.3428353300505398
0.9999994422263447 0.0003090475445045108 0.0010099686208656455 -0.0421860380839334 -0.0003087225525036874 0.999999900527555 -0.00032192431507183084 -0.011926012091719729 -0.0010100680103208846 0.00032161233542085075 0.9999994381639024 1.2693177299545813
0.9999998048717347 0.0003495098370992857 -0.0005177831257862585 0.029448374552302425 -0.0003495236141762807 0.9999999385650282 -2.651756398592603e-05 -0.04702661495093241 0.0005177738258271335 2.6698536241060078e-05 0.9999998655987169 1.4521778865529145
0.999999890852623 -0.00031209728063247614 0.000347692437539828 -0.022350466055593543 0.00031238553160117555 0.9999996073428952 -0.0008292944817460409 -0.031490419125378644 -0.0003474334804636841 0.0008294030053175545 0.9999995956902342 1.3396646103849443
0.9999989464624226 0.00046128775624933307 -0.0013763312288448276 -0.022799049160495244 -0.0004605896095403633 0.9999997651373566 0.0005075258073539027 -0.044478145360696386 0.0013765650210367166 -0.0005068913487933751 0.9999989240643729 1.538065231037253
0.9999963322829742 0.0011336501918131276 -0.00245972718886506 0.004705505698478163 -0.0011301921114072254 0.9999983717681054 0.0014068144633614923 -0.03925135519354184 0.0024613180193445707 -0.0014040293392993946 0.9999959852995529 1.4534831172286076
0.9999947748293235 0.0014284786839435166 -0.002899959086010033 0.049736397454886117 -0.0014280289383412081 0.9999989680178349 0.00015715157315851293 -0.03698442856899087 0.002900180580976349 -0.00015300952651990633 0.9999957827614486 1.5451749801731864
0.9999986985853029 -0.0015641850905400122 -0.0003951616181108474 0.02446260134983369 0.0015640478487695805 0.9999987165412848 -0.0003473760411880602 -0.026894935240484585 0.0003957044713614185 0.0003467575374282577 0.9999998615885816 1.4090591981655178
0.9999970447184305 0.0010879959136422556 -0.0021741249497506756 0.01735054417971682 -0.0010849006297862095 0.999998397087121 0.0014243643542025033 -0.0544909464660015 0.0021756711674142813 -0.0014220014352778908 0.9999966221777401 1.3803790776444096
0.9999986091132971 -0.0015667800605018993 0.0005718144047960124 0.0029240374730772345 0.0015660962850260387 0.9999980604993043 0.001194294794933653 -0.01959547479991386 -0.0005736844930324901 -0.0011933976173899936 0.9999991233437303 1.2605838212023581
0.9999975836311816 -0.002184770994963203 0.00024394158478065667 0.0028384830511143377 0.0021847018389996677 0.9999975733778066 0.00028340143535126195 -0.04184018573840809 -0.00024456016006230277 -0.0002828678109200568 0.9999999300880624 1.3466899448713558
0.9999970243834946 -0.002436369023962117 -0.00012381492783488467 -0.01992432164561464 0.0024363085870610745 0.9999969141209223 -0.00048595174887394315 -0.02302984976749145 0.00012499850354484614 0.000485648651496695 0.9999998742603731 1.3058730894560924
0.9999998928994467 0.00045150884172072116 -0.00010169002251309582 -0.013283149059633459 -0.00045146563500655744 0.9999998079852594 0.000424509395187595 -0.06179287046919857 0.00010188167273234368 -0.00042446344017255485 0.999999904725452 1.4247460221926387
0.9999965138697763 -0.002476858768935022 0.000915105968150473 0.0035547916881224495 0.002476232536626818 0.9999966996360322 0.0006848280567801061 -0.025782642472330197 -0.0009167991703449776 -0.0006825596542077391 0.9999993467955866 1.3958283436901828
0.9999968370799465 -0.0012690696551592108 0.002171472383750228 -0.007331225599696012 0.0012680310299686528 0.999999081033198 0.0004796144984714683 -0.043107061604210406 -0.0021720790524449624 -0.00047685948712562857 0.9999975273357528 1.3644145183750815
0.9999995895889627 -0.0008949260414904408 -0.00014117112390599055 0.011391942471869143 0.0008949108023241029 0.9999995937380054 -0.00010797443902243793 -0.056429874318597584 0.000141267695690936 0.00010784805914519952 0.9999999842061165 1.49687871434105
0.9999933343765146 0.0016505386150207774 -0.0032568274163866256 -0.10457173277006149 -0.0016512255206502526 0.9999986150452955 -0.00020823489121779947 -0.06696898531770112 0.0032564792060996396 0.0002136112597490495 0.9999946748425264 1.7592736993464397
0.9999998330026136 -0.0004858298719454816 0.00031299214020458053 -0.013833997659105535 0.0004859771419617823 0.9999997711719866 -0.00047061894477642486 -0.020926261329171636 -0.0003127634278414381 0.0004707709732100125 0.9999998402768513 1.3649815322958139
0.9999947449981569 0.0031658790139907182 0.0006979872052673827 0.1634370557823619 -0.003166156351322208 0.9999949090712439 0.0003965924252454709 -0.06762224482088297 -0.0006967280882281692 -0.0003988002777747389 0.9999996777641028 1.6159860383810285
0.9999968924354461 0.00241484020022729 0.0006194079905995365 0.0309114689807517 -0.0024153921383316492 0.9999966852110946 0.0008918787151923749 -0.03055668728878458 -0.0006172521928176647 -0.0008933720568130091 0.9999994104428759 1.582880988830027
0.9999930221379096 0.002847645562500972 0.0024179723406582538 -0.07177306682930329 -0.0028505416858218007 0.9999952230047662 0.0011951484203198764 -0.04285932714085283 -0.002414557430920052 -0.001202032611691636 0.999996362508391 1.4426286002306643
0.9999881975325547 0.00458348861940896 0.0016113434359106241 -0.06774708184361344 -0.004584877944196101 0.9999891199480201 0.0008595811905371903 -0.02969785074926934 -0.0016073860238062538 -0.0008669588583381304 0.9999983323448639 1.0499957365513763
0.999986653262586 0.004928410129700976 0.0015505064613252747 -0.038252630834905155 -0.004928164570270337 0.9999878433760603 -0.0001621544487910395 -0.008741225158676036 -0.0015512867760290464 0.00015451113354946969 0.9999987848170859 1.0136501421782915
0.999996405312541 0.002673955564948991 0.00019830187036393466 -0.050810668293396866 -0.00267382040777866 0.9999961949947694 -0.0006787344164251483 -0.025392615794906037 -0.00020011602149441114 0.0006782017529989505 0.9999997499979486 1.1575340896483866
0.9999947597660038 0.001066517337628743 -0.00305662907487258 0.02638351731462496 -0.0010611017018615982 0.9999978655453078 0.0017728417883739953 -0.035456868977731704 0.0030585133171404403 -0.0017695891039546843 0.9999937570058584 1.5290537118213647
0.9999669584496663 -0.007942223739087269 -0.0017329428730180059 0.14929012893169125 0.007939266530014798 0.9999670270256639 -0.0017067244706909356 -0.00765943306632777 0.0017464409203440704 0.0016929097825183499 0.9999970419959145 1.4837483175570623
0.9999956156552108 -0.0027169912987130957 -0.0011775519688975093 0.007367644830781117 0.002716751125997572 0.999996288507402 -0.00020551092647180902 -0.020151941332452572 0.0011781059698208406 0.00020231090980375884 0.9999992855680554 1.2937001209811934
0.9999993706686335 -0.0004405868565833689 -0.0010317681707417117 -0.002069031758503481 0.00043991255545302763 0.9999996895928183 -0.000653675155943125 -0.018815285000668203 0.0010320558511553862 0.0006532208567918626 0.9999992540813376 0.8986183105858867
0.9999605672344953 -0.008511726742777021 -0.00253268314697042 -0.0033296543157061986 0.008510531620046216 0.9999636684668748 -0.00048228395555874 -0.0015441668866298386 0.0025366961999510064 0.00046071045776293853 0.9999966764536087 1.352134867751464
0.9999981919815935 -0.0008923145840889667 -0.0016792284619464818 0.00036978245191665593 0.0008946343071360894 0.9999986459872074 0.0013811781957254717 -0.019652505994206204 0.0016779937428025317 -0.0013826779939213303 0.9999976362664889 1.1426127317249617
0.999976661387122 -0.0057362676522315055 -0.0037110530159940626 0.04936223345922586 0.005735065450961059 0.9999834984267979 -0.0003345121443428178 0.0009915059440862573 0.003712910628973937 0.0003132212053552881 0.9999930580694735 1.0918098495144637
0.9999940813576986 -0.0020661482953669916 -0.0027510508529267883 0.068794685293603 0.00206659659533278 0.9999978517672284 0.00016012320773760923 -0.01476684427488828 0.002750714104736474 -0.00016580757235168609 0.9999962030326733 1.2037636735867092
0.9999917349788442 -0.0003593458417274631 -0.004049795620248725 0.008065212290228496 0.00036053168266840047 0.9999998923505212 0.0002920887702041119 -0.02113322735133827 0.004049690223405143 -0.0002935464357136145 0.9999917568858173 1.240698680688405
0.9999845061024623 -0.004822341765390804 -0.0027807507821415865 0.03402166132198825 0.004826813134542849 0.9999870652332917 0.001603508986981241 -0.036780465933136 0.0027729821454199376 -0.0016169063067757493 0.9999948480787367 1.2274626590097921
0.9999885973435131 -0.004586336442731121 -0.0013306768905771082 -0.0129654739277556 0.004587170531356957 0.999989283912057 0.0006244418060185449 -0.021172431728503915 0.0013277987307153169 -0.0006305387275426125 0.9999989196851387 1.0848496772391691
0.9999976871105195 -0.0017433086232847672 -0.001259622425764395 -0.015615421149133613 0.0017432707227129272 0.9999984800161505 -3.118614165062317e-05 -0.022551579639679575 0.0012596748782282886 2.8990206623923658e-05 0.9999992061890696 1.0159130034789032
0.9999949044430857 -0.002727883715382455 -0.0016582334871992365 -0.00927275470705513 0.0027269954116523132 0.9999961371702447 -0.0005377179673388991 -0.007671516112861099 0.00165969391381234 0.0005331932322551883 0.9999984805593902 1.0948208053672186
0.9999962707143568 0.0015651322558749496 -0.002238061303702179 0.005050152922897927 -0.0015621160224774957 0.9999978702465753 0.001348812753038667 -0.04193066526661582 0.0022401676075304976 -0.0013453116115087866 0.9999965858870503 0.9928214837907858
0.9999990922899281 3.122544338983299e-05 -0.0013470131002824774 -0.004270784232242031 -2.937517175902377e-05 0.9999990561677667 0.001373608633026081 -0.04921016832701053 0.0013470547204666322 -0.0013735678174465564 0.9999981493758031 1.2183833124734549
0.9999962618293198 -0.002074081476269771 -0.0017817164246568943 0.01851236534660966 0.002072765835662093 0.99999757806136 -0.0007399413531624053 -0.015521052148118386 0.0017832468081031387 0.0007362455062014573 0.9999981389849564 1.1315715056668494
0.9999993744098806 0.0004939069629162414 -0.001003611358482555 -0.007167870205094018 -0.000494170413654915 0.9999998435045594 -0.00026227172745453873 -0.025518630274421472 0.0010034816635895551 0.0002627675184198524 0.9999994619887465 1.1985361543393134
0.9999969563970394 -0.0011995084802588546 -0.002156009291053835 0.002286181641572349 0.0011998962183414265 0.9999992641831137 0.0001785561384394052 -0.014740005537311585 0.0021557935250234137 -0.00018114258238005794 0.9999976598680826 1.166206685407475
0.9999967396343108 0.0006633806605103084 -0.0024658967635214153 0.002668419624881402 -0.0006603053799729228 0.9999990035833337 0.0012477295953526855 -0.033936622078959644 0.002466722026144031 -0.001246097282397907 0.9999961812547123 1.3376268093261132
0.999989451626299 -0.0026878258848768927 -0.0037245440186928474 0.06850522062346465 0.002689195334656051 0.999996318323358 0.0003627232866015533 -0.023132090418916507 0.003723555369087543 -0.0003727354868595919 0.9999929980773213 1.451042979440493
0.9999930545625525 -0.0030494627567484987 -0.0021428027328291538 -0.0052226572183917686 0.0030470937819251404 0.9999947438237633 -0.0011079459964077438 -0.028063353310707306 0.002146170109932767 0.001101408980355123 0.9999970904218259 1.160132976622822
0.9999954275800061 0.0030103012038538665 -0.0002879335723835452 0.05107085635298314 -0.0030108362137448315 0.9999937075829932 -0.0018760756144672304 -0.030808339951927888 0.0002822842079047938 0.001876933957088821 0.9999981987156507 1.3462598469985787
0.9999869289020035 -0.005075100195620996 -0.0006207923520465201 0.03823528918387531 0.005074595779295343 0.9999867949418932 -0.0008114305367096764 -0.04872292352945273 0.0006249022457229477 0.0008082696601718274 0.9999994780985337 1.168695576207614
0.9999961679164154 -0.0018073766272232313 -0.002097031762088436 0.02265634505884062 0.0018092555013964674 0.9999979633038054 0.000894417560064113 -0.023854844501253858 0.002095410941678801 -0.0008982081988331183 0.9999974012341314 1.2376860982322615
0.9999989777698203 -0.0014212600043280292 0.00015645866803447545 -0.0034578129450957285 0.0014210097601615077 0.9999977293568068 0.0015880845358866886 -0.021659784267798354 -0.00015871539380686144 -0.0015878605832044333 0.9999987267532856 1.3280939936327152
0.999999668437737 0.0007504155435779196 -0.00031622923183514804 0.012690392579334908 -0.0007500558091005046 0.9999990732752982 0.001136162324105784 -0.030133459728036716 0.00031708153264580906 -0.0011359247578248382 0.9999993045668811 1.2670864693547803
0.9999851121948473 0.005214936542906974 -0.0016061835237294229 0.007748423977299357 -0.005216499023430275 0.9999859233816126 -0.0009701425465386478 -0.03804341671463307 0.00160110168227895 0.0009785067580286683 0.999998239497414 1.1590804087957827
0.9999978496800397 0.001938427584482477 -0.0007369761167405962 0.0261414736485448 -0.0019401905753057608 0.9999952400887759 -0.0023990540477410627 -0.030054866821223936 0.0007323222162568574 0.002400478763123062 0.9999968506979808 1.315242152671372
0.9999922722324266 0.003900625617532833 0.0004905050659701515 0.024295795767562467 -0.003899875725195971 0.9999912393476205 -0.0015205911145115942 -0.03082928673647234 -0.0004964320254808256 0.0015186664549366729 0.9999987236029065 1.3891595892285702
0.99999353137025 0.0030503099267167166 -0.0019059976412183633 0.029343044711061417 -0.0030511013916287686 0.9999952603090232 -0.00041248004524247704 -0.01853296680427885 0.0019047304154020963 0.00041829276911755953 0.9999980985147942 1.3259863297720622
0.9999947009540178 0.003057151401207311 -0.001118878543427701 0.015258594093923161 -0.0030550695477831362 0.99999360779674 0.001857664048748999 -0.029662722789836504 0.0011245505515781547 -0.0018542359531356837 0.9999976485947787 1.406554416748277
0.9999999776733608 2.78249904420287e-05 -0.00020947326081017002 0.01310106448582049 -2.745465482224964e-05 0.9999984371823282 0.0017677327692704483 -0.02153573483639759 0.00020952212058907016 -0.0017677269787871712 0.9999984156196496 1.3119095780097534
0.9999991752565527 0.00024023651758156475 -0.0012616547192186038 -0.01216254230390712 -0.00023942452292326555 0.9999997641588314 0.0006437065958890324 -0.022570002912019493 0.0012618090634995904 -0.0006434039939171835 0.9999989969340913 1.3243450033207953
0.9999969795434273 -0.0012531837362293335 -0.0021143402150075805 0.009379581206931942 0.0012534320560969405 0.9999992077112693 0.00011612455371186312 -0.013674850836856045 0.0021141930144375847 -0.00011877438476527292 0.9999977580377581 1.1375020828846223
0.9999885297726985 0.0046198389084433165 -0.0012638874538901898 0.027764602615369505 -0.00461994610060633 0.9999893246378113 -8.19050655727002e-05 -0.0268491169456494 0.0012634955732249973 8.774321801731381e-05 0.9999991979397098 1.0135804713818946
0.9999939394070987 0.0034345722404186614 -0.0005699671900475259 0.013712144531860204 -0.003434809567630042 0.9999940145238552 -0.000415932326005116 -0.019909549320825226 0.0005685352289018142 0.0004178875339660351 0.9999997510688207 1.1085490974878178
0.9999948327402792 0.0028949295529976378 -0.0013978110113748096 0.039826763927110154 -0.002896621017470833 0.9999950732434257 -0.0012095766019585307 -0.031149333633168297 0.001394302485648516 0.0012136192805160461 0.9999982915229506 1.2440744677689377
0.9999953316231303 0.002312182694471485 -0.0019976343842571763 -0.006083204182136814 -0.0023136585967105557 0.9999970520281903 -0.0007368302577019507 -0.011654112362835534 0.0019959248091168066 0.0007414486618668229 0.9999977332664503 1.1293768395956487
0.9999979469234778 -0.0008598280959394324 -0.0018348963118771321 0.009224600819844886 0.0008599233813257881 0.9999996289581059 5.114127133255792e-05 -0.010264252129771445 0.001834851658351773 -5.271903657688071e-05 0.9999983152686285 1.0543950029179134
0.9999768046889587 -0.0064030820731266055 -0.0023217717427426636 -0.007341519458485268 0.006403396801491165 0.9999794898335536 0.0001281469051042395 0.0014386348569227492 0.0023209035876671134 -0.00014301115844804902 0.999997296473518 1.2397658292322475
0.9999983242691306 -0.0012691254112622264 -0.001319386077393188 0.011559200184671783 0.0012705908784185636 0.9999985762212974 0.0011104747631786019 -0.008725509938357745 0.001317974867138901 -0.001112149302237276 0.999998513031984 1.1241868294619355
0.9999991419457664 -0.00041605129545444955 -0.001242179153816402 0.026428874827528676 0.00041644801613353573 0.9999998623625145 0.00031913319998135486 -0.021795227399795336 0.001242046207064573 -0.0003196502291917359 0.9999991775721366 1.0525162639447379
0.9999978160896053 0.00033908703848568785 -0.0020622405292750846 0.04699560052268781 -0.00033864963274858676 0.999999920091202 0.00021244768266961837 -0.026246380125082736 0.002062312402739664 -0.00021174884170538504 0.999997851012682 1.1805958461482113
0.9999680852872299 -0.0071409857893982385 -0.0035825589942935564 -0.03182813111744931 0.007143207402240154 0.9999743023099058 0.0006077070252629514 0.011198752210565432 0.0035781273035711807 -0.0006332785923953561 0.9999933979598192 1.2752132644995156
0.9999954298556555 -0.001885304861230911 -0.0023634494671711157 0.021442137399627414 0.0018845193460384855 0.9999981683323742 -0.0003345425730267403 -0.0015294058452465231 0.0023640758528565764 0.0003300870778743161 0.9999971510898839 0.8250822009071808
0.9999932494681963 -0.0021595042738770257 -0.002972803277761034 0.01369567988112097 0.002159890673663212 0.999997659397586 0.00012677391715388124 -0.001818205617083568 0.0029725225507945363 -0.00013319399143639472 0.9999955731747244 0.9055566303078804
0.9999667909337954 -0.007520453857632041 -0.003140032379131296 0.01300370157748132 0.007524103911167385 0.999971029687868 0.0011522349228246926 0.010871430169362872 0.003131276081842708 -0.0011758225880834623 0.9999944062600249 1.1317246697516463
0.9999943980964328 -0.00030534547194466054 -0.003333247649992343 0.0356152379219048 0.0003054233548831998 0.9999999530970755 2.285647991961796e-05 -0.014506403834192327 0.0033332405145307217 -2.3874403560129547e-05 0.9999944444534099 1.1904437629721771
0.9999925125645385 -0.0011642131633270193 -0.0036904501855422986 0.020018112769546015 0.0011649488074620194 0.9999993020041772 0.00019719390191289226 -0.004062743388540069 0.0036902180338871126 -0.00020149161097898275 0.9999931708226778 1.1022672805177463
0.9999871282964564 -0.002412364325655245 -0.004463601658632842 -0.03413687187544179 0.0024110467689247134 0.999997048261618 -0.0003005354070529047 0.01688543357212191 0.004464313484143078 0.0002897695862928075 0.9999899929192806 0.9271752579770709
0.9999941545802123 0.0008032189776883903 -0.0033234988613837866 0.14155651380723766 -0.0008057305881629713 0.9999993908069184 -0.0007544428510669331 -0.033494103264732455 0.0033228908539157304 0.0007571162857239562 0.9999941925687892 1.2137151460794984
0.9999817413764014 -0.004639863357230991 -0.0038715089882156864 -0.08507338794622354 0.0046325045951001705 0.9999874504883407 -0.001907555243113172 0.033501813495345756 0.0038803111983430074 0.0018895856306024713 0.9999906862822018 0.40092176500996146
0.9999961743321166 -0.0008964946239268382 -0.002616795467909824 0.008610269927944447 0.0008952909868980173 0.9999994929197391 -0.00046110119607151856 -0.017778585864660967 0.002617207515727759 0.00045875663865483615 0.9999964698773521 0.7608700844341554
0.999979795288047 -0.006210451494732677 -0.001356210863808405 -0.0006882041560904995 0.006213237433715623 0.9999785763293453 0.0020597482679573656 0.0007070196807648088 0.001343389842083937 -0.0020681331114435035 0.9999969590599589 1.0286840377027238
0.9999774469186075 -0.0064003003528492995 -0.0020351436157028157 -0.03524231176106962 0.00640245927009629 0.999978946385067 0.0010560785511461858 -0.0016400058038888998 0.002028341548649185 -0.0010690846574286541 0.999997371440824 0.9103578413625364
0.9999974384724638 -0.0013778459185995284 -0.0017957141017764596 -0.03027385259943305 0.0013735569858667898 0.9999962066423786 -0.002387476085543012 0.015040690566216486 0.0017989968641707983 0.0023850034543084213 0.9999955376744464 0.45096287361671905
0.9999986112669278 0.001375751547327087 0.0009406231427512165 -0.051258849739229895 -0.0013727443114417645 0.9999939688464954 -0.0031902732938968695 -0.013610296236785557 -0.000945006493129303 0.0031889776283906494 0.9999944686769092 0.8546990615956398
0.999997540748057 0.0021862513233183107 0.0003725627323766079 -0.06743661755060515 -0.002185738976333765 0.9999966726810806 -0.0013700992278493362 0.004870497986596223 -0.00037555687399156665 0.0013692815335449814 0.9999989920120499 0.885208444600952
0.9999999014023442 6.556993918098988e-05 -0.0004391991413227399 -0.05707203725639598 -6.577291039841306e-05 0.9999998910498626 -0.000462140876662936 -0.008331470725673529 0.00043916879092283274 0.0004621697185024316 0.9999997967649421 0.8112148451214232
0.9999972092835429 -0.0020238687826602407 0.0012187617807241477 -0.03544124656298475 0.0020205600056374625 0.999994286584072 0.002710006730532 0.007173535608256731 -0.0012242395154541692 -0.002707536586361392 0.9999955852318764 0.5810587734394241
0.9999858739881409 -0.005266926515825132 0.0007150589144706153 -0.014288086126133415 0.005264843439752471 0.9999819805694663 0.0028844340729553947 -0.011087721999004874 -0.0007302381318181483 -0.002880628654170369 0.9999955843556646 1.1131108653308175
0.999994111054925 -0.003431718791706358 3.408233471472472e-05 -0.014616025186945159 0.003431668229819155 0.9999931502384878 0.001386769363202839 -0.013652934491825808 -3.884110374250446e-05 -0.0013866442373280893 0.9999990378541009 1.2084276877481255
0.999998544788477 -0.001560471750637993 -0.0006894554684419612 -0.023392481953542266 0.0015608316099260079 0.9999986458067402 0.0005217177100567905 -0.01642219419687929 0.0006886404090374027 -0.0005227930747357351 0.9999996262308243 1.1035524580243585
0.9999993219223662 0.0008071875639158521 0.0008394063650814227 0.007635557978496799 -0.0008075063858399235 0.9999996019379928 0.00037954880492114065 -5.863231147629211e-05 -0.0008390996638703706 -0.0003802263735576906 0.9999995756697397 1.212277453113905
0.9999983399177562 0.0017934111629662184 0.0003222392491631041 -0.024074550187936694 -0.0017933471734824158 0.9999983721994836 -0.0001987568932399423 0.0028284079834067777 -0.0003225951774528686 0.00019817867644009117 0.9999999283287798 1.2038322109778896
0.999997153197333 -0.0008233628163565945 0.0022395693569778777 0.011333588909993253 0.000827400202036695 0.9999980333396412 -0.0018024221922146822 0.0187594929105368 -0.002238080905093361 0.0018042700812133442 0.9999958677931311 1.2889138967947282
0.9999998384429045 0.00012993542197887586 -0.0005533813798226066 -0.049805248537342806 -0.000130264246132133 0.9999998149702568 -0.0005942143376226575 0.01845171018808356 0.0005533040679396098 0.0005942863274313321 0.9999996703391302 1.1648096418538803
0.9999962122579269 -0.0027468524161439792 -0.00017398736573463888 0.027055032504149423 0.002747021097291965 0.9999957498605884 0.000976798778605704 0.012129478467451382 0.0001713035041791155 -0.0009772730257086766 0.9999995077961509 1.2820182312967434
0.9999992993051089 -0.0004960741009426123 -0.001074848723758898 0.013441762101589205 0.0004963568401968946 0.9999998422831445 0.0002627994922205672 -0.00807380694233839 0.0010747181862154195 -0.0002633328165940259 0.9999993878181364 1.2546396854988915
0.9999906352410016 0.003048632449545503 0.0030716885398507526 0.005456856616632422 -0.003041895553855776 0.9999929632738717 -0.0021955122823607053 -0.0381250136587028 -0.003078360235206855 0.00218614796620502 0.9999928722022635 1.6377633274585968
0.9999995990019712 0.0008639811873345836 0.00023565314513893093 0.06136246654405397 -0.0008634258511673883 0.9999968739979264 -0.0023465911813657448 -0.003135814049964325 -0.00023767981912179234 0.0023463867713706356 0.9999972189848441 1.4387132878845517
0.9999961650486731 0.002681626708484493 -0.0006919292905887832 -0.010894152737402685 -0.0026824857831279753 0.9999956288081036 -0.001243637692173364 -0.008935960413088084 0.0006885912939819508 0.0012454890133679983 0.9999989872990613 1.4169153748442644
0.9999979157870514 0.00016259420261319812 -0.0020351866447151576 -0.0117565255984875 -0.0001611284318020932 0.9999997275611793 0.0007203576851079784 -0.003935710179960417 0.0020353032162348395 -0.0007200282572961328 0.9999976695473477 1.3465819648168846
0.9999958307037324 -0.0005853953513365056 -0.0028277000257217076 -0.05796195608335619 0.0005901772145740468 0.9999983968807563 0.0016905403787236338 0.005993084909977853 0.0028267058581023337 -0.0016922021744844803 0.9999945730781705 1.1986096472046253
0.9999997818082218 0.00039654841270785095 -0.0005283302616844013 0.012407487451928212 -0.0003954836345735089 0.9999978938026 0.0020139471341606703 -0.01975703608712065 0.0005291277764558781 -0.0020137377487620426 0.9999978324396888 1.4070954915055163
0.9999910562963358 -0.004042604652316526 -0.0012428495338098313 -0.012062642544327318 0.004044694965262515 0.9999904022749214 0.0016839835747864305 0.0028696461668973328 0.0012360299254477976 -0.001688995460988573 0.99999780975978 1.1041937451626502
0.9999862403207808 -0.004341115751894635 -0.002945145690579127 0.0014895250395863258 0.004341798646932958 0.9999905489185499 0.0002255173733485317 0.014402995582650568 0.0029441388587456655 -0.0002383014998759853 0.9999956376198726 1.1748201249828445
0.9999951464462371 0.0016183484651515548 -0.002662335857016984 -0.0007994488131020105 -0.001627668681555969 0.9999925421524934 -0.0035023326596600145 -0.030012888718109254 0.0026566480070380357 0.0035066490615945256 0.9999903227700387 1.2266281557089327
0.9999921061004272 0.0031509220568135413 -0.002420625337274157 0.008122451919462037 -0.0031607948999031574 0.999986658156495 -0.004085692671571728 -0.03357026731126178 0.0024077193425133853 0.004093311519744447 0.9999887237806083 1.3521291646508766
0.9999823022257603 0.005637764082376236 -0.0019002240448708796 -0.22116269038620873 -0.005640666799042124 0.9999829274382078 -0.0015256835117884973 -0.041494380016968035 0.0018915901594745257 0.001536375041266467 0.9999970307147927 1.469996252864133
0.999983162357955 0.0056925171187164085 -0.0011270534308883715 -0.012428828291971783 -0.005691806497229301 0.9999836013680075 0.0006327194209150383 -0.034606844648353396 0.0011306367148888894 -0.0006262937973718257 0.999999164708 1.3601464421461047
0.9999959414755585 0.0028340914411559906 0.00029147575549074383 -0.0002784715971282381 -0.00283472169451172 0.9999935948421976 0.002185092102341018 -0.03405859422090329 -0.00028528113771715297 -0.002185909486738478 0.9999975702042424 1.533330053118589
0.9999974547580559 -0.0022556109842719373 -5.192783167732537e-05 -0.016944124190269694 0.002255700103088328 0.9999958621063347 0.0017853815441066657 -0.002945110102302917 4.790049058352617e-05 -0.0017854941334940002 0.99999840485685 1.4890580645680613
0.999989151756512 -0.004638272340909265 -0.00042754997662379805 -0.024857379901535914 0.004638642833235991 0.9999888632734335 0.0008696676200277631 0.012010989022952168 0.0004235114598487718 -0.0008716414372961306 0.9999995304395133 1.3818159156990903
0.9999959723025102 -0.002826150727522453 -0.00026124858193822607 0.05209857676847296 0.0028263408923585244 0.9999957391275884 0.0007304271519647212 -0.013296789967705447 0.0002591831715645354 -0.0007311625875748149 0.9999996991126311 1.244585243535257
0.9999639305006973 -0.008428056767575225 -0.0010514545732255342 0.004485039996472651 0.008428486301703295 0.9999643977626413 0.00040475407655973236 0.02218389092259032 0.0010480058487559762 -0.0004136016477503606 0.999999365308508 1.2778607608118477
0.9999804181485784 -0.006244854837889119 -0.00040633415876262675 0.015259611395297856 0.006244856850879882 0.9999805006845537 3.6854547935274656e-06 0.014086165327008793 0.0004063032203944837 -6.222881280437223e-06 0.9999999174394809 0.9901608835783731
0.9999949025350812 -0.0031851075078235353 -0.00022359342081618662 0.00807183800005351 0.003185219220475792 0.999994801645844 0.000501058686992274 -0.00954911188659291 0.00022199633271252712 -0.0005017683269247843 0.9999998494730761 1.3014353165228734
0.9999950255496001 -0.0031345080295951152 0.0003517605252421611 0.0074886499066515455 0.003134155777093626 0.9999945909947333 0.000997521348311162 -0.025380715408659604 -0.00035488536124351014 -0.0009964139139080272 0.9999994406076899 1.3170606148891215
0.9999992894716642 -0.001174682236320174 -0.00020292316788635286 -0.014800904922958047 0.0011747352227363106 0.9999992758871359 0.0002611941087616753 -0.02825810644504345 0.00020261620086725433 -0.00026143230416880584 0.9999999452999113 1.3600680564778713
0.9999914458542951 0.004124705960922001 0.0003082514757876358 -0.0005917492315301587 -0.0041236083185888055 0.9999854409357682 -0.0034804842954569244 -0.04833899142320852 -0.0003226029622549493 0.0034791834145369537 0.9999938955864165 1.4637437902071875
0.9999880488082998 0.004851264408235062 0.0006061965126889364 -0.030189837861359425 -0.0048484067134141355 0.9999775282855834 -0.004629889436735472 -0.02369271202111012 -0.000628643708252416 0.004626895016797908 0.9999890982653717 1.4047244429467125
0.9999873449694645 0.0038944498837851296 0.0031848329664031427 -0.09931095930718037 -0.003894172351339748 0.9999924133260352 -9.333845665176242e-05 0.017159909998154754 -0.0031851723060552727 8.093498696957182e-05 0.9999949240505711 1.7299447278464675
0.9999959922860377 0.0022313446439279653 -0.0017425593081330463 -0.097765647619112 -0.0022268493401117347 0.999994199040917 0.0025774069389895606 -0.006674679725203969 0.001748300282786309 -0.002573516192433753 0.9999951602185522 1.298699023700787
0.9999984581616244 -0.001031415183851679 0.0014212167649649734 0.00817717718950628 0.0010285572466345423 0.9999974506310857 0.0020101744496862453 -0.004984349335443228 -0.0014232864662087324 -0.0020087095475190045 0.9999969696662031 1.224342670129702
0.9999976223223771 -0.0018295233802936063 -0.0011866734143553103 0.044404174556972986 0.0018299584409764763 0.9999982587782388 0.0003656399749771994 -0.014946656346018883 0.0011860024012106747 -0.0003678106686339595 0.999999229056511 1.1921950737080795
0.999991218035201 -0.0038460338218714316 -0.00166489528703634 0.010532863689779015 0.0038467685020389334 0.9999925051045148 0.00043829999948258585 -0.012850428663214175 0.001663197092197878 -0.0004447006170970932 0.9999985180072989 0.925924299833675
0.9999953896542877 -0.0020765014908443844 -0.0022155838344050777 0.001140971601636509 0.0020762043813378783 0.9999978353840246 -0.00013639145290293656 -0.009579342127856716 0.002215862255572216 0.0001317908192276338 0.9999975362897864 1.0537083744923155
0.9999984495512775 -0.0004532684505662137 -0.001701600056535155 0.010350883978730185 0.00045236758688000863 0.9999997573541202 -0.0005297690675175582 -0.015322583708808235 0.0017018397712532975 0.000528998497425704 0.9999984119497302 1.2599231124667178
0.999997641591739 0.0010812097659516357 -0.0018835595030651886 0.007715968115796001 -0.0010813258469159499 0.9999994135301742 -6.061122741414919e-05 -0.016641634184873078 0.001883492864963288 6.264782604286268e-05 0.9999982242633624 1.1651598054346453
0.9999979636826984 0.0011058509355229046 -0.0016881126045723703 0.0034503734924845597 -0.0011044901022261872 0.9999990645496503 0.0008068466029683988 -0.029855903565041197 0.0016890032774975817 -0.0008049804563097177 0.9999982496356652 1.3181987856495447
0.9999980077170892 -0.000490607808753532 -0.0019349071889159832 0.019906683736257258 0.0004901824604020694 0.9999998555952005 -0.00022029691654529092 -0.01371878520771519 0.0019350149888934572 0.00021934802008505242 0.9999981037999213 1.1052200272411912
0.9999888736266705 -0.0024681088071820422 -0.004020082310135146 0.12475220163489076 0.0024623576351613203 0.999995938873885 -0.0014349322687657754 0.005591062537551927 0.004023607553043871 0.0014250174228034494 0.9999908899123057 1.103478975524415
0.9999964202261825 -0.0003694286075468807 -0.002650105153209963 0.07237220126050548 0.0003704032593353059 0.999999863947102 0.00036729715769699976 -0.02013331625608472 0.002649969102577954 -0.0003682774504426866 0.999996421011333 0.9338153421838586
