1.000000e+00 1.197625e-11 1.704638e-10 -5.551115e-17 1.197625e-11 1.000000e+00 3.562503e-10 0.000000e+00 1.704638e-10 3.562503e-10 1.000000e+00 2.220446e-16
1.000001580733411 -0.00044873985678393007 -0.0003518494477136929 0.016028435890940076 0.0004493950662528944 1.000006827952474 0.0010810748280171215 -0.02201124013433207 0.0003513344865897122 -0.0010810473085885223 1.0000002103420331 1.3152640111177512
1.0000058969363474 -0.0010056567611324006 -6.64537652081718e-05 0.0010169855833129697 0.001006108861784361 1.0000173902726288 0.0002497234008002777 -0.020902703867497253 6.62161498376363e-05 -0.00024937947664520734 1.0000024879866662 1.3316477474062216
1.0000034581811894 -0.0009176953863755068 -0.0005289246866553671 -0.006572515331671561 0.0009175773306219112 1.0000071149536383 -0.00047400465145767224 -0.03535809292618169 0.0005288858628303242 0.0004737126010412478 1.0000019376985123 1.329342591123087
1.000005285575694 -0.0003260043837523781 0.0005069744235727164 0.007473683604040311 0.00032645758374754086 1.000017964327613 -1.6359754024045744e-05 -0.018567233619282534 -0.0005069149888929341 1.6933792817135122e-05 1.0000016258905151 1.32050617042556
0.9999999735011229 -0.0003333310753150222 -0.000522604628013615 0.0034651897343200813 0.0003337742070647538 1.0000067192209063 0.0005071009056801997 -0.015551354443110312 0.0005218607898062475 -0.0005072145172822782 1.0000006925031073 1.323266291961661
0.9999998576270756 -0.0010860386172102012 -8.71104330416762e-05 0.019832230121454082 0.0010860648098694223 0.9999960637605468 0.0011003766515709388 -0.03251158658758805 8.607083327465604e-05 -0.0011005755001274626 0.9999985896163103 1.333834241133659
1.0000097613089904 7.384239177901962e-05 -0.00018876756089308188 0.009967911809278486 -7.359894456838708e-05 1.0000148801412199 0.00032718235878257377 -0.020319066937931844 0.00019023486165326855 -0.0003266433566296423 0.999998000371324 1.3239158530423685
1.000006140366655 0.0009503851353034027 -0.0006772410347146567 -0.00565474856873649 -0.0009510728353722651 1.000009106521204 -0.0012187035343992876 -0.031967865953570686 0.0006760714236277468 0.0012196982690425107 1.0000011070985002 1.3565626862066635
1.000004729713682 0.002396884381694735 0.0004066459981768332 9.125696445890983e-05 -0.0023957448550796516 1.0000152869219572 -0.001963906298799976 -0.02303059023711443 -0.00041044162346635243 0.001963413608349589 0.9999988712910621 1.3475469477794182
1.0000025756790263 0.0029416795570063664 -0.0001442485196483921 -0.013882689297604738 -0.0029412749527738744 1.0000265991025605 -0.0009652361851614595 -0.026368199945229414 0.00014059163129795653 0.000966267905024486 1.0000039181307325 1.3687155832787448
1.0000036122257463 0.0022077729238900883 3.582518364126361e-05 -0.0004140859932256755 -0.0022075092280255683 1.0000173215977677 -0.00014500783821296353 -0.022125789215310523 -3.568757087072529e-05 0.00014529585504829284 1.0000033901904382 1.3568652085237158
1.0000055613457903 0.00040590432416414335 0.000517931750024837 -0.005109950007647101 -0.0004059866565448154 1.0000222562342276 0.0007533009627106153 -0.021688660310520944 -0.0005179972695167737 -0.0007531774240790982 1.0000027059241552 1.3462904763219194
1.000004636781314 -0.0020636519121244997 -0.00021915237059905981 0.02496358877135665 0.002064426042629673 1.0000228901752723 0.00211422720746372 -0.025845497395994857 0.00021447112660455853 -0.0021142406409688417 1.000000715945373 1.3754047062601755
0.999997012570051 -0.004005806722048202 0.0004996588259541686 -0.015839757113740353 0.004005179883356379 1.0000150690470433 0.0019303419962476461 -0.02914116287234385 -0.0005079125054777547 -0.0019279226307835824 1.0000010299720774 1.392977809158715
1.000004137190288 -0.002165600774121812 -0.0008759017815385842 -0.010500931558795572 0.002164379628415004 1.000016157534605 -0.0016152492941359563 -0.03638342233348296 0.0008823179231538454 0.0016137321744351771 0.9999989433401626 1.3672261847095435
1.0000082189366748 -0.0006761615030380558 0.00038276367200659007 -0.00785412175151347 0.0006774637944990815 1.0000327360115349 -0.0022895515435226036 -0.019198036784000783 -0.0003801826973531304 0.0022902798399704904 1.0000003494510432 1.377673016553027
1.0000038681205086 0.0018939857994042005 7.519048248999185e-05 -0.01816348456120751 -0.0018936257989070437 1.000019831044728 -0.0008272251633352054 -0.043177697657472834 -7.61880081227312e-05 0.0008273413360608675 1.0000002774006127 1.3901890982505047
1.0000016655103532 0.0021054661873035753 0.0006800447116062678 -0.01699694997830096 -0.0021058694703122095 1.0000170178941767 0.0008892352697838947 0.002547340661633085 -0.0006761455837055399 -0.0008904459983409294 1.000001820237013 1.395136412900505
1.0000044321912585 -0.0004599603779189779 0.0009783386756968074 -0.02189234043937853 0.00045646481703178637 1.0000175167697039 0.0038804232727367933 -0.018241984487812793 -0.0009810240320287295 -0.0038796751444953943 0.9999942560093007 1.412880419873469
1.0000015945458016 -0.0017154286206556809 -0.00011656355978111507 -0.012687487019685858 0.0017156287382626928 1.0000076208347854 0.0008668668995575679 -0.022109853798256175 0.00011478113107300657 -0.0008668818908338025 0.9999992090081221 1.4155468328864946
0.9999998733412022 -0.0031538697024125315 0.00018774894631862823 0.0013891679619781336 0.0031542151930241194 1.0000204736823444 -0.0005027153903883517 -0.052727726204364694 -0.00018593586102998963 0.0005036629797226384 1.0000009547832114 1.4020248044677444
1.0000077349039649 -0.0004985568960123087 -0.0004632691648460664 -0.014081313107716022 0.0004977070819687495 1.0000212358975447 -0.0024129334423498043 -0.005114747582978922 0.00046517141891043223 0.0024131235234129823 0.9999987443568191 1.4031964521907865
1.0000035287592255 -0.000165562709573591 0.0009755739415704849 -0.0025280303427723232 0.0001672674538987498 1.0000248593456875 -0.00141939876613119 -0.04771266486146786 -0.000975287613168641 0.0014199058322003095 1.0000003799531518 1.418168562708355
0.9999978311443275 0.002655929366493841 0.00026879425237445905 -0.009170074907323588 -0.0026554612199549197 1.0000072043705759 -0.0012235371037642706 -0.002491349130142135 -0.00027216774183248614 0.001222969825833134 1.000000016171135 1.404514496828879
1.0000049097373602 0.0009658489189583783 0.0005280080432700799 -0.01810945619619957 -0.0009649610165504478 1.0000188075374226 -0.001248370692581318 -0.038700415097417507 -0.0005294111621712863 0.001248108679588348 1.000002796828852 1.4210929177937175
1.0000058846095539 0.0003079134704001535 0.0002936514981907053 -0.009830101008190173 -0.00030770979869554447 1.000025936524205 7.980591090547227e-05 -0.015107953310345907 -0.0002935964366306172 -7.965730023736187e-05 1.0000032544407025 1.4190451229418042
1.0000046455359293 -0.0009382826899843704 -0.00037773503276823596 -0.010723974201732902 0.000938987410870346 1.0000207483498997 0.0012699873908359593 -0.02687930667216225 0.00037656323762149025 -0.0012700876305804273 1.0000015091891556 1.3973471702511262
1.0000042726504648 0.0010169903455212173 0.00024890627792743196 -0.005205341356196196 -0.001017064367717545 1.0000226167204158 0.0012795042362489387 -0.02075495787252156 -0.000247741420528976 -0.0012794048614554795 1.0000015397254451 1.39654160239675
1.0000020986947415 0.0022582101443080127 -0.00022089364561038 -0.01524985471423163 -0.0022580351587365563 1.0000255704452052 0.00020639936059396394 -0.024068194382122543 0.00022174736768841759 -0.00020542439786713695 1.0000044915047004 1.3872311938617659
1.0000037030578957 0.0018425759774422256 0.000396218568929051 -0.006454260524219295 -0.0018425008432877597 1.0000185183502952 -5.2978985197552696e-05 -0.02709774660974251 -0.00039672461398955987 5.258078587122823e-05 1.0000015002572569 1.411627639093811
1.00000284668983 0.0012532298047828992 0.00029510717769458866 -0.011006761572159953 -0.0012533526869249367 1.0000200191646529 0.0004032265871839902 -0.01701597083138839 -0.0002943080004590275 -0.00040324679455408193 1.0000014579014123 1.4252173267180142
1.0000031436415053 0.0009979157123550203 -0.00015598228141312792 -0.01267973404976724 -0.0009978821258913686 1.0000132200975491 0.00026562552357843746 -0.025764971285603015 0.00015592203855468163 -0.0002651965977012438 1.000000437801208 1.385136724299518
1.0000036180291827 -0.001709064288604495 0.0009703821733416058 0.03220511536238759 0.001708428558879786 1.0000192522600135 0.0006736219795516654 -0.007183627271956954 -0.0009716224360255578 -0.000671499486919097 1.0000012229138358 0.8953146210831482
1.0000031231391944 -0.0005135786950495986 0.001445408551543249 0.007122180219363391 0.0005136967697183222 1.0000153549304933 -2.9421057561528344e-05 -0.0215245168107736 -0.001445694194209518 3.0465220919093383e-05 1.0000008473324922 1.0286299936880532
1.0000059024924817 -0.0002946548830278211 -0.0004232387063836481 -0.016371188356569182 0.0002949081251651435 1.0000217734793293 0.00044075300022142883 -0.02848688343328449 0.00042297769046786485 -0.0004404351851383995 1.000003309699303 1.4454260023955143
1.0000050591635221 8.026522191965045e-05 -0.0010747528537282764 -0.024808516205606396 -7.942938108249502e-05 1.0000221025517 0.0006851771527096408 -0.021224347183861243 0.0010746378832315116 -0.0006846732660357937 1.0000017411051754 1.4135489031797415
1.0000073306177557 -0.00027670120767253116 0.00031217220885540323 -0.02068811909898062 0.0002765491904724008 1.0000255349676903 0.000885309649609488 0.00015471900010230477 -0.00031328557599689624 -0.0008846392711647377 1.0000022910399375 0.5121126948614396
1.0000051843516324 -0.00029347808529713926 0.0008435044635625933 -0.009406183061411498 0.00029273069880917995 1.000015565778163 0.000969669065345734 -0.012095297870915444 -0.0008446161238615298 -0.0009690197295185727 1.0000014176871421 0.9080498253912779
1.0000052484100903 -0.00024550401277018016 -0.0009602944384186991 -0.021010773560901006 0.0002463166704905686 1.0000189882404873 0.0007961684199801991 -0.020004355824992496 0.0009597312730545202 -0.0007960069892604171 1.0000006537586534 1.4007629205196384
1.00000579315416 -0.0012680215541265181 -0.000294476271592747 -0.008851813447977502 0.0012682244490297113 1.0000216479144886 0.0005525014573313405 -0.02989944413309919 0.00029374627224996807 -0.0005523626364358681 1.0000028655471365 1.4514290678251853
1.0000034656614258 -0.0016049143449004 -0.00048723902477871997 -0.010930579094315229 0.0016048346224068384 1.0000163239734736 -0.00025437559566140094 -0.027765597315092976 0.00048795024714874224 0.00025396220626583275 1.0000015031166751 1.4149917982439475
1.0000005293998975 -0.002593898210839591 -0.000588686579966017 0.05186917136722243 0.0025940049495113584 1.0000063706129902 5.954383829283972e-05 -0.0004944345733616529 0.0005882517157108278 -6.081369864127501e-05 1.0000011406001679 0.44343190018366274
1.0000018677795637 -0.0009216301524886168 0.0010100182681851853 -0.0067600588876878245 0.0009214469239530508 1.000011638975513 0.00034768790333310396 -0.02679676408616842 -0.001010181820051364 -0.0003464732148646066 1.000000859799114 1.3402228461906087
1.000004406228271 -0.0011335068817818561 0.0002464909032163579 -0.014231644234702146 0.0011336428064211883 1.0000165057222083 0.00044718007835870184 -0.02371945990825178 -0.00024683224381663143 -0.0004465295650279142 1.0000022654393326 1.4169662188772165
1.0000034693052653 -0.0015522888874917554 0.0007317958526580605 -0.002913473260055292 0.001552194945524701 1.000021888136322 0.0005757762460194608 -0.027869845863795876 -0.0007324944387221314 -0.0005741677481379167 1.0000038722578701 1.4581274636761665
1.0000008179213524 -0.0015973930847847948 0.0006546773326304722 -0.01231798972806755 0.001597751469209653 1.0000045945895675 -0.00038059145399264415 -0.028204830109441872 -0.000654457246061628 0.00038181200451902663 1.0000009322050656 1.377945989974815
1.0000032970347792 -0.00143866695696682 -0.00019533298562315259 -0.005294069910050265 0.0014387794545245656 1.000006051596798 -2.7385171414646992e-05 0.003678714655252235 0.00019402133118691042 2.742373121300831e-05 0.9999993909357433 0.019001888116176372
1.0000033392252226 -0.0005227291667547417 -9.387801728138966e-05 -0.00122972904776229 0.0005228210746296942 1.0000039167810113 0.00022700292020384516 -0.001532482269832326 9.259077365029734e-05 -0.00022685483112633162 0.9999995599669216 0.23206449057039427
1.0000052227062053 0.0009338249602541956 -8.434546101682632e-05 -0.017055713764471243 -0.0009336197359165498 1.0000149283431108 0.0004427948687730375 0.0008587337110571978 8.458380272202172e-05 -0.00044232394424623285 1.0000022502251338 0.11561124448963142
1.0000017205134084 0.0019507018708183976 0.0010166350087361146 -0.019229268673828705 -0.0019516017469964671 1.0000130459086063 0.0009364041970481429 -0.029698230799265736 -0.0010140102376017322 -0.0009380498171876428 1.000001668089154 1.4212622696851511
1.000000532416267 0.0024818737344974176 0.0005926324050725887 -0.020471427008830305 -0.00248237071405426 1.000009138925044 0.0009069281800905777 -0.026282786121516882 -0.0005907198566256221 -0.000908075255629021 0.9999986190402292 1.4012681360386972
0.9999997672085507 0.002668418067523336 0.001221264086934894 -0.02261219091327202 -0.002669106823502005 1.0000092220890868 0.0005919494920507823 -0.02888808681759365 -0.001219801218967352 -0.0005948644458056646 0.999998677804065 1.3303125982508488
0.9999962471761029 0.0038141533864051867 0.0006376712898912367 -0.013802918455652038 -0.0038139549074441875 1.0000003940451256 -0.00032681526847546386 -0.0222158593248938 -0.0006391988994596458 0.0003245606120945618 0.9999986291370725 1.2051072739244406
0.9999992416011498 0.0025424006813572694 0.0013975422532211432 -0.03586257288797972 -0.002542253680022821 1.000008642159796 -0.0001162205831621403 0.009147408010220933 -0.0013981246078834178 0.0001130562203454739 0.9999975020463491 0.13138025818141652
1.000001302466371 0.00033151964575135084 0.0011779938023955706 -0.026852899483108077 -0.0003315893032227806 1.0000254181579693 0.000188018518594416 0.011721237080829384 -0.0011778297538684926 -0.0001877396477488006 1.0000014249712397 0.14901004850018323
1.0000052182975754 -0.00015801848848715516 0.0004924888847566733 -0.014909249522643414 0.00015773813364487608 1.00002128003715 0.0007960835637686598 0.010305832304057948 -0.0004927432630911268 -0.0007953582777010674 1.0000017974832407 0.27840174363584724
1.000002240038467 -0.0019009629811118475 -0.0005266944059666953 0.0036633783226085706 0.0019012558625002844 1.0000118064690002 0.0002741060231208338 0.007090004042969078 0.000526055098849963 -0.00027468501741475626 1.000000086399026 0.24179451486643516
1.0000094167770228 0.0001308432003460378 -6.283546664191312e-05 -0.0068473852737310145 -0.00013056726455287543 1.000027423957597 -0.0003694461671830845 0.015346336891268336 6.278817670940492e-05 0.0003703541225856137 1.0000061424590054 -0.12910389827888538
1.0000042001051195 -0.0010309426479375528 -0.0005651434642913248 -0.005363529073390339 0.0010316036569433418 1.0000224522170094 0.00037541352876100997 0.008227172547030311 0.0005646737834637597 -0.0003751930776922774 1.0000022620461253 0.08895789052241933
1.000002953337029 -0.0008959524399374797 -0.0003731635463603032 -0.009605647435573211 0.0008966758220068355 1.000017182441363 0.0006061591316138665 0.01060325732952932 0.00037264127293257606 -0.0006058044338277618 1.0000036116911544 0.28866908337503366
1.0000027608883224 0.00014257064094912362 -0.0008144048310414231 -0.008325010340291358 -0.00014194540681420855 1.0000182784896923 0.00022866565767571024 0.010139526905476731 0.0008145251972123157 -0.0002279391225498222 1.0000064975694551 0.06946876254460911
1.0000010014247056 -0.0005260782247377793 -0.0010167999380913098 -0.01219828164198407 0.0005269377761775512 0.9999983957782845 0.0009602728859865254 0.009626020090126064 0.00101619843073341 -0.0009607354294383054 0.9999981118462828 0.3081920318903685
1.0000061034123875 -0.0004608644853746397 -0.00147756594426549 -0.011508758067075138 0.0004621408319137463 1.0000169851139669 0.0006087279638107637 -0.024322284971764144 0.0014770271995732864 -0.0006088694269805664 1.0000004635961797 1.2186203159064184
1.0000008828794709 -0.0012209851204181706 -0.0013763989160934837 -0.01472663649367487 0.001222808213021357 1.0000172848282898 0.0009039264562942352 -0.028571449134785997 0.001375095665158637 -0.0009050244509169258 0.9999992230125702 1.3603774284448897
1.000004151095475 -0.001166963766484822 -0.0011700588431146884 -0.005296622089276406 0.0011675792890947128 1.0000084904444444 0.0003354020810328125 -0.022403452618111913 0.0011695795278617966 -0.00033644183863838675 0.999999340769126 1.3073526102696866
1.000003813180487 -0.001380862734874672 -0.001078919051980151 -0.019786788698372425 0.0013821726399633027 1.0000188824717517 0.0007825317955171716 0.011461187170681567 0.001077816590023955 -0.0007833166527626344 1.000002303824158 0.240964379725034
0.99999726991519 -0.00225972575751377 -0.0011389889356927339 -0.01045194177486783 0.0022600663497628517 1.0000030322930185 0.00013974469713623445 0.025297041483060098 0.001138654858232663 -0.00014211905303287072 1.0000013799195058 0.11469991930492836
1.0000002688797165 -0.000719515157536851 -0.000623537401637499 -0.012186201877278285 0.0007193071163764182 0.9999935594790451 0.00010337048645449307 0.02301179253000105 0.0006234591420664061 -0.00010396796395581315 0.9999972234166419 0.01482332266369552
1.0000030286086512 0.000739468105936233 -0.0004890204461288739 -0.016056570345113385 -0.0007387877618656684 1.0000244321218208 0.00017458472246259467 0.024360322245609394 0.0004889412143652708 -0.0001736169910817511 1.000008614419539 0.016969398256220427
1.000003391382994 0.0006802789249031019 -0.0005737960659878704 -0.00340169163276054 -0.0006801716979797207 1.0000170609089187 -0.0002808554660534153 0.012335198495820184 0.0005735730302713842 0.0002816935091306854 1.0000011184584066 -0.047563542155407174
1.0000026731953386 0.000426918119154254 -0.00022177669416262162 -0.02016856071936035 -0.00042683025540339386 1.0000089979133653 -0.00015349604298640185 0.021358351057436793 0.0002215815541531034 0.00015390589007434495 0.9999954648559237 -0.04079827620319309
1.000007926611167 0.0003350154018959476 -0.00011645656963368743 -0.013110396878110194 -0.0003347288227584852 1.000020787177399 0.0005860303111420788 0.01115356346622002 0.00011654102311800822 -0.000585385466644783 0.9999992504350907 0.3159048126202678
1.0000075824656895 0.0003804450215398456 -0.0003354589801856576 -0.016561128530720382 -0.00037996351643058426 1.0000252852785572 0.0011521082196615535 -0.030005667094416554 0.0003356308437177518 -0.0011513231667900131 1.000000114374319 1.362125720426142
1.000004122133344 -0.0006303775223324738 -0.00019311131515950864 -0.02233305261661135 0.0006305434075872489 1.000015624582613 0.0007844246891886867 -0.024119870958204167 0.00019256824421089804 -0.0007841196304595288 1.0000011746182338 1.3288881715438459
1.0000065928255568 -0.003161012098164243 -0.0008494084056914039 0.005743284968497521 0.0031604366510546186 1.0000412346807097 -0.000336729783570048 0.010877929256575897 0.0008504571131318483 0.00033541413007495913 1.0000077170120385 0.0324087719096996
0.9999948460138657 -0.003586859601785604 -0.0008841237460692582 0.016288854446909144 0.0035856885474636634 1.0000029459479112 -0.001214787893760219 0.02886169271431898 0.0008882544761481923 0.001211915828460059 0.9999975865923483 -0.12437719942199074
1.0000038970594902 -0.0038714290678839277 -0.0007730845169666232 -0.012305379204138203 0.0038707338320904945 1.0000235703438736 -0.00030206229366965985 0.01983548388031925 0.0007743745612108881 0.00029991233648440246 1.0000045990991624 -0.03442991807925904
1.0000009599223072 -0.00268783798401401 -0.0005532865989479447 -0.008292402921416203 0.0026880875428997113 1.0000117112337705 0.0008475566118792381 -0.03198411136758469 0.0005509414143240623 -0.0008486035535867969 1.000000590573994 1.3447879952453963
0.9999981453544938 -0.0032935990419232296 0.00039554979889357 -0.023514623879619348 0.0032929423149330914 1.0000012264746982 0.001386045707125927 -0.02602611054660042 -0.00040009838024358693 -0.001384511658476478 0.9999996206579542 1.3463374774296932
1.0000055734134226 -0.001626434926741414 0.00012923933066915196 -0.0034415088984039817 0.001626165542935893 1.0000137301231766 0.0005934727298461799 -0.03473568601026093 -0.00013002825035255566 -0.000592742249124835 0.9999991096039599 1.3458984365872655
1.0000042917531229 -0.0005300656906262146 -0.0005261874519287537 0.021172493100372017 0.0005293466978699831 1.0000214681560615 -0.0005763558741209802 0.014690732237608877 0.0005265511519074853 0.0005768713225630035 1.0000018594523443 0.045380395531170264
1.000004124804785 0.0016763693882914724 5.182162384072343e-05 -0.00810159572551336 -0.0016764026495163429 1.0000099751015887 -0.0019123241536882767 -0.01686936081595535 -5.489793132703381e-05 0.001912649696772021 0.9999986111554106 1.1827673790392128
1.0000053659471506 0.0021810591549466973 0.0007167726278945803 -0.014594105970451101 -0.002180084056496332 1.0000169663474159 -0.0016583455893815157 -0.03290386435745689 -0.0007202782433963125 0.0016573672699787003 1.0000010890617277 1.3491578624963256
0.999998798836799 0.0026137315322498794 0.0013476324473923648 -0.018020505196496173 -0.002613640013009039 1.000018523446601 -0.0002425662335405521 -0.019071432733609797 -0.0013483581382632303 0.00023951713574135177 1.00000152444185 1.3267844447716914
1.0000033727814375 0.0009898042941318714 0.0009673651304143018 -0.021521380389624693 -0.0009915843115934956 1.0000149550027495 0.0016776169585896153 -0.02351344523637759 -0.0009656923305165106 -0.0016781603021412245 0.9999990168276106 1.362480997140633
1.000005305892263 -0.0004931604484277607 0.0005368568064866377 -0.0077563434082722526 0.0004918444719518157 1.0000204242265112 0.0019360171041458128 -0.02308609670149109 -0.0005379043649097232 -0.0019352272781647318 1.0000022543690397 1.3102371935098256
1.0000037287690173 -0.000259562095206803 0.00033621344354935146 -0.00792542433889124 0.000259209942620359 1.0000161499721028 0.0006730526004123087 -0.02663082855671457 -0.0003362915236727417 -0.0006725449282223927 1.0000003713411818 1.352250279226716
1.000002038645192 -0.0002637078960048701 0.0006114053521418945 0.008791056233258635 0.0002636424019912803 1.0000124438191857 2.0204825142696407e-05 0.015368078560465308 -0.0006113207671009193 -1.971729144730886e-05 1.0000006822375471 0.09127675369037398
1.0000019953357266 0.00015479193879503017 0.000669776498019323 0.004771778333529234 -0.00015488326542088904 1.0000117971495122 0.00020596660870896417 0.014671177022458355 -0.0006696119861755592 -0.00020576307367202703 1.00000032591872 0.23600794753703822
1.0000035967683307 0.0012481000594607764 0.0004823579547099799 0.015912896202800588 -0.0012482639178447586 1.000013136610272 0.00039162848314700053 0.013834776922764275 -0.0004817257353671676 -0.00039187241992585275 1.0000000254742702 0.2590560515069848
1.0000082010480256 -0.0005283570931261573 0.0009009249894599956 0.014677056454811288 0.0005283960320435628 1.0000298174077662 3.529917342418225e-05 0.020592406287135056 -0.0009008227803592372 -3.412626078298971e-05 1.0000030597613256 -0.02269106561951212
1.000004359521193 -0.0003783621924807497 0.0010327077702899608 0.023302563202161206 0.0003784720362083596 1.0000117450679966 -0.00013322680712108174 0.024388177630706546 -0.001032399037095764 0.00013387762722390567 0.9999981441393995 -0.0024546448571104574
0.9999954204497329 -0.0029454105250475444 0.0006505256756336001 0.021899518219082433 0.0029452055625970976 1.0000049268805382 0.00034741770960071454 0.018305886639340123 -0.0006514786309719587 -0.00034529626781691576 0.9999989791616412 0.046671729192735406
1.0000050757400591 -0.0001750783445491758 0.0008262426206230647 -0.006462724594148256 0.000174546027416976 1.0000226888175854 0.000823083870873944 -0.022829676339270688 -0.0008262327295733476 -0.0008224009547234597 1.0000023512871332 1.3300809996899592
1.000003922896315 -0.0012434123058318236 0.0003511896910004126 -0.006558822645371967 0.0012432469022857907 1.0000163713436212 0.0007251982738459495 -0.0221116867463839 -0.0003519284885798008 -0.0007242852046714861 1.0000019606970079 1.3438185787369472
1.0000032090380067 -0.00028905496483556806 -5.8424375415483946e-05 -0.0015633587309990028 0.00028927761237961447 1.0000207708534525 0.0002889917900950532 -0.024808444059348605 5.837974949440383e-05 -0.0002884796164694227 1.0000016781106897 1.2151582242812835
1.0000048667034829 -0.0018814600321102062 -0.000158358991088012 0.027363607883834903 0.0018817459217563446 1.0000194531402598 0.0006352730693451986 0.009702156125875331 0.00015742017030224403 -0.0006350030857237214 0.9999991893216135 0.22473558452441306
1.0000027688381852 -0.0015962123432262652 -0.0007704969927541297 -0.008674497562507448 0.001596784113661978 1.0000137124340496 0.0005365364161219482 -0.022798430231145174 0.0007697890947587809 -0.0005373406933325721 0.9999993658946863 1.239438815098009
1.0000001241174181 -0.0019520623829624158 -0.00036593152415013617 0.01852269910787061 0.0019522186362778751 1.000011078370993 0.0001284149283513628 0.01579191030649476 0.0003658037227882133 -0.00012875083548279068 0.9999976159021766 0.17176476050008152
1.0000065248273304 -0.0019414959527266327 -0.0011696971074757043 0.02478994730738198 0.0019418448673756382 1.000019764076535 0.00019629978111017834 0.01643703226362936 0.0011694120666487912 -0.00019800793592417108 1.0000003286179964 0.07344082134972613
1.000004707941422 -0.0019383552327750112 -0.0015053238336977988 -0.007916615670308654 0.0019397060502797648 1.0000202643033314 0.0007200681804160229 -0.02303808210864212 0.0015040303993058923 -0.0007223728776787594 1.0000008813205117 1.2994284127527278
1.000005553678153 -0.0016521337045700237 -0.0012622199246201831 0.01479568752626918 0.001652785757736795 1.0000163144485337 0.0003699237833951885 0.009405061332652523 0.0012616872185758777 -0.0003714048098328453 0.9999993860658398 0.39429141842763016
1.0000050552761317 -0.0017852547628849364 -0.0018069092518101077 0.019544124555000552 0.001786034226926556 1.0000160173193169 0.00032608784955513595 0.018311520535957956 0.001806376870025142 -0.0003287688345370253 0.9999993113551183 0.31079638388526304
1.0000076451001014 -0.0014293999259184884 -0.0012973415290863247 0.015191085078405506 0.0014298024263834132 1.000024023410243 0.00010855102904619641 0.016233504125512725 0.0012973833246033293 -0.00010966476654910967 0.9999986963688484 -0.028727117799441277
1.000003452271999 -0.001940811765532678 -0.0013313325262223434 0.02278409485481882 0.0019403489761370518 1.0000092382465542 -0.0004114148260188095 0.022645256911912964 0.0013321620657790792 0.0004090950314662952 1.0000009377686787 0.026270534824845905
0.9999964637672463 -0.003122399751673963 -0.0011197192457395395 0.03408627609870214 0.0031211003283657364 1.0000080454602658 -0.0013346067583092298 0.02158637408700861 0.0011239235109114939 0.001331420001966621 0.9999981822475998 -0.1647767142775841
0.9999953099090131 -0.0037981797432111854 -0.00104635546047389 0.03534912024945166 0.0037981868194354286 1.0000097887024195 -0.00020422772753041964 -0.011535468865838042 0.0010471298944852215 0.00020057076991985146 1.0000000571624872 0.40417182644645405
0.9999842434658855 -0.006604073228936348 -0.0009516444014156612 0.007146710434034413 0.006606081348061024 1.0000029301401792 0.0020641700281519696 -0.02446400214736244 0.0009380800816719026 -0.002069985792502378 1.0000008232747648 1.352778800805025
0.9999825461176274 -0.006783811662412402 -0.0016924155198430532 0.01049690272559569 0.00678650121610646 0.9999986856470351 0.0014788451101483246 -0.027869672320753325 0.0016824491767465813 -0.0014898498965267841 1.0000003212351056 1.1490851383307819
1.0000055779776342 -0.0017795044732541296 -0.0009881800366213077 0.0019845454016240685 0.0017769673591705867 1.0000211251418711 -0.002529135751979184 -0.04134049843258704 0.000992725742686894 0.002527832629136637 0.9999993304706173 1.3229783674596884
1.0000081069290827 0.0012111705521089871 0.0005318978088617056 -0.0015910432814522358 -0.0012096833212274167 1.0000248537294636 -0.002969911549697019 -0.037263135008969495 -0.000535432389835601 0.0029697362357480935 0.9999994261046711 1.3464252450089276
1.0000078322483503 0.00035355935010839224 0.0005874907985427795 -0.00233096580136873 -0.00035251160976400243 1.0000235449583732 -0.0016263681336443027 0.027195780929705437 -0.0005880589646013401 0.0016265239976328326 1.0000026401019269 -0.13040741249250498
1.0000043401500218 -0.0013887262942149773 0.0004074330340275394 0.01497178058640982 0.0013887327886226743 1.0000209619186833 0.0004989486671028307 0.0024104504185382234 -0.0004078766672911404 -0.0004980660554216645 0.9999988546621839 0.06681873227980527
1.0000018843935894 -0.0027671076568626754 0.0007294259834395928 -0.006001542462981701 0.0027650808287566797 1.0000162389564091 0.0025692527663866275 -0.023436384147324844 -0.0007364908837134509 -0.0025669636533416943 1.0000021023654253 1.366697862601871
0.9999873690685894 -0.005655154264121032 0.0005976491837506043 0.00556185134012979 0.005653244336643732 0.9999983842160097 0.0029115963684399004 -0.02827080244337475 -0.0006140939978312513 -0.002907853631186144 0.9999977327742157 1.3350429130410575
1.0000010278016909 -0.0027844578637345753 0.00017186907110592877 0.005387275995475057 0.002784225797135072 1.0000110477721487 0.001069291983904946 -0.025165738583909796 -0.00017484010039665388 -0.0010684614296771178 1.000001046738564 1.3201824767075772
0.9999996425848096 -0.002912850080672418 -0.0007533014192476811 -0.006021443850386597 0.0029132042518481395 1.0000133133318823 0.00039908801701541504 0.014164737940403072 0.0007521725337009666 -0.0004007824922358523 0.9999967375531044 0.23513614315911158
1.0000053661275976 0.0004384473768691903 0.0009473569020942063 -0.01440072295068063 -0.0004388867762904458 1.0000178879518693 0.0004792083286964705 -0.013131792185456246 -0.000947016309538164 -0.0004791947439356496 0.9999990214525589 1.2811984186577015
1.0000058311683855 0.0012153290206959346 0.0002646201379696792 0.009474321340000095 -0.0012150417588453679 1.0000163279053593 -9.361561902888337e-05 0.0274466488502157 -0.0002646982511522872 9.372538799339315e-05 1.00000410128977 0.08047019669227612
1.000003516419135 0.0002840040508027865 0.0002643170227563456 -0.002587655457056215 -0.00028341130842721645 1.0000196823683238 -0.000966533048574362 0.030987207014814763 -0.0002644888200256406 0.0009669406121291014 0.9999998477825108 0.09004556394305648
1.000002147183782 0.0018308703010719244 0.0006900750236065976 -0.011633926228284963 -0.001830048421224983 1.000019778522136 -0.0005335776714766316 -0.02365298110893645 -0.0006911455714409979 0.0005327753553918801 1.000003277085396 1.2232233326798916
1.0000025513869801 0.0007382487227369062 0.0001791764465993993 -0.010228492655674692 -0.0007380940002011724 1.0000136537165591 0.0008260348384758267 -0.019126176342574224 -0.00017845021039373602 -0.0008257725367941117 1.0000003935486073 1.327517919087772
1.0000008369352185 0.0016652904373528337 -0.0015457610629203038 -0.0035659512943323275 -0.001664096212730373 1.0000049544088383 0.0006552525183268974 -0.012679116914535488 0.0015471623029758954 -0.0006524867946152157 0.9999971971866457 0.5815954476944952
1.0000031412115618 0.00205982042896079 -0.001390798924041205 0.016005425469037066 -0.0020616532713311378 1.0000049065193546 -0.001483286056978033 0.00739225887197452 0.001388029130167993 0.0014863928931728798 0.9999983726497553 -0.20338508462063298
0.9999967995929193 0.0035742524019321095 -0.0004970463386496557 -0.01191018179452242 -0.003575230074470489 1.0000041095698895 -0.002572669959573168 -0.031077410397641312 0.0004879367397383471 0.0025747159815866574 0.9999969795337982 1.3404398326949418
0.9999953789847611 0.00453889997323045 -0.0003480964248451057 -0.017944256813849438 -0.004538819058399466 1.0000144039763912 -0.0008567376088221831 -0.023329831598482585 0.0003442105292986688 0.000858743271040012 1.0000046284389918 1.3528744810400466
1.0000015625080596 0.0020512330415537604 0.00013950244987173473 -0.026272504168542814 -0.002051210605218126 1.000015269418762 0.0007965490299367736 -0.014260977068043591 -0.00013778006581808517 -0.0007965258438467427 0.9999988489816944 1.365750322799159
1.0000058572721366 0.0015889720312485807 0.0004663192809260991 -0.019546362537302794 -0.0015895746080044878 1.0000214234517826 0.0018453114191904656 -0.01584918793314675 -0.0004633575625770879 -0.0018455510073636958 1.000000955933873 1.3895976752910946
1.0000064222836653 -0.00021535970054892072 -0.00017086773738938157 -0.01968678792753665 0.00021572614430033897 1.0000185159935076 0.0016370138662524945 -0.019826016779850023 0.000170512788664194 -0.0016366269982102438 1.0000025631157825 1.4178030015262548
1.0000037619305617 -0.00250966980637369 -0.0010254460260273168 -0.009757191195573361 0.0025106613945808215 1.000019101607802 0.0008469768944611047 -0.027449509470135296 0.0010233146868333693 -0.0008489883880591413 1.000002827541624 1.3727526587037533
1.0000034028171119 -0.001653129758525342 -0.002192200572653664 -0.005497059279440587 0.001653852098497627 1.0000183235623958 0.00027647009084115015 -0.022633731872489904 0.0021916898494568978 -0.0002796208492912634 1.000001178346318 1.2920500469580625
1.0000048887301016 -1.503314264178667e-05 -0.0020643016707656537 -0.013384749551581218 7.482117072843052e-06 1.0000132329586628 -0.0036449742295346214 -0.0393119871417146 0.0020642737435901098 0.003645456424914458 0.9999923953750884 1.3799289148042682
1.000004591563705 0.0021566746343803737 -0.0018814894452948766 -0.024741280972962423 -0.002164200854825548 1.0000150710028697 -0.003919706145411981 -0.04095893824722478 0.0018729085753637939 0.003924223125062382 0.9999922287789809 1.4196946897284497
0.9999994733910814 0.003451246693468706 -0.0012479733495486499 -0.02052979638057126 -0.0034520419429747745 1.000016484996025 -0.0006173492454016248 -0.0031573756596072425 0.0012458784060619464 0.0006219423705541292 1.0000038215083675 0.3719809577277522
1.000002540822715 0.003084695654188491 -0.00026627397632307797 -0.029362811899864963 -0.0030844454324182877 1.000021976234784 0.0010402651780897908 -0.025317400959223888 0.00026947466325034393 -0.001039077112579793 1.000003055386104 1.3649399451443598
1.0000065410759493 0.001478564282174628 -0.00014005681537399294 -0.02501633883592438 -0.0014782757162979997 1.0000238565819277 0.0024990502468289354 -0.024699565196151657 0.0001437582775204837 -0.0024983234679887504 1.000002041090286 1.4740907125855691
1.0000069790006365 -2.72007388350015e-05 0.0003947811762781674 -0.023063918112272305 2.642538685608947e-05 1.0000206340878754 0.0019791166975180064 -0.028359844335978372 -0.00039483426399061924 -0.0019786149118123926 1.0000017037782662 1.417745005944661
1.0000081504374643 -0.001245612764067166 -0.00044661790831419123 -0.014572237631405721 0.0012460288196421314 1.0000263942734904 0.0006414543560662976 -0.017328529121724823 0.000445806226694661 -0.0006414008240658039 1.000002774505105 1.354969692862776
1.0000082760344264 -0.0013886079071386264 -0.000786398288715278 -0.006688422793887823 0.0013895327819804816 1.0000259522848678 0.000948770439936912 -0.019137317404859897 0.0007850133725061402 -0.0009492249491528185 1.000003055580409 1.0241254131282997
1.000002298488261 -0.0020986230874242592 -0.00028621918934248824 3.2180826734668985e-05 0.00209904404132777 1.0000155195382359 0.0006155835825811284 -0.030098157227452745 0.00028486267381452716 -0.0006157954077133312 1.0000022214430473 1.222582873575529
1.0000025187970498 -0.0022849228542523737 -0.0008279286782787267 0.005647098949592764 0.002285785923412616 1.000015787125188 0.0007748119658847372 -0.00027300791594272626 0.0008260686873776652 -0.0007762684415385805 0.9999987452798601 0.2613751488659892
1.0000030500301258 -0.0017538510350201893 0.00015732560947085311 -0.006160802439957881 0.0017539072508088568 1.0000167268475344 0.0008222839656897139 -0.033005854060068174 -0.00015883996116504694 -0.0008215994000376567 1.000002394420372 1.349727582485022
0.9999991879711467 -0.003245334714413398 9.154414598640339e-05 -0.007107230190697477 0.003245438291517264 1.000013668966489 0.0011565645500905904 -0.02915502751531487 -9.548942634503648e-05 -0.0011558080429120688 0.9999992272252228 1.4227493296377984
1.0000008875680548 -0.002569653560344378 8.766627443015926e-05 -0.0027966860152261568 0.002569738735495946 1.000014380766922 0.00010817474244659392 -0.032085820249669536 -8.801458282564417e-05 -0.00010748863577070687 0.9999996885587512 1.384040793507328
1.0000020800192584 0.002420331593884631 -9.664096069383867e-05 -0.016033621327244504 -0.002420699706259101 1.0000090211063424 -0.0035955820067257987 -0.03320369834846964 8.787346178281666e-05 0.0035961991960617398 0.9999937831068821 1.451459860152746
0.9999864465931982 0.006411389886017211 0.00016551718620501834 -0.0288018846946131 -0.00641052169274264 0.9999900914247676 -0.00458999143996375 -0.030213598371465946 -0.0001950030694869869 0.004589293522717869 0.9999915124763068 1.4287239118904742
0.9999780876053463 0.007619591590942215 0.0009738051625629067 -0.030087181773656786 -0.0076191063329512166 0.9999945946432542 -0.00032327102019790306 -0.013019230393759434 -0.0009762272461339438 0.00031633005335030614 1.0000020990564942 1.423550459902075
0.9999912119900444 0.005282063017780513 0.0008173790909004578 -0.026406170438703903 -0.0052843533321177355 1.0000007107481257 0.003154819804968404 -0.015434566600923115 -0.000800695844388869 -0.003158662027870533 0.9999979490337609 1.3876265131131604
1.0000058779142167 0.0014804194008261784 0.0008164532600416591 -0.013200524295526747 -0.0014819014815140958 1.0000169524926177 0.0019586130300775447 -0.026544920422175565 -0.0008135347348506235 -0.0019593663842760855 1.0000000877464785 1.4297869832361485
1.0000071536854216 -0.0016015395587664195 -0.0012130709986129299 -0.0030105846609270385 0.0016023904255766802 1.000029018281092 0.00048511046550464494 -0.02063632534467704 0.0012123148510086595 -0.0004862413497579235 1.0000032320491992 1.1770925890740513
0.9999932566982632 -0.0048140990602301235 -0.002051214975170956 0.025018963932300155 0.0048162253002475165 1.0000084787027168 0.0009203447117613303 0.01419084315002552 0.0020467866439630453 -0.0009296762480463668 0.9999990526054784 0.3858998690620862
0.9999980250903457 -0.0033492281532247216 -0.0023204747531715194 0.02230034221111307 0.00334964312005604 1.0000060394657966 0.00013741907831888112 0.009557496383895013 0.002320004930136147 -0.00014485886234557108 0.9999981219803424 0.2442567068187881
1.000006516534401 -0.0011589283053272848 -0.001997456851928451 0.01746672085295948 0.0011587843714231578 1.000031279622518 -0.0001673021767858054 0.026590955527705365 0.0019976510346043043 0.00016574452233236795 1.0000019782231262 0.03092804601739303
1.0000085307717117 0.0010857246683917108 -0.0015631372403136403 0.01672822352727613 -0.0010844957731928819 1.0000285504670452 0.0006737891698802948 0.0029370164639332262 0.0015638935442734909 -0.0006712342482693251 1.0000016415397337 0.3361464642314331
1.0000065663896247 0.000504021158556368 -0.0007166390388869213 -0.020650890788858133 -0.0005035896255417814 1.000015942009239 0.0006299135759444628 -0.022779288112472044 0.0007169193027136046 -0.0006290342971687503 1.0000013975827484 1.4452504747555928
0.9999990972296575 -0.0016910772905942744 -0.0015720585406207503 0.013432979641763734 0.001691631551214115 1.0000082642432295 0.0002988208505144116 0.010013067928187023 0.0015714400694837325 -0.0003011695005093713 0.9999953445689878 0.2642320985355971
0.9999986276939377 -0.001104889469071944 -0.0018356001275044737 0.03342981086112413 0.0011044889893909431 1.0000015805458664 -0.00020567538330426777 0.02046264452966089 0.001835839797409518 0.00020366785292247428 0.9999965953545655 0.0032521298132497014
