1.000000e+00 1.197625e-11 1.704638e-10 -5.551115e-17 1.197625e-11 1.000000e+00 3.562503e-10 0.000000e+00 1.704638e-10 3.562503e-10 1.000000e+00 2.220446e-16
1.0000027103502445 -0.000346798759609017 -0.0004344871347165361 0.02606969328743145 0.00034754347517901714 1.0000095764084571 0.0011553172171633523 -0.01979993987152456 0.0004340575311868418 -0.0011552950901431921 1.000002725146241 1.308217259007767
1.0000033355137252 -0.000993266941782154 -0.0001675132582963664 0.017342484410102606 0.0009934851615979725 1.000011803940773 0.00027803827180975763 -0.018084845031528372 0.0001673924569915435 -0.00027789235717112077 0.9999981670109226 1.3376741975999087
1.0000010693585055 -0.0007385749694873273 -0.0005199145209421667 0.012962060783238862 0.0007384191931736106 1.0000076876211845 -0.0006141188524015915 -0.03508891893090043 0.0005202795490469218 0.0006139093566322378 1.0000021597800224 1.3505137212981775
1.000006332093054 -0.00029042731406891194 0.00034699277875367067 0.01320079543682192 0.00029104252687310784 1.000024645432788 -4.894000453353559e-05 -0.016462059641892665 -0.00034680595808764015 4.9608820567036814e-05 1.0000031700822658 1.3347155047739634
0.9999956816289124 -0.00014986570450191552 -0.0009301274686186205 0.015028982876994121 0.00015041654273718883 0.999998306696767 0.0005440863868320066 -0.01592503894707111 0.0009296634064293893 -0.0005443081960290485 0.9999990538103671 1.3094766391542623
1.000002178689275 -0.0010587829889983384 -0.00018081252826918187 0.025976251589169847 0.0010590144800802202 1.000003857754943 0.0011186775345973887 -0.030934855551666425 0.0001804306982193868 -0.001118713442813036 0.9999968258879491 1.3200973048556408
1.0000015136587848 0.00021899936518130766 -0.0005866712876020073 0.02545336528086489 -0.00021865542028963705 1.0000078158047596 0.00028035453794931 -0.017998436082754258 0.0005869779140541895 -0.0002800291208464244 1.0000014500015755 1.3003089192952133
1.0000018656884988 0.0009977519767929313 -0.000808602820521995 0.0017501321326631263 -0.0009986392239220343 1.0000102906489474 -0.0013312789608855484 -0.03172351045579402 0.0008079635829789024 0.0013323697478559858 0.9999977387719927 1.3804179116091566
1.0000004651675278 0.0024516904410166896 0.0004184316229558392 0.012218514973764838 -0.0024507465120570514 1.000000576138619 -0.0020962087447706605 -0.024567099417839588 -0.00042256648281215064 0.0020953183433879926 0.9999960219779679 1.3742112243692304
1.0000018884303745 0.0029731806854847794 -0.00015083798122052637 -0.009040947731228856 -0.0029729400354194953 1.000020065354041 -0.0009878086723184626 -0.023560624138666563 0.0001478564879390859 0.0009887545909819256 1.0000036420897027 1.390251547175266
1.000005590662962 0.002156178574968732 -7.327400613119523e-05 -0.012214046518944121 -0.0021559366389496872 1.0000160652274992 -0.00013357140154314362 -0.018493566101383554 7.547159825819927e-05 0.00013410153359003153 0.9999993425379926 1.3670453534469005
1.0000017831570374 0.0004919075359418275 0.0003386352337373356 -0.007557110059536063 -0.0004918752208149811 1.0000185435830147 0.0007899842357789586 -0.01997695351461681 -0.00034172080766255213 -0.0007899015529248889 1.0000054861729508 1.3447938250976692
0.9999997960644417 -0.002170177827627301 -0.0002878438954671117 0.02920129855989566 0.0021712524397241675 1.0000280456716049 0.0022366532079219708 -0.026101843433595503 0.00028203921312553045 -0.002236759164871941 1.0000018050133506 1.3795082337852278
0.9999986358805569 -0.003843621256856193 0.0004540139687720655 -0.009874816670297906 0.0038430536937268845 1.0000144941962033 0.0018845711151971218 -0.026610392793444255 -0.0004605088801111624 -0.0018824606052921394 1.0000023015440855 1.4031343784639085
1.0000062550169173 -0.0021303408668196648 -0.0010023215706889996 -0.013751129500965234 0.0021290297112252794 1.0000245242099295 -0.001622221542803682 -0.03549879969532727 0.0010048810823506003 0.0016204831230347604 0.9999990686971085 1.3869907931146248
1.0000093481765688 -0.0007200528004029272 0.00031529481312929077 -0.008687458064388299 0.0007213294418431646 1.0000362485468581 -0.00237996500542611 -0.01860939679941643 -0.0003147733920568752 0.0023806640849108754 1.0000023522591774 1.4053053769980943
1.000003402261357 0.001954360981275872 0.0001648327532203136 -0.01705150971626826 -0.0019538402296260075 1.000026986683591 -0.0007710635586535506 -0.042241157023288754 -0.00016769716978995335 0.0007711102754296146 1.0000044334859262 1.420000444697769
1.000006050888405 0.0020943389707276114 0.0005485152127331677 -0.021772887136282885 -0.0020944571257836228 1.00003259898414 0.0009414199299887107 0.006073240867784725 -0.0005454430877748168 -0.0009422353563975373 1.0000018420781644 1.4118303868144797
1.000004371724169 -0.0005522682586572715 0.0008485866418520615 -0.02287663476756191 0.0005493336111517637 1.0000236230443946 0.003906857866088986 -0.01781829240161741 -0.0008526914054732483 -0.003906045926068068 0.9999973663162826 1.438737091849416
1.000003602622715 -0.0017438159981029036 6.881575825473962e-05 -0.009877370830275302 0.001743898178421747 1.0000159941393811 0.0009030608288122468 -0.018865132470983953 -6.836991511388088e-05 -0.0009026941756559268 1.000000943959338 1.4074450792254636
1.0000034263633064 -0.003227959042530001 0.00012446180284279179 0.0051122239375168245 0.0032284917992833275 1.0000330195042373 -0.000588081766719989 -0.05312720063957027 -0.0001242098335589963 0.0005889840420958767 1.0000050223090242 1.4242313905962494
1.0000052865722722 -0.0007596335627056886 -0.00041889319248569155 -0.022089100308532866 0.0007588811647357283 1.0000164977457209 -0.0023664536095262057 0.0004016070771803924 0.0004205008738617804 0.002366386064402297 0.9999985538477484 1.4358358300630665
0.9999996540286703 -0.00026880429276273277 0.0009415159018466984 0.0001763804887258793 0.00027031177446857805 1.0000032710767102 -0.001532770898019933 -0.04596284745214964 -0.000941208538018639 0.0015330375267918457 0.9999997771300001 1.4384885331928536
0.9999958211191641 0.0026222059270557293 0.00010019774263861358 -0.003285275847357733 -0.00262198535253605 1.0000005113587596 -0.0012016810900978708 0.0006108106717850064 -0.00010355311938998506 0.0012014370589224362 0.99999790354823 1.434763818979705
0.9999980061038668 0.0009303031200514198 0.00029544273125681046 -0.005026818026425731 -0.0009298676625024606 1.000002301979355 -0.0013682786630483236 -0.04000971219525948 -0.00029665740988879465 0.0013679998503274761 0.999997839308846 1.454517551043532
1.0000023759420045 0.0003007644305552216 0.00017283442632720435 -0.009006984127760147 -0.0003006087741821527 1.0000168586623626 -2.1237980250571957e-05 -0.012587563199806038 -0.0001729570099677207 2.132048213617377e-05 1.000000040995825 1.4376132022676904
1.0000022913054936 -0.0009858600858357574 -0.00021669123039983986 -0.005815345732233463 0.0009862844462728666 1.0000119272081884 0.0013018186903412609 -0.024979450632849474 0.00021556814150507423 -0.0013018998190160343 1.0000029355901197 1.3860358919459106
1.0000068396420185 0.0010688501789234575 0.0003487792678253313 0.0022332145027197364 -0.001069167955675607 1.0000189804084516 0.0014079755184510335 -0.018135806452346553 -0.0003475321956630164 -0.001408117368616641 1.0000012782927714 1.3856036760087416
1.000003005903992 0.002379950677186375 -0.0002662840133832421 -0.016914851567794584 -0.0023797530665842317 1.0000201177028558 0.0002632897100839872 -0.022009449654836324 0.000266544583168982 -0.00026229296226145906 1.0000010352513071 1.389149322677719
1.0000032324633166 0.0018264604247704686 0.00031723780577117363 -0.016344870099928493 -0.0018263633733236317 1.0000177727090611 -0.00012079623710083197 -0.025699039318318108 -0.0003166192710063133 0.00012052333445228958 1.000002792144003 1.4364099931772
1.0000054063299944 0.0013103562958644167 0.0003256828562231907 -0.01843306167867192 -0.0013105207547063577 1.0000241224025088 0.0004608743098286531 -0.01659296038374408 -0.00032606148504132443 -0.0004608842255839398 1.0000029874243532 1.4299961464310307
1.0000037634209074 0.0010805572795748205 -0.00031514650537387603 -0.022891531339642668 -0.001080524113575177 1.0000202142140577 0.00023375755953882382 -0.025024959477225512 0.0003152315451962472 -0.00023308656291251407 0.9999995211773248 1.4300794856944585
1.0000014989952781 -0.001553158240257625 7.17462469175875e-05 -0.017141099783847504 0.001553169623483012 1.000018326926984 -1.184630731750509e-05 -0.02203463668307795 -7.051248495308368e-05 1.2304037419881983e-05 1.000003779128737 1.4826512880006217
1.0000085835380073 -0.0002475203419212101 -0.0009334975580777266 -0.02308539721910712 0.000247108623206862 1.0000259123943656 -0.0005074628882903049 -0.031716977155881586 0.0009335570501513074 0.0005076972991519892 1.0000014807616018 1.4636861909630177
1.0000069062243788 -6.0410822504779196e-05 -0.0005397705377424887 -0.018505482803937785 6.066977534760788e-05 1.000024439810916 0.0004672826345873878 -0.03170872359046951 0.0005385007304635261 -0.0004669314825106515 1.0000021652902544 1.4759590004339678
1.0000044071369498 8.506561241241776e-05 -0.0010279541535323864 -0.019404044266258455 -8.414818606697893e-05 1.0000193606242964 0.0008524306071126911 -0.0209481734154337 0.0010282179938196762 -0.0008519968100357104 1.000001737923041 1.4037243510954127
1.0000062938808765 0.00023166041629238323 -0.000773861584228214 -0.020579508690894345 -0.00023168403992869773 1.0000267965650675 -0.0001073003373330595 -0.026888183443532852 0.0007728290359047199 0.0001079693181877036 1.0000004318202715 1.4439676899742264
1.000002000599304 -0.00010971557621510702 -0.0008825409167986907 -0.02493172872047212 0.00010957367881862066 1.0000171035313308 -0.00019647227153918065 -0.028443124766464694 0.000883260013677848 0.00019666113916384784 1.000001223538031 1.4552134387762152
1.0000064437901424 -0.0005978021681610017 -0.0008033595818465362 -0.01839353214048522 0.0005983896474888011 1.0000282582081412 0.000649267229410022 -0.02000406929866012 0.0008028103967163027 -0.0006491638696353984 1.0000022333698988 1.3620551661197315
1.0000027775479419 -0.0008953203217604075 -0.0001977298281824123 -0.0045401086805176225 0.0008955472580731652 1.0000125205464185 0.0009418155930760016 -0.0286729352572979 0.0001972177427902647 -0.000941728846890146 1.0000017655378461 1.4308652242805766
1.000005466230661 -0.001292834306411653 -0.0005040733742640182 -0.0034287724619171812 0.0012929600431178523 1.0000176198639537 0.00018845947286999496 -0.026131528914926497 0.0005023566512273466 -0.00018872323935942623 1.0000016296189098 1.4377094633570155
1.000000777882023 -0.001986796269608427 -0.00034272761455368157 -0.011096056416550594 0.001986821655558123 1.0000124574001061 -0.0003704599709119475 -0.025979569802248293 0.00034361394746291226 0.00037003297631673553 1.00000012972767 1.4983902509881348
1.0000027704871546 -0.0006545861150952295 0.0005938292976812636 -0.01374091417084877 0.0006543353292602716 1.0000053681081968 0.000551972974804657 -0.03002954308284968 -0.0005937120296033425 -0.0005515003062509365 1.0000001010024198 1.4892315605409177
1.000007749326132 -0.0009238442901905757 0.00017244603275872768 -0.017072596540588937 0.0009239649281059749 1.000020269061817 0.0008117790227397548 -0.021681176005533195 -0.00017267418970855891 -0.0008112055177802911 1.000002296839622 1.4118691619693218
1.0000014159112398 -0.0012331406207635985 0.0007097351009821063 0.0009541526086527413 0.0012326664185518452 1.000013590659464 0.001004753133293293 -0.02447509478527828 -0.0007104847694772528 -0.0010036073963255827 1.000002095465113 1.4469511609297783
0.9999982985228171 -0.0012065342031972472 0.000391241337137159 -0.006239529983973562 0.0012065170926945882 0.999997035920564 -3.0561931331614443e-05 -0.02590742131015521 -0.00039073288268399 3.100578330663095e-05 1.000000073992861 1.4468627598732913
1.000000446512867 -0.000501854909053491 0.0006231052386533979 -0.012253680208250607 0.0005023803162563955 1.0000098842825054 -0.0006039370373626912 -0.026764218409600173 -0.0006212546492243218 0.0006044135806760516 0.9999999603763444 1.465730855215525
1.0000018872805307 0.00012769055235426895 0.0012375632432849832 -0.016871260350905 -0.00012761131899953883 1.0000100712804763 1.8876167567656606e-05 -0.027867604060243877 -0.0012376326229396708 -1.8793933388859477e-05 0.9999999534169609 1.4538723044480966
1.0000010272754194 0.0012452933086363228 0.0007519427417958766 -0.028092686619464288 -0.0012453160872840762 1.0000081797344333 4.115796999203464e-05 -0.02541859239516213 -0.0007503058036882667 -4.194412526607174e-05 1.0000012770376245 1.4368346484418237
1.0000003235909445 0.002303105142655674 0.0010124436897290831 -0.017643532350769354 -0.002304286130210613 1.0000059604152878 0.0011722715824160905 -0.023048340553916264 -0.0010100578132385687 -0.0011743773579372383 0.9999986998686903 1.45403985276293
0.9999966723324095 0.003004398956026402 0.0006762166495876983 -0.020423923807287896 -0.0030051139445160025 1.00000475199015 0.0011273071600224635 -0.023453524130754525 -0.0006714000379649922 -0.001129157655495103 1.0000005288264329 1.3997255168639322
0.999995237267098 0.003452346267551682 0.0011017850384125749 -0.017417950427816933 -0.0034530916101711204 1.00000580026163 0.0007209066065989104 -0.028383061042436406 -0.0010979588365921749 -0.0007244262239707348 1.0000016732389847 1.404313396403004
0.9999936071608361 0.004276559118337572 0.0002449305070065497 -0.016006632226314578 -0.00427640915590117 1.000001392736219 -0.0005386240119659526 -0.02308177081360049 -0.00024687958096238495 0.0005378028215413254 1.000000629088703 1.4549452408885497
0.9999991061535417 0.0033031700938166374 0.0007381253997486619 -0.023915272819988065 -0.0033029869941011347 1.000011433284571 -0.00024458264688736114 -0.026697402881407848 -0.0007390351920767346 0.0002425817348411424 1.0000014372042598 1.4780680527826384
1.0000045133029285 0.0010482548805729533 0.0009351143806811456 -0.024660830174229705 -0.00104783611889926 1.0000055486509785 -0.0004773654017184889 -0.024333982492060806 -0.0009365689347110047 0.0004766281415465173 0.9999986460035556 1.4458632799861184
1.000004357042095 0.0004962621599351272 0.0004292137605087961 -0.03236296170500491 -0.0004964236253690399 1.0000125418484442 0.00046881073911562537 -0.019568040418310475 -0.0004297436509729629 -0.00046862179897222503 1.0000001060066075 1.3392236301937372
1.000001276315632 -0.0027895528093063488 0.0002486130288805599 -0.021698190277417765 0.0027896669526341813 1.000003520813276 -0.0003872779346498896 -0.02567264322901873 -0.00024825425316868865 0.00038821171383602877 0.9999987796433256 1.3863818886371517
1.0000050291545128 -0.000505745554442821 -0.0002169399163822836 -0.019284418565410653 0.0005056860535093029 1.0000133559104867 -0.000751931983479297 -0.02533589668269387 0.00021666304313437714 0.000752258547302334 0.9999985432646193 1.4099691339450864
1.000001756124279 -0.0009751286912445411 -7.375092152960881e-05 -0.03280390245099476 0.0009751425162590782 1.0000008766962118 -0.0001494896902030554 -0.030996164795287977 7.363258760452372e-05 0.00014951380129043382 1.0000000229652928 1.3865880399592871
1.0000014205770182 -0.0010071913552514285 -0.00032521823749664085 -0.018867637266071588 0.001007223873512467 1.0000037558022374 -2.0696962556441503e-06 -0.023169973170552683 0.0003250032839397356 1.904742246182711e-06 1.0000017863110136 1.3556563326866804
1.0000030334882253 -0.00023205459002480626 -0.0006077367173177554 -0.02790813751026429 0.00023201379649196677 1.000010427189527 -0.0004488239229937707 -0.02483057109353722 0.0006078443771321974 0.0004489598483157782 1.0000008587837577 1.3874714913081976
1.0000024032978554 0.0003483969174319236 -0.0006141416900365305 -0.02368443625422385 -0.0003479451279908289 1.0000086851465715 0.00035569401434905687 -0.023709914553168034 0.0006139822786349715 -0.0003552697882579905 1.0000003627989125 1.3271459321478092
1.00000422789712 -0.0007176083559357735 -0.001651378546965486 -0.013902340787203598 0.0007188948554692475 1.0000133457800437 0.0005666975403608809 -0.028516646609636334 0.0016506863060475573 -0.0005675405778596149 1.0000006496372205 1.3195395282121511
1.0000011162381794 -0.0011908635234336596 -0.0016802733624516914 -0.017039366123308048 0.0011931658715004948 1.0000108588848324 0.0011395486658764718 -0.023668829030829085 0.0016788836851698776 -0.0011411615042088016 1.0000009407370591 1.325159610777564
1.0000056159593553 -0.00043709075194733584 -0.0010869689962727063 -0.007518152524376824 0.00043795634567278746 1.0000142333441642 0.0005083750460787869 -0.022685968359230334 0.0010863097767193832 -0.0005084602769819247 0.9999998530158881 1.3373325427076106
1.0000036210535634 -0.0009160280696523645 -0.0013130612131289938 -0.00999410121999166 0.0009164594181316258 1.0000127113248813 0.00015548815199234513 -0.02920084569822711 0.0013125676577937478 -0.00015623506019486782 0.9999984391936008 1.3919270200543372
1.0000022744767796 -0.0014583408955650516 -0.000692158572596802 -0.007921312721217398 0.0014583384150142493 1.0000096015315616 -0.0004324927458510039 -0.027223843588419918 0.0006925661135598907 0.0004317987108980607 0.9999996594884549 1.389740159779059
1.0000056504997712 -0.000997311808406762 -0.000744337107698425 -0.013717236361811437 0.0009970704026113736 1.0000130811327868 -0.000644427655009237 -0.02710416296295509 0.0007448424515050421 0.0006440576105255433 1.000000414060349 1.3981549128163553
1.0000038984646213 -2.2785356208617503e-05 -0.000514930012048842 -0.026124269297905352 2.261731420884079e-05 1.0000093914901025 -0.0005773191390704634 -0.0242143209333647 0.0005147041510991631 0.0005776182839833942 0.9999966029353312 1.3965680530987836
1.0000032602156759 -0.0004251072963992829 -0.00035575597966468165 -0.013898422762498268 0.0004250515859908684 1.0000115059749108 -0.0007674842159965071 -0.03797663454696432 0.0003557739417269457 0.0007676609894197458 1.0000003409326468 1.3789040135281778
1.0000008522858501 -9.907834253926776e-05 -0.00020566200230882653 -0.03115992716069896 9.906443314488308e-05 1.000007968881965 -0.0008407746999189047 -0.03405066892047477 0.00020590493401125744 0.0008409437773618975 1.0000008085154848 1.3943184829874298
1.000000665921512 0.00012374489882729432 -0.0005796275980288715 -0.030344774520196127 -0.00012346126899875906 1.000015285184488 9.365187291526228e-05 -0.023424183252613844 0.0005799975285462163 -9.322200596689318e-05 1.0000029731005515 1.324669026974804
1.0000020101886502 -0.00011780594110171847 -0.0009126814077322965 -0.015958208948075613 0.00011895530763100319 1.0000138525924025 0.001189315160787686 -0.03292771010692709 0.0009126832888777067 -0.001189039270638519 0.9999982469158801 1.308667304034742
1.0000047656634794 -0.0011053511981142029 -0.000554017759650781 -0.029004601129725416 0.0011058090512517625 1.000019027459793 0.0007796431240949959 -0.027378672184297508 0.0005528787966164716 -0.000779733663215705 1.000001899382027 1.302764471469678
1.0000034265629836 -0.0014266237110884842 -0.0005522401782381093 -0.019402175551597744 0.0014259113455337678 1.0000167985084985 -0.0012054178583086493 -0.04313708631177094 0.0005539517619377978 0.0012050672560449992 1.000001107911925 1.3576437603983817
0.9999998594466892 -0.001283519608547015 -0.00016835721797074361 -0.013203591182569937 0.001283081971023489 1.0000068688472232 -0.0019948807590488863 -0.03123066018067683 0.0001712650527282465 0.0019948476951117543 0.9999995077395154 1.3544715907974958
1.000003640671089 -0.0018722846595812825 -0.00034093732417632904 -0.03531756947982264 0.0018716110795083218 1.0000237481065537 -0.0010302377262027566 -0.03523701865870054 0.00034273432272651487 0.0010302636628954029 1.0000017936650767 1.350085070790751
0.999999189844157 -0.0031829770403132437 -0.0011610978594832643 -0.009952954999379886 0.003183849841942218 1.000009427554872 0.0009031092920487866 -0.030060405546376387 0.0011582451750275832 -0.0009064521671219797 1.0000017255504605 1.3000244553389697
1.0000015416750232 -0.00331087967558932 0.0001163519623536765 -0.025400657247815556 0.003310476956882839 1.0000117574545866 0.0013363780075436717 -0.024731548191854257 -0.00012088433922576756 -0.0013354471723498386 1.00000126358946 1.3366760017202863
1.000002312431515 -0.0019621676959582788 -0.0002720257893601035 -0.014425741280753393 0.001962299750689572 1.0000036418932248 0.0005581809716444304 -0.03360766152744568 0.0002709592160051044 -0.0005585200984758059 0.9999996951930922 1.3275036115202374
1.0000063981454146 -0.00036857178873511226 0.0004938399448323226 -0.013909539118475192 0.0003687489298129492 1.0000187042183304 -0.0010912320736845473 -0.034033969933942636 -0.0004934044113125822 0.0010920543845241272 1.0000021784800452 1.3627203698248518
1.000002638097582 0.0012162973492126294 0.0005293843891856527 -0.016718283901134817 -0.0012152733404251442 1.0000064256277603 -0.002145241348045312 -0.020973104933634718 -0.0005319723404363316 0.002144847780552255 0.9999987154590038 1.320245108868947
1.0000054588782146 0.0016591163962628118 0.0005401616834985898 -0.01728666677358687 -0.001658545495566396 1.000018707673521 -0.0016633442145150194 -0.033420174373535005 -0.0005428983357078085 0.0016629462136996255 1.0000022082326256 1.3889153892998152
0.9999992980637871 0.0024709280099163384 0.001009103231826514 -0.022676875326597713 -0.0024708878081400065 1.000019275151979 -0.00038838258187266745 -0.016833608025061852 -0.0010099911745366761 0.00038636713219813203 1.0000019019037407 1.3479881308123225
1.0000027531414202 0.0011366690023540916 0.0007860088096942992 -0.020798080588071227 -0.0011380018314022886 1.0000108314509029 0.0014969103074296297 -0.017998038931394192 -0.0007841809957592071 -0.0014975131461825973 0.9999955037647322 1.3585231440231067
1.0000003959424382 -0.00032401928526818396 0.0004151491547757211 -0.009334503948655627 0.0003230149976273245 1.0000124152097027 0.0019168868389036768 -0.020905124916816075 -0.00041603230147855565 -0.0019164969648024748 0.9999996560079615 1.3012899755558875
1.0000072950437109 -0.0003138070528731483 -0.00016304957805901457 -0.007968083318365706 0.00031368588035552645 1.0000292138753972 0.000755785099172776 -0.02538998767348929 0.00016281897936111332 -0.0007551875350028365 1.0000052480261168 1.3327477471281794
1.000006784910696 0.0007298267373577832 0.0007906599250422957 -0.01569369017584951 -0.000729484845027564 1.0000240287763509 -0.0006698292628277974 -0.02811459618643614 -0.0007909275428089347 0.000669932078163044 1.000000282746097 1.361504369086659
1.0000030343773882 0.0010049053438986562 0.0011618279502296875 -0.014532367760656336 -0.0010045317660809477 1.000015830565734 -0.00036943411594044434 -0.026383878666961277 -0.0011621406540737607 0.00036865779088823917 0.999999936341536 1.3486462526195282
1.0000031891975623 0.0021881886350407164 0.000562915920476234 -0.023729321126460114 -0.0021881618724224837 1.0000230390059002 -0.0003677190971113212 -0.024457788341024612 -0.0005637016627985643 0.00036705549718475244 1.0000039750268512 1.4054578479655861
1.0000048130873693 0.0009262929586419728 0.0009321873383636314 -0.01037421378015051 -0.0009255484411780099 1.0000246264458916 -0.0010060833996922546 -0.029932247056105112 -0.0009330454426441799 0.0010057672500115144 1.0000016873256348 1.362646907157401
1.000005056747935 0.0012839041122068662 0.0008147378983390145 -0.015140928533305025 -0.001283311124362302 1.0000270038963788 -0.0009154927801845916 -0.023402697072450452 -0.0008157361424107384 0.0009150465321406964 1.0000012132476057 1.4075888250310586
1.0000034772922521 -0.0003336761245683065 0.0006424431577202069 -0.0155067324170034 0.0003338370835507581 1.0000242779226243 -0.00027645824274290427 -0.030921990546696795 -0.0006424390417130618 0.0002771453514881085 1.0000017698654973 1.3780878430216172
1.0000009285759017 -0.00024297938487049853 0.00041124212835806694 -0.0015316053199255133 0.00024269425797838063 1.0000127645901444 0.0009198763198642714 -0.021045005188015296 -0.0004115192471636718 -0.0009194765134129763 0.999998982678163 1.2741868896970963
1.000004776300468 -0.0015488964320736092 0.00012880695052162143 -0.006222264832927864 0.0015488754786017124 1.0000177131096228 0.000818811812085117 -0.021077762989959822 -0.00012977106917254848 -0.0008181472624762342 0.9999996591490458 1.3221632338455584
1.0000001839868595 -0.0003913102845338403 -4.553743159057938e-05 0.0028735603560782036 0.00039146420952980643 1.0000177527040661 0.0002840698359831222 -0.025269680421333363 4.545609712998622e-05 -0.0002836409387374044 0.9999992089512617 1.2490690140260907
1.0000061110653613 -0.0011103913641324307 -0.0005502150452049396 -0.00752376540798453 0.0011107858102525749 1.0000291302160436 0.00019682199166256805 -0.03184181593152801 0.0005498863533624928 -0.00019671011116210413 1.0000045233798127 1.3726289513160814
1.0000037021700183 -0.0013087823266581186 -0.0007847674510795505 -0.00809357163981971 0.0013093728798466932 1.000018384378635 0.0005270048826583095 -0.026019685304233264 0.0007840377965928736 -0.0005275873235206432 1.0000034290783826 1.2917886435161936
1.0000022818262997 -0.0010632497910638868 -0.0009716839857033897 -0.00394740289571108 0.0010632504811711131 1.0000181884662362 -0.00018669315359118207 -0.027712012884361988 0.0009718114663710176 0.00018602820928548415 1.0000008006917653 1.3249785980672766
1.0000050750788425 -0.0016774386869428737 -0.001464851655405076 -0.018812947746756632 0.0016772417326160651 1.000019622779788 -0.00022043430071463593 -0.02321406531701957 0.0014652519113908249 0.00021841674471235716 1.000002731762074 1.420506126960489
1.00000647565922 -0.002008314486683139 -0.0017006100503394847 -0.00683538651432808 0.002009930664705815 1.0000249322493113 0.0007836571798885947 -0.0201569626024147 0.0016990732409888764 -0.0007863905560532526 1.000000637743725 1.2473030449350406
1.0000054229400603 -0.0012165927045165344 -0.0018021548129985774 -0.010348706443734736 0.0012171000576506016 1.0000261095345595 0.00011234336074530665 -0.02605917382123709 0.0018020216679472195 -0.000113921035415856 1.0000023606010109 1.3477661996102732
1.0000052432730229 -0.001068992522051645 -0.0015177903960376172 -0.0028419131515588863 0.0010691440345766733 1.0000238084272532 -4.160643758556002e-05 -0.020079991032433915 0.0015178403160912958 4.054682588968182e-05 1.0000024843654998 1.3635834229874804
1.0000073485379322 -6.449014425518653e-05 -0.001347602178939663 -0.009079166108294815 6.392980073781304e-05 1.000025974322785 -0.0004924001790332487 -0.03607649372892306 0.001347630665795751 0.000492909212322704 1.0000032627706066 1.4265179838469457
1.0000049413549261 -0.0009391398124754987 -0.00123091229577972 -0.009158075972891358 0.0009382768753644878 1.0000197630832872 -0.0007666370038809995 -0.025225211729768347 0.0012316467348915303 0.0007659207164085046 1.0000024694214578 1.406844372223928
1.000003461986186 -0.0015295722676359758 -0.0008170931197798683 -0.006785949877313273 0.0015281611526863554 1.0000098152775012 -0.0018399127238431243 -0.03859655096528217 0.0008199346794796014 0.0018389118319727387 0.9999989368854867 1.3936034262693697
1.0000047346303262 -0.0029867062857966004 -0.0011278425723883203 -0.001852386879719518 0.0029860088968878817 1.0000257537251886 -0.0006099365770258647 -0.04610127219939496 0.0011296779112870744 0.0006070490461072764 1.000003382188345 1.4191905525539346
0.9999885075061363 -0.006192849908211798 -0.0010489333370934174 0.005090617052284783 0.006194931171639266 1.000001481077454 0.002013732770052154 -0.027817724412969445 0.0010364578868333888 -0.002019875116452093 1.0000031102515532 1.3356936407688937
0.9999835068971459 -0.00624305653354081 -0.0018412191478248308 -0.0003761267660679138 0.006244876502473188 1.0000008551401645 0.001003826177960487 -0.03769536271245036 0.0018349772607467475 -0.001015028065508078 1.0000018856957544 1.373770006576103
1.0000049232284383 -0.0019262747553316802 -0.0009326839366285366 -0.00014982924351656895 0.0019237037626766641 1.0000192491687396 -0.002552737977592948 -0.04305505759315864 0.0009375927181943578 0.0025513188480969238 1.0000000217037657 1.371889048258254
1.0000092638042464 0.0010162083783970821 0.0004668566028282054 0.0005784441780091972 -0.0010151363940136653 1.0000290642492862 -0.0031195389883116125 -0.03712981488082027 -0.00046999805293557623 0.0031195140950203057 0.9999998820187176 1.3490209645945541
1.0000053273862106 0.0014197900383943968 0.0007013714782077887 -0.007178018967308075 -0.001418328665421499 1.0000126539786625 -0.002271605622106683 -0.021526592168973947 -0.0007046342632911609 0.0022707750124338023 1.0000024148973257 1.3830030821877186
1.0000046686159183 -0.0004928751717668821 0.0009715545815971345 -0.018204982920915495 0.0004923654746959495 1.0000201641469724 0.0003252997220871539 -0.03109862200104658 -0.0009717305339421422 -0.00032467837348716216 1.0000045493125134 1.3536413311935296
1.0000030331991385 -0.002652177522218721 0.000666996597880724 -0.005989246773376949 0.0026501057741834884 1.0000135409876365 0.002733314976085951 -0.02420715742361079 -0.0006742313284042362 -0.00273134497939726 1.0000002260706164 1.3718785492606187
0.9999941332317546 -0.005271963931956555 0.0007401546986442818 0.005794936191499703 0.005269507827063995 1.0000132988620136 0.0026770320738834417 -0.029798454266506416 -0.000754306268417521 -0.0026726314668430247 1.000000695558027 1.363940109063838
1.0000062085501993 -0.002910280605510654 0.00012051083552305704 -0.0015205061568280306 0.0029097652300805704 1.0000311443665706 0.0010367002414113794 -0.023842305293729955 -0.00012355232082807114 -0.0010356470643576783 1.0000035823013638 1.300441379637201
1.000004819503455 -0.000980840627406762 -0.00028035067458189367 0.0005640916056795105 0.0009806490544371172 1.0000125207192452 -9.924071003064062e-05 -0.03370070882739225 0.0002804494461888939 9.927720418911191e-05 1.0000039169612185 1.3432997718747384
1.0000044463662339 0.00019419016115070176 0.0007373584658118651 -0.009596410756981297 -0.00019464671011775996 1.0000164433441967 0.00044665436172251045 -0.010310588897699672 -0.0007372502497651747 -0.0004464739876267756 1.0000031026504832 1.3055125706777917
1.0000041259747299 0.0027159878519525155 0.0008122945698074565 -0.02106178834226094 -0.0027154551715664658 1.0000180470049638 -0.0005866939761239206 -0.023315678360234265 -0.0008138793765735319 0.0005849377569216162 1.0000027485876795 1.3743126022675363
0.9999986119795581 0.002444948083033925 0.0012490232386398376 -0.011634146810349353 -0.002442290422432888 1.0000137417501906 -0.0020217583722089375 -0.028228483006154072 -0.001254111285523548 0.002019052409954194 1.0000000311569284 1.4065653290695608
0.9999968762184854 0.0023260985921969755 0.0007094168000248514 -0.017455845543332762 -0.0023252530076711886 1.0000143307588905 -0.0008358478968681676 -0.02913009132636734 -0.0007116451128389506 0.0008345143633126501 1.0000010867417646 1.381197338290459
1.0000056612465582 0.0008441158462671409 -8.489277934176765e-05 -0.0074071099467799785 -0.0008438046932070984 1.0000171523476387 0.0009165674096298789 -0.019158280613612178 8.592103196645499e-05 -0.000916047644087519 1.0000004266984768 1.3178618429350692
1.0000010620188067 0.002198897717843161 -0.0006421910245441871 -0.006349302208115188 -0.0021986323154063276 1.0000170093480856 -0.00012330091323421282 -0.04057824395758714 0.0006419105641859049 0.00012513411622955197 1.0000023885160134 1.3719104306909164
0.9999988696374368 0.0027551504829147733 -0.0003555193958667776 -0.007666331358910284 -0.0027555357751968355 1.0000152532153066 -0.0021027832946284948 -0.04308349374885466 0.0003496280129932346 0.002104180007462893 0.99999953533605 1.426770624849056
0.9999977789919082 0.0034950758115202905 -0.00045427546400711157 -0.008289725068993488 -0.003496052668154291 1.0000119678314172 -0.002702882678412669 -0.02826280134834497 0.0004445825781968463 0.002704853226460024 1.000000955004592 1.3696915971565409
0.999996668141843 0.004415282611438184 -0.00030654392734581515 -0.019905376088166223 -0.0044153620703844465 1.0000173370777192 -0.001125620498497845 -0.021652168586022487 0.00030154103955242406 0.0011274319601744065 1.0000048889800945 1.41102659145056
1.0000000614987432 0.002311398954721755 8.907053802753366e-05 -0.029132418149335794 -0.0023113386894424767 1.000014117609168 0.0006798825116455999 -0.014729092794554767 -8.746067145509054e-05 -0.0006798635232954962 0.9999989710246369 1.3801516131950864
1.0000047040912345 0.0013664145942175712 0.0003540525127949178 -0.020022166791154816 -0.0013669378720758826 1.000017325714604 0.0019097694824238662 -0.01346305187846153 -0.00035138039129486455 -0.001909841326550863 0.9999995764958517 1.403108246536316
1.0000053899414636 -0.000596319514764262 -0.0003446353902365606 -0.026711396867868487 0.0005968970870684349 1.0000152931493715 0.0015316483551900003 -0.014996375516181071 0.00034372182632949583 -0.0015315112995504265 1.0000026220339693 1.4630320413301054
1.0000069445972224 -0.0026415183154701346 -0.0014963112967051645 -0.019056113368693978 0.0026429501897038943 1.0000284652276854 0.000854221298833839 -0.02301028168779923 0.001494018655633955 -0.0008573593414159092 1.0000026256487151 1.3456020686641572
1.0000029072359322 -0.0019803596218867184 -0.0023720574971617704 -0.011493285873154825 0.001980570658127278 1.0000186535777789 3.6985958733276354e-05 -0.024336770441355838 0.002371919895496669 -4.1188784904390194e-05 1.000000186609109 1.38188970589151
1.0000022663416637 0.00016446062815799533 -0.002006784678967667 -0.018158291096647468 -0.00017191651960485506 1.000002796843251 -0.003701644072846871 -0.04087008456086745 0.0020060886955635205 0.003702184405693895 0.9999892451618285 1.4462832849160174
1.0000046902372788 0.001941217334088706 -0.0020950489864287065 -0.02939035655640717 -0.0019498244336580274 1.0000140645200086 -0.004042836114101161 -0.04077305064873342 0.002087012063221399 0.004047329744844955 0.9999892349657302 1.4546186150954699
0.999996983252589 0.0032688090863117127 -0.0009331425488521211 -0.03269700509932333 -0.00326998087193757 1.0000113253243714 -0.0011549365501361852 -0.02235678666687429 0.0009293807583352431 0.001158176872044101 0.9999996579654736 1.493396512716601
1.0000053597116458 0.002765432859806262 -0.0003327673736620082 -0.03815431862154789 -0.0027652050265327363 1.0000281547503407 0.0010070787618301524 -0.02632702657661707 0.0003355204412403207 -0.001005705404008 1.000003068831411 1.4332146777636043
1.000005231774817 0.0015453522872379256 -0.00024323833459475515 -0.02591475718797029 -0.0015447809386301733 1.0000178941445788 0.002622856253193207 -0.030654006610177975 0.0002472747631404514 -0.002622068716413288 0.9999984965470493 1.5105050554794068
1.0000071282045164 9.475510371655768e-05 0.00030855130325454025 -0.028568510272185772 -9.541119359429343e-05 1.0000242787457847 0.0020458300337715613 -0.03200195834733068 -0.0003083465859564577 -0.002045327614532156 1.0000015454628044 1.4628527021840025
1.0000051559120524 -0.0010583668083133213 -0.0007093736344794328 -0.022769571876924563 0.001058825653956794 1.000017368712637 0.0005346239300594469 -0.0163762860256048 0.0007087974670120172 -0.0005349575136059542 0.9999996560032381 1.3887162331072422
1.0000022919211498 -0.0006817349145153506 -0.0007300606832823313 -0.014424359352040539 0.000682170174452021 1.0000133675513314 0.0004726956094881307 -0.031185513382357834 0.0007297428879473108 -0.00047292149655317884 1.0000000556154134 1.373353388978446
1.0000066142330026 -0.0010775989280161526 -0.00038145918149039434 -0.008441636670306034 0.0010779705478125604 1.0000253290792265 0.00044418094116153084 -0.03984781425062952 0.00038092619456195456 -0.00044395029835586625 1.0000020229424986 1.3949330932652406
1.0000024943785673 0.0008646883482770117 -0.0003867559234762179 -0.00817138409148244 -0.000864549358759546 1.0000147414138039 -8.853205747449546e-05 -0.055435012827027286 0.00038666393878086965 8.922107645959245e-05 1.0000020222882586 1.4558953155556138
1.0000014001245308 -0.0010932511691098597 -0.00017632474536808453 -0.010616455228651015 0.0010935197571938268 1.0000165840039996 0.0007905889847189642 -0.04187769033342489 0.0001754791978162732 -0.0007904501856431399 1.0000022120101966 1.3998441771369594
1.0000028645152224 -0.003356533737771413 -0.0001382477288269136 -0.017518930752059902 0.003356818384469258 1.0000244997909595 0.0011818216536160495 -0.03136079041705767 0.00013404554844034306 -0.001181588160605203 1.0000007757768867 1.39421372110331
1.0000033101195112 -0.002532791521367887 -9.167918043858138e-05 -0.005926012456944403 0.00253262919346346 1.0000201080701603 -0.00010101348334778838 -0.03714809113099346 9.194699058512798e-05 0.0001013479468125355 1.0000040158674453 1.4799374931661466
0.9999987260816571 0.0029094026269506084 -0.0001222063585214875 -0.016841142236489557 -0.002909915299183055 1.0000022173450942 -0.003600860439877957 -0.033770673547495404 0.00011161796304457268 0.003601453051547185 0.9999925211727035 1.4835503291850645
0.9999917995824632 0.0058271394766726175 0.0001957365266316548 -0.032995988412502335 -0.005826334906932049 1.0000016126394549 -0.004700360793020084 -0.027919699771690308 -0.0002231568775645927 0.004699819674250939 0.9999908062829461 1.4562833832500264
0.9999795049519556 0.007077497793180389 0.0005968233750488799 -0.026937080847782874 -0.007077176237723408 0.9999937352722238 -0.0003649709428296113 -0.014741603145318556 -0.0005994234990154005 0.000361043505132932 1.0000030140423541 1.4158819109454248
0.9999920067118205 0.005313581277476433 0.0006381707624840033 -0.02538343790137849 -0.005315355719551542 1.0000011550936387 0.003006466967766603 -0.019838306135043098 -0.0006221805989295319 -0.0030094132776530974 0.9999986948129794 1.4627778127846152
1.0000011502136175 0.0018552277113887267 0.0008020148158094274 -0.012550537648305715 -0.0018568128222066914 1.0000069403094043 0.0020575680840199152 -0.02883422584437079 -0.0007982426890383831 -0.0020588618385029233 0.9999989917282196 1.445444959145536
1.0000068648390197 -0.0011715248347741634 -0.0010370438274107255 -0.008483320473506528 0.0011716906390339926 1.0000288548285 9.650031712145196e-05 -0.028833804003454935 0.0010369461796044016 -9.69661648790605e-05 1.000001722850563 1.4347643892246167
0.9999996933987739 -0.0028200997402134855 -0.0016631354889166043 -0.002487422911198837 0.0028201501577483556 1.000008973947391 1.920957408397757e-06 -0.030963227694486655 0.0016631545709551397 -6.210366685862865e-06 0.999998101310287 1.468890355424819
1.0000048144690243 -0.0008868638888462574 -0.001363884637704133 -0.015483214831731356 0.0008863323302871345 1.0000145529307616 -0.0004111332280963259 -0.040765602988138874 0.0013642517552832592 0.00041035992254698163 1.0000024986868792 1.4770588149845831
1.000006158259849 0.0010788595174620514 -0.0008078042373492795 -0.022001938050600033 -0.0010796005915080422 1.0000176967904055 -0.0008787257947759164 -0.03022017648901883 0.0008068777070411287 0.0008801539958087225 0.9999987536441097 1.5300204185175301
1.0000059245183663 0.0016363897513710535 -0.0006110303130898511 -0.020001953386171036 -0.0016364442248411348 1.0000170710923255 5.900818997320771e-05 -0.03025853491556864 0.0006111518657661614 -5.747213038981633e-05 1.0000000076749764 1.496884697145314
1.0000016396067744 0.0011148261612398598 -0.0008865810891539308 -0.026362078284059155 -0.0011142333866867107 1.0000038111583842 0.0006757001994104927 -0.023892473810348713 0.0008872978061771458 -0.0006745837497520918 0.9999991274073213 1.4736414069171249
1.0000060078755704 0.00018431850369643 -0.0007233805910681732 -0.015367402912977638 -0.00018445216746262465 1.0000130134294913 -0.0001462483727532259 -0.03660982052730914 0.0007233357825281969 0.0001467738388201621 1.0000014518899596 1.5407267935675628
1.0000042265952152 0.000599228426980681 -0.0005390619952017234 -0.008219908694997547 -0.0005996651869543507 1.0000150338844904 -0.0009238696865850472 -0.03053296626232192 0.0005385089718758153 0.0009245289941640555 1.0000030514540184 1.523166351291387
