1.000000e+00 1.197625e-11 1.704638e-10 -5.551115e-17 1.197625e-11 1.000000e+00 3.562503e-10 0.000000e+00 1.704638e-10 3.562503e-10 1.000000e+00 2.220446e-16
0.999961502890394 -8.022509921406834e-05 -0.008774183786419875 -0.14606595465843253 9.831005961852797e-05 0.9999978718324105 0.0020607439875770595 -0.01666642006743203 0.00877399979009548 -0.002061527245421023 0.9999593826916671 1.2096951399160587
0.9998033332432275 -0.0012926682359175087 -0.019789488233988045 -0.2968944424868942 0.0013222267945831143 0.9999980297118228 0.001480637962572461 -0.0026552854271631463 0.019787535269330202 -0.0015065129619004818 0.9998030725431185 0.9224467196534382
0.9999952077130254 0.0030776537000771235 -0.0003355572768794465 0.2460755080320381 -0.0030781153515986814 0.9999943047889123 -0.0013840504408561946 -0.03692205649133622 0.0003312957378494905 0.0013850766920945007 0.9999989859023315 0.852394826782398
0.999996195916292 -0.00035524198142974114 0.0027353164496996232 0.10233371454939465 0.0003549565457005365 0.9999999315075514 0.00010483674834876513 -0.02300827661788677 -0.0027353535047653266 -0.00010386543106260501 0.9999962535195703 1.208570315158653
0.9999887349308898 0.0003806486611978077 -0.004731291358085244 -0.24258308022227537 -0.000383576559588289 0.9999997355064367 -0.0006179450454143209 0.011420377041128716 0.00473105488673488 0.0006197528966822166 0.9999886164482102 0.16478464451437447
0.9999336650228142 0.0007644116902347189 -0.011492659779633927 -0.1459458908444491 -0.000748087914058694 0.9999987054428009 0.0014245972046534618 -0.018622490103323654 0.011493733880485519 -0.0014159051841487777 0.9999329423986365 0.6677008072671683
0.9999117811364767 -0.0011873071107212025 0.01322952177152739 0.16855835598997349 0.0012307184591520536 0.9999938839548819 -0.0032737417284540893 -0.03330525984802105 -0.013225553922342483 0.003289734739329451 0.9999071268716875 0.937698780907959
0.9998358933383782 0.001781970407938068 0.018028060730785354 0.2782312821999777 -0.0017543406860384065 0.9999972625330859 -0.0015482942522112352 -0.047147764290136465 -0.018030770394105795 0.0015164128063799422 0.9998362825038887 1.3948161094536706
0.9999998205594393 0.00040352897400083404 0.0004427702072077483 0.004820518674460404 -0.00040138692038595684 0.9999882678889723 -0.004827315294626277 -0.02321385013194616 -0.00044471297416650337 0.004827136706240211 0.9999882504217686 1.3404679408580507
0.9999952855181631 0.0018748533706754891 -0.0024318442148927523 -0.19203998382343 -0.001877941945678273 0.9999974322525701 -0.0012683935963442138 -0.025620519017871525 0.00242945991852158 0.0012729544787821207 0.9999962386486255 1.5084937845479176
0.9999938252739553 0.0015841845410805473 -0.003136841293555648 0.005232850145451002 -0.0015876090761483702 0.9999981462140233 -0.0010895255564389284 -0.020219326393859902 0.003135109468979622 0.0010944989066251575 0.9999944865651812 1.2696163524736954
0.9999767039986035 0.0004569833878562798 -0.006810479151465377 -0.35813888372610414 -0.0004590064725344612 0.9999998509979912 -0.00029549459141354367 -0.015930272077759336 0.006810343100570858 0.00029861376158271354 0.9999767647583988 1.2962329236034573
0.9999904045997967 -0.002027087344409434 -0.0038835068216231746 -0.3088190083292716 0.0020366638175283837 0.9999948914016779 0.0024635687611731737 -0.018060490648451846 0.0038784931132888633 -0.0024714545200736657 0.9999894245459426 1.554492634188683
0.9999806617449308 -0.0032268287081282645 -0.005316362728245897 -0.16766235263472626 0.003237515210223171 0.9999927537435243 0.002002737053998379 -0.020870766760341077 0.005309861715097394 -0.0020199101297541724 0.9999838625356082 1.2464907557102223
0.9996855384573633 -0.0011645942135859893 -0.02504930976154497 -0.08058733874039127 0.0012112165442670288 0.99999756237582 0.0018461302503467157 -0.035035539091555795 0.02504709870813468 -0.0018758898517859488 0.999684512175501 1.6378823688330815
0.9999851450271275 -0.001708653363288706 -0.00517592781626691 -0.22430677137076985 0.0016956370786342092 0.9999953919363811 -0.0025181185241486387 -0.023777073494165326 0.005180206556947731 0.002509304622444735 0.9999834342879581 1.7876613364658107
0.9997246250943839 0.0017911297879475642 -0.023397987818962684 -0.2488615602423746 -0.0018067217754085955 0.9999981596970522 -0.0006452588128917434 -0.04229697640300861 0.023396789017295996 0.0006873547789003238 0.9997260213713998 1.8410290720184577
0.9998339404586128 0.000706279214690696 -0.018209686341991504 0.07582142624980767 -0.0007289589669088259 0.9999989669096335 -0.0012388698439371028 -0.007759204387600189 0.018208792541719483 0.0012519382319225866 0.999833422388368 1.3917944037735355
0.9999986926444522 -0.0004593442392675921 0.0015503910011607864 0.0470285422043262 0.0004571524514658757 0.9999988961486983 0.0014137584733657101 -0.031238009244848798 -0.001551038691570084 -0.0014130478600338323 0.9999977987849387 1.7037159775263009
0.9999728055607865 -0.0029319797632328276 -0.006766951570444923 -0.3226337811582079 0.0029242902482166247 0.9999950676521424 -0.0011459484857726401 -0.03452842944865249 0.006770278091255805 0.0011261287918586502 0.9999764473068907 1.793299478701336
0.9999755631197241 -0.004798794495448343 -0.005083771708243575 0.2848659414362528 0.004796791035542676 0.9999884128278551 -0.00040620904608952877 -0.03484083664714851 0.005085662115440037 0.00038181332905084224 0.99998699504515 1.0183770263108383
0.9993230395980753 -0.0012875299000632454 -0.03676689809080981 -0.10399246939005194 0.001186075237185835 0.9999954293978917 -0.00278108051996363 -0.0035447424932657603 0.0367703107682718 0.002735589531203423 0.9993199991974152 1.2418511827207719
0.9996634906630887 -0.0022085692949691377 -0.02584623100103345 0.24764941659651046 0.0021956629388147158 0.999997450284415 -0.0005277205024596912 -0.04019754113668608 0.0258473306077935 0.0004707933080663538 0.999665791079255 1.7059518703653231
0.9997736255911345 -0.0016226426268088478 -0.021214726094476447 0.23466448368305853 0.0015861084788875868 0.999997230368932 -0.001738825568844025 -0.011917217792113514 0.02121748883000052 0.0017047830862980458 0.9997734302742685 2.216188809040761
0.9999021996223246 -0.0021316453576154014 -0.01382198533155758 -0.06964442220147873 0.002114797791636729 0.9999970031756347 -0.001233397766361709 -0.0026770210252719242 0.013824573076117914 0.0012040464355391105 0.999903711089945 1.12929960715694
0.9999799427189167 -0.0012278463020810053 -0.006213417202282278 0.01399784501253797 0.0012142860316300523 0.9999968740648175 -0.002185719567373646 -0.02298070767033502 0.006216081507231029 0.002178130862064504 0.9999783078030455 1.6056209388080298
0.9994926984043351 -0.006086318957786703 -0.0312618386849589 0.5431219652436243 0.006071926552724158 0.9999814115044927 -0.0005552957954232912 -0.0036021482895160174 0.03126463728173785 0.00036519450458212587 0.9995110750204897 0.8308638484390543
0.9999552056414354 0.0010144831900728668 -0.009410501285868641 0.2068124667986525 -0.0010023540520497966 0.9999986610442053 0.001293520835074545 -0.02111150898724283 0.009411800940766693 -0.001284030238542797 0.999954883616955 1.0267806282326457
0.9999976174864197 0.002007823745845008 -0.0008565426371287771 0.158505944618099 -0.0020077743146682744 0.9999979827041227 5.8566088369431125e-05 -0.019851198207109958 0.0008566584996117634 -5.684620452860354e-05 0.9999996314522941 0.9264999188735258
0.9999948654942971 0.0027103667570253956 0.0017096482341660212 0.0124580849290476 -0.0027119082355424704 0.9999959178027192 0.0008999620096022572 -0.01704234669193648 -0.001707202027931165 -0.0009045937978683964 0.9999981335839065 0.7393196337110648
0.9999556066287025 0.0011226035645100552 -0.00935545472222317 0.10556228665612173 -0.0011498366670414392 0.9999951163251192 -0.0029060628952142144 -0.014580824244039193 0.009352146676659049 0.002916691130161517 0.9999520139813657 0.6868763220038132
0.9999096666403333 -0.0013239942806894016 -0.013375559740149019 0.05496313462100116 0.0012898476975905107 0.9999958882323864 -0.0025612128451906625 -0.024709383460570264 0.013378895774114365 0.0025437290472947165 0.9999072629951233 1.6131377942401517
0.9999260806364594 -0.0015496399799255212 0.012059514042512298 -0.19030468671593248 0.0015593820748936132 0.9999984653824865 -0.000798473678813413 -0.014059977486522544 -0.012058258189035205 0.00081722004617717 0.9999269626131917 0.9846147386965626
0.9999980174162472 -0.001761001426924808 -0.0009295362013196906 0.0004939241673818373 0.0017590183724786599 0.9999961846739686 -0.002129904192965502 -0.025507548604573577 0.0009332834191590954 0.0021282648989959805 0.9999972997316439 1.343256700315423
0.9999835612241765 -0.0008106428725664124 0.005676278670626397 -0.09606967218941664 0.0008172312073197741 0.9999989950567283 -0.0011584553022363068 -0.03209869707928581 -0.005675333872754379 0.0011630750907203208 0.9999832187800782 1.2555187348351697
0.9999724077573561 0.00046256346878442175 0.007414159358498969 0.07673619532655637 -0.00046081295551046134 0.9999998655487524 -0.00023781063494093238 -0.017193689653674397 -0.007414268364168177 0.00023438753252558452 0.9999724864650571 0.7514956563939845
0.9999906712244967 0.0005157316577644438 0.004288529449235469 -0.07684026176886088 -0.0005131342684668629 0.999999684281117 -0.0006067379078551973 -0.01902343798715642 -0.004288841009212739 0.000604531656311816 0.9999906201481463 0.8744807615753258
0.9997971846262086 -0.0021264874143389354 0.02002667383227548 -0.22190200249853004 0.002185498554075707 0.9999933333728541 -0.0029252018592792707 0.030832263165048716 -0.020020319916969936 0.002968376850074114 0.9997951667863261 0.08299484243363736
0.999911879519054 -0.002167432937965916 -0.013097153550738904 0.09817841156480028 0.0021598225276444182 0.9999974904545704 -0.000595190063227884 -0.0006511015493024453 0.013098410717384447 0.0005668500875063813 0.9999140514652534 0.7924204722719039
0.9999966244892281 -0.0013356577867032328 -0.0022286831147811624 0.029998835516468043 0.0013372789569879927 0.9999988422456076 0.00072608018524728 -0.012033496157408117 0.002227710739860314 -0.0007290581053869986 0.9999972528857963 0.5557791037719065
0.9999231564828934 -0.003225232764854805 0.0119699207557046 -0.059501499443483825 0.0032375665035300123 0.9999942478427806 -0.0010111599709988288 -0.017345076670273928 -0.01196659067656947 0.0010498356843988074 0.9999278466732558 1.1577967230915376
0.9998969937373988 -0.00033366167678909174 0.014348887928948886 -0.0323187573788584 0.00034843482721873915 0.9999994118497569 -0.0010270799922987603 -0.05066115094850042 -0.014348536792414478 0.0010319738489136434 0.9998965219070883 1.374488937670027
0.9999882839138049 -0.002148639745870316 0.00433767015422083 -0.026548706990416494 0.0021606015775384717 0.999993871246974 -0.0027548628483266362 -0.029691777732465265 -0.004331724361901442 0.0027642025490940843 0.9999867975870081 1.5061782455497177
0.9999974043465364 -0.001696625271990704 0.0015207770628019905 0.02227159984580488 0.00169731601468345 0.9999984569406637 -0.00045302829644993856 -0.038723725052342846 -0.0015200060968960075 0.00045560835980898873 0.9999987410004513 1.4970371780141851
0.9999990803567729 -0.0012783653095219806 -0.0004528440623062482 0.01604464104745089 0.0012768604060561406 0.9999937131235591 -0.003308072075960782 -0.047846797946724084 0.00045707013991475005 0.0033074908150614066 0.9999944257801618 1.7419599215295747
0.9999966246802676 -0.0025804882274828647 0.00030283424412641996 0.0068727749281150856 0.002580675156495289 0.9999964787766545 -0.0006185062872184592 -0.03623951640370711 -0.00030123712958669786 0.0006192857163723725 0.9999997628706682 1.6323467836009231
0.9999950141470673 0.0009725652980262896 0.003004296548106916 -0.08327704358996224 -0.000972584372497869 0.9999995270277607 4.88810114025643e-06 -0.04687223996798743 -0.0030042903731606037 -7.810008642070732e-06 0.9999954870789957 1.6647630086682332
0.9999988097072775 -0.0006053012216972033 0.0014192231886135886 -0.03349145330811742 0.000606180779636756 0.9999996244455391 -0.0006193978069213228 -0.03356884942607066 -0.0014188477333688058 0.0006202573754755365 0.9999988010752299 1.5179277498102284
0.9999959698200763 0.0008835608629738912 0.002698085211076083 0.032262631893585 -0.0008819552609401034 0.9999994333373966 -0.0005962212699904537 -0.035080224139350996 -0.0026986104799519637 0.0005938392766651717 0.9999961824209077 1.5435680520658495
0.9999975354748079 0.0019216218599486443 0.0011119414275219568 -0.025604723131272315 -0.0019224280074068496 0.99999788977213 0.0007243768655281321 -0.009447805723402048 -0.0011105471026525797 -0.000726512707625918 0.9999991194318223 0.8229995175839729
0.9999966839753683 0.0022291967658531475 0.0012894650234080058 -0.03563903398413119 -0.002229983882841837 0.9999973279554494 0.0006093060346911509 -0.028231203348272702 -0.001288103314858017 -0.0006121795004370608 0.9999989830125379 1.3788041055566416
0.9999972640280961 0.0016464231107988663 -0.001661694094300002 0.04811270918518287 -0.0016423470568792875 0.9999956468003843 0.0024513417604005677 -0.0099868401485253 0.001665722806340636 -0.0024486059751932443 0.9999956148385406 1.620955175191871
0.9999942890377989 0.0033501745002486195 0.00044522197368142177 -0.021765830452703392 -0.003349717118548902 0.999993865270974 -0.001024117006413434 -0.023688917375534545 -0.0004486502130454144 0.0010226197900531796 0.9999993764806816 1.3951608799505595
0.9999994116682497 -0.0005682688672186928 0.000923977082385798 -0.07967757331766134 0.0005695158826642698 0.9999989266903118 -0.0013499147690560795 -0.007191776714948226 -0.0009232089761356032 0.0013504401944820174 0.9999986619973386 1.421436180915671
0.9999872703659262 0.0032508864898610837 0.0038588655241570567 -0.08941569378371357 -0.0032513589402363525 0.9999947075713099 0.00011616545014179192 -0.039104819474223756 -0.0038584674606939842 -0.00012871052831922851 0.9999925478034596 1.4447991196608523
0.9999996736945879 -0.0003725369273046049 0.0007168172393163514 -0.018646488129006173 0.00037400656425950487 0.9999978263775154 -0.002051184860867547 -0.03832232589972065 -0.0007160515391208521 0.0020514522859077402 0.9999976394040696 1.5649124876984686
0.9999942955586606 -0.00335454732349942 0.0003947941126282062 -0.010756823253496304 0.003354801882172148 0.9999941640402787 -0.0006459022490619128 -0.01984860330191039 -0.0003926250989647865 0.0006472230205825308 0.9999997134739055 1.0840048942397469
0.9999986401817675 -0.0016486475523438842 -3.9948266651227084e-05 -0.008183919379426132 0.0016486031027106848 0.9999980488800886 -0.001088275620425303 -0.015516106241462541 4.1742371645286656e-05 0.0010882082817319292 0.9999994070299792 0.7293000335480572
0.9999923936085756 -0.003887402549367571 0.00031753174893007846 -0.021154768097604824 0.003887295981570754 0.9999923881412663 0.0003355435572281532 -0.024869586587948328 -0.0003188337248030184 -0.0003343066650609295 0.9999998932920492 1.5783503617279917
0.999995157691243 -0.002177105565485215 0.0022236918451397506 -0.04110496553486312 0.0021775139252003736 0.9999976127904829 -0.0001812358706015356 0.011499667392568313 -0.0022232919670988308 0.00018607711295976273 0.9999975111709711 -0.19642148846199975
0.9999989506732135 -0.0014364169498153922 -0.00018803940397069707 -0.008509144424577874 0.0014361768872248203 0.9999981614448384 -0.0012706309027420083 -0.009436613773880243 0.00018986421401553862 0.0012703595115891525 0.9999991750688054 0.5058357587772685
0.9999990544467976 0.00011006172306427352 -0.0013707632646762528 0.00499452248137494 -0.00011046523980815082 0.9999999505920181 -0.00029430153362892855 -0.008194251592528371 0.0013707308056156887 0.0002944526770439283 0.999999017196857 0.4299941785302868
0.9999977668790896 -0.001822466198173261 -0.0010699784066652777 -0.00417191601884444 0.0018240364784551416 0.9999972582773836 0.0014684442927235936 -0.007836809671276396 0.001067299282993969 -0.0014703926931548391 0.9999983494074219 0.3684296581034637
0.9999243781665434 -0.0007821645271423488 0.012272985248234843 0.058857176063013855 0.0007672043815237586 0.9999989570874773 0.001223609984664435 -0.0005411564059841689 -0.012273929512909901 -0.0012141015649771948 0.9999239354129406 -0.49380521124838817
0.9999962612153932 -0.0013711961064906304 -0.002365877526957355 -0.010322979708818021 0.0013721615339895245 0.999998975969487 0.00040648825570632573 -0.015397786883421827 0.0023653177291129627 -0.00040973310207104233 0.9999971186912621 0.5571496455804764
0.9999974028875743 -0.0022750655924371373 0.00013525774114410982 -0.010956700943807945 0.0022748908916512016 0.9999965957441286 0.0012780342664596561 -0.02149994814143744 -0.0001381648924777419 -0.0012777232506575628 0.9999991741665375 0.8198231124717328
0.9999958522677338 -0.002168716079241447 -0.0018952883411685179 0.009190707305104599 0.002165986770881532 0.9999966161236974 -0.001440917229794043 -0.018198480133948983 0.00189840686811232 0.0014368060837811612 0.9999971658158036 1.0982599526855548
0.999995872024596 0.002866307483932521 0.00020053721832020567 -0.012512579983192893 -0.002866312944757284 0.9999958917534915 2.6948878654046196e-05 -0.032801707919208466 -0.00020045915069125703 -2.752356983450355e-05 0.9999999795292909 0.5101400082694635
0.9999805482528853 0.0021614346136266597 -0.005850753478782823 -0.014520659804842344 -0.0021581604189820254 0.9999975110614637 0.0005658749714005414 -0.0191121650096094 0.0058519620183671885 -0.0005532370995646221 0.9999827240853947 0.3221445065082707
0.9999999901998631 -0.00013987844858049644 -5.856058223361096e-06 -0.03502106565794562 0.0001398777659262972 0.9999999834413605 -0.00011641086563122233 -0.01500290308880695 5.872341497659711e-06 0.00011641004535800361 0.9999999932071085 0.5184148394225445
0.9999311183942756 0.001549109759245443 0.011634376894643502 -0.058132234236699346 -0.001538769954525077 0.9999984132244644 -0.0008976277518576902 -0.03714323248803311 -0.011635748957409445 0.0008796632922116895 0.9999319154515934 1.4087849283187557
0.9999948223404745 0.00253946466772316 0.0019764643795883775 -0.04430628641857723 -0.0025406975927218718 0.9999965792643684 0.0006215426807368474 -0.022008484858927143 -0.001974879232949003 -0.0006265610608919111 0.9999978536343228 0.8688607050062445
0.9999946807490402 0.0025274400051709324 -0.002061679084076497 -0.029660326899460146 -0.00252623146556516 0.9999966358551368 0.0005885855853782643 -0.04221801463287374 0.002063159763044329 -0.0005833741759696483 0.9999977015205398 1.276884330406655
0.9999447387604212 -0.0016410818039580232 0.010383943175126637 -0.0933186870151927 0.001645147052995996 0.9999985734138238 -0.00038296408696372264 -0.04613415140861845 -0.010383299886142179 0.00040002603740664 0.9999460120739735 2.444695195167951
0.9995354802651637 -0.0019446122605241646 -0.030414505983897028 0.030030846936351295 0.0019487391766400942 0.9999980955829287 0.00010604780708530223 -0.03463272031386143 0.030414241840126737 -0.00016526848513509772 0.9995373662748271 1.35324680991894
0.9999996106175298 0.00027361753166537685 -0.0008389864330247378 -0.004753531651277577 -0.00027744602477670433 0.9999895349036227 -0.004566520222185571 -0.04689143852346539 0.0008377281729593034 0.004566751217513276 0.9999892214393244 1.7162998607396875
0.9999649364293676 -0.0012684663189926242 -0.00827749388457434 -0.07269385847481659 0.0012564511046052552 0.999998149834914 -0.0014565910099640677 -0.02932245735981202 0.00827932620648079 0.0014461396703475923 0.9999646800950626 1.3516383773621499
0.9999938044095243 -0.0021790397916125297 -0.002764584625530099 -0.04251038711803839 0.0021784915373834848 0.9999976068217412 -0.0002013092435837006 -0.03757574049438171 0.002765016670238497 0.00019528537214300157 0.9999961582658389 1.5625714290459378
0.999980466689403 -0.0031994662959836913 -0.005369325382598686 0.010308081521899999 0.003205025331902403 0.9999943364771416 0.0010270473515744214 -0.02526493674586293 0.005366008969915872 -0.0010442361138059894 0.9999850576476996 1.2953343866281977
0.9999991206791029 -0.0012608215153538098 -0.00041105976077276723 -0.11077619415067268 0.0012595744390639688 0.9999946462771787 -0.003020080994343692 -0.05458765656759954 0.00041486534316852197 0.003019560578355766 0.9999953550595424 1.4648036229390278
0.9981155780657434 -0.005969111204701803 0.06107096309960537 -0.1910061878475805 0.006167937383875004 0.9999762727306802 -0.0030676577522039637 -0.045784516070411105 -0.06105120286215541 0.0034385588670201674 0.9981287126127584 2.753719256841488
0.9999575610495032 0.0022810094485242512 -0.008925978704023271 -0.04243887327126251 -0.002298479285704147 0.9999954622609594 -0.00194742149106236 -0.012936686012907102 0.00892149611343985 0.0019678550216939454 0.9999582663560069 0.6832720696069339
0.9999990272199527 0.0003480993568768702 0.0013506983326156015 -0.010034184770100171 -0.0003459165262689952 0.999998634485892 -0.0016159728055374577 -0.030753269871311467 -0.0013512590073123116 0.0016155040046760974 0.9999977821204933 1.760588676926421
0.9999992440744377 -9.919449608047052e-05 0.0012255655858416014 -0.020446959725427656 0.0001003611873659592 0.999999541871967 -0.0009519367035276348 -0.021390019029957328 -0.0012254705974940553 0.0009520589831517285 0.9999987959020289 1.569519736333101
0.9999976282536811 -0.0005345721749904057 0.0021113312394105193 -0.007201968535672478 0.0005339492266140676 0.9999998137586169 0.0002956026971493086 -0.023919112250783404 -0.002111488867169965 -0.00029447465237242114 0.9999977274471398 1.2701013840779882
0.999998014681086 -0.001985951026558475 -0.0001631943825149278 0.029896730912208954 0.0019860242301471334 0.9999979267655461 0.000449635815927994 -0.009574534272942019 0.000162301089464634 -0.0004499590312552996 0.9999998855976064 0.5963968016968986
0.9999954130085273 -0.002457422721255356 0.0017706031386598925 -0.001966414834067372 0.002455364875101427 0.9999963087573679 0.0011634667889018203 -0.022434091076587427 -0.0017734557326565272 -0.0011591139753351965 0.9999977556522597 1.3907768834350782
0.9998581362323178 0.00024237751028805747 -0.016841872318092574 0.04395574966349687 -0.00029591513361296385 0.9999949113789577 -0.0031764210086718415 -0.01763678380060694 0.016841016723171023 0.0031809541545170547 0.9998531200563395 0.44005914312823197
0.9999932762471212 -0.0015629031611413412 0.003317347473181228 0.023686115897010085 0.0015627252867931693 0.999998777364263 5.621083322249878e-05 0.002409287708185433 -0.003317431269362582 -5.102635249338082e-05 0.999994496007895 0.5114787692976315
0.999932483546392 0.0032666264460658886 -0.011151569414464345 -0.0006689717216265302 -0.0033126085946450826 0.9999860778422319 -0.004107401369346938 -0.038652864207089764 0.011137996814617886 0.004144064836859025 0.9999293833834393 0.54443218021179
0.9999966645702733 0.0015506700854899928 -0.002065495246676085 -0.08474616281804889 -0.0015578509714835487 0.9999927329491287 -0.0034795329115848016 -0.0661599781268059 0.00206008462901958 0.0034827390396238948 0.9999918132565397 2.39311780852649
0.9999950936523465 0.0016351590385622922 -0.002671876897119377 0.09596001865242401 -0.0016333755640212787 0.9999984418959457 0.0006695445824403183 -0.022688711340418118 0.0026729675459328094 -0.0006651771189880885 0.999996206384754 1.164427919062985
0.9999925667693903 -0.0005407326402765513 -0.003817592720405746 0.011312955447828888 0.0005402552870049615 0.9999998461152118 -0.00012607052102217806 -0.04178356573612208 0.0038176603033820643 0.00012400710926014768 0.999992705019414 1.8086627655151375
0.9999716065690536 0.0010396698837669479 -0.0074635877591425395 0.017548431507766075 -0.001044540975981291 0.9999992440095983 -0.0006487791460341867 -0.043220821125142916 0.007462907600602502 0.0006565567482105785 0.999971936577913 1.3094359457096718
0.9999930896292007 -0.003717123264014711 6.0732905041509266e-05 -0.01995193874488167 0.0037169254004414294 0.999988636069936 0.0029853302259251805 -0.006148161654975238 -7.18290553105036e-05 -0.00298508385650882 0.9999955420475415 1.0746439700840367
0.9999996561846523 -0.0002620673486953628 0.0007867345686323152 -0.00147793791205142 0.00026082054601533515 0.9999987107186322 0.0015844663821097684 -0.026943499844929993 -0.0007871487912140138 -0.001584260640806168 0.9999984352562772 1.2324098261275083
0.999999123233392 -0.00047359986449682043 0.0012366226648880861 0.016949204531048565 0.00047327798854848583 0.9999998540566495 0.0002605659699293562 -0.015022476083149201 -0.001236745888419253 -0.000259980475186441 0.9999992014345614 0.39298150026131284
0.999996014991026 -0.001995191670257239 -0.0019973012458792713 -0.009056273557189827 0.0019998150968163694 0.9999953195369312 0.002315522362237891 -0.012976880258486484 0.001992671986655113 -0.0023195073680449306 0.9999953245610316 1.0637645031896452
0.9983592118815239 -0.029597637959425382 -0.049019015478945924 -0.25465553853216844 0.02843805639383908 0.9993028965033869 -0.02418673166184013 0.26478007541576115 0.049700714279003945 0.02275304083334386 0.9985049514814601 1.9423665396079068
0.9999966157094499 8.036119517570227e-05 -0.002600406069082552 -0.017314324771518907 -7.836239077034301e-05 0.9999997014462354 0.0007687436351389922 -0.019316681251587184 0.002600467069878876 -0.0007685372594504973 0.9999963234539911 0.7817119439356512
0.9991887464693779 0.009590183505386445 -0.039113646075059266 -0.6491900747802509 -0.009619808430537564 0.9999535665321093 -0.0005692674887220656 -0.09782550633546032 0.039106370513149614 0.0009450714507239525 0.9992346063989386 2.366356210169597
0.9999958521530505 -0.0016862154729371244 -0.0023350276384962215 -0.014590112306894595 0.0016875100473229061 0.9999984234946937 0.0005525558493409851 -0.04976912641644101 0.0023340922290899595 -0.0005564939400246574 0.9999971211598365 2.3356108410516807
0.9983896706667517 0.006670777294328103 -0.05633441431509286 -0.22026509089822005 -0.008019858464278207 0.9996856247777924 -0.0237557042170615 0.09474621629302368 0.056158235158772725 0.024169243739203858 0.9981293003819327 2.478427705720295
0.9999929637431978 0.0023248354774417705 -0.00294407949935885 -0.04526219719356115 -0.0023265847464183182 0.999997118928202 -0.0005908796100857884 -0.07186352834506289 0.0029426973193740834 0.0005977251029604038 0.9999954916184314 2.4992745723276677
0.9999993644489552 -0.0011065252778423582 0.0002161099151923332 -0.001999126742497751 0.0011059771955579493 0.9999962132229241 0.002519990923671691 -0.011495563562185744 -0.00021889753048919783 -0.0025197503094508537 0.9999968014660092 1.5607685247369976
0.9999934516951616 -0.0014866503474051515 -0.003299460189306032 -0.0642350461719598 0.0014859339193175835 0.9999988718928103 -0.00021957571642428812 -0.03854086987491901 0.003299782899476397 0.00021467149876473906 0.9999945326595361 1.5914480958590733
0.9999710834147388 -0.0020864464969483896 -0.007312938900945333 0.03162924552066153 0.002078790755134559 0.9999972835143526 -0.0010543210665893412 -0.05056011123410654 0.00731511881994784 0.0010390885094442043 0.9999727042933321 1.8549933232050355
0.9999903503096224 -0.0033855087412839016 -0.0027995746465101752 -0.006820224497518734 0.003390360785863788 0.9999927558863162 0.0017302105747621895 -0.03859349690968443 0.0027936967230479423 -0.0017396854468644085 0.9999945843619185 1.3767226173600682
0.9992962418442546 0.03581785202453594 0.0111401307128076 -0.13782942748067634 -0.0355136591474602 0.9990204294230512 -0.026400030479918398 -0.08296089530364897 -0.01207481055371092 0.0259858244381633 0.9995893836362817 7.419838947888816
0.9999953384978028 0.0018167683467415513 -0.00245404471022941 0.00015523629708537063 -0.0018126047350827098 0.999996915977967 0.0016977922809648111 -0.03679201499604297 0.0024571216371768096 -0.0016933361536404581 0.9999955475730531 0.8637592252662372
0.9996889205350941 0.009499093868304916 0.02306142612804758 0.2674237686448433 -0.009587628893229684 0.9999470749905083 0.0037315667129307387 -0.033603126122559945 -0.02302475909936888 -0.003951510294618706 0.9997270857763172 -1.6845955602840528
0.9997462278882004 0.0018613154834287045 -0.022450285699402956 -0.12042979074207341 -0.0018769584419976045 0.999998010205678 -0.0006757304873295078 -0.03215370347176691 0.02244898328033324 0.0007176972590455147 0.999747732210643 2.3812819619978582
0.9999876472073679 0.0037818651081599317 -0.003225357185882441 -0.015785958684921685 -0.0037788258951974548 0.9999924109880672 0.0009478613435662839 -0.02697305814525326 0.00322891739235092 -0.000935661571576418 0.9999943492989832 0.08726651659047105
0.9999973039640276 0.0020415849246771425 -0.0011063433787177872 0.017355180523745534 -0.0020387672436422474 0.9999946907868443 0.0025420122443309484 -0.0280747171440758 0.001111527238781304 -0.002539749814333876 0.9999961570816551 0.06881299841602893
0.9999889258027528 -0.004700841447631229 -0.00022441377071106202 0.008788353578771857 0.004701261224688012 0.9999871284150788 0.0019081789911237258 -0.024076937378691037 0.00021544083525915357 -0.00190921288733167 0.9999981542439954 0.5866769857142914
0.9975266858288474 0.036782234639987754 -0.0598963961704187 -1.4019014119444044 -0.03973019927770195 0.9980183619612321 -0.0487940616630107 -0.896956391757969 0.05798294856825546 0.0510530743746984 0.9970113145156494 17.74639924394104
0.999998259370387 0.0017951895159133006 -0.0005084789071313599 -0.0018733180311243428 -0.0017968098896763106 0.999993251682123 -0.0032043820675517545 -0.06179202985750695 0.0005027230026615976 0.0032052901298387617 0.9999947366785321 1.6583701096152164
0.9999967869786448 0.0025306774331154483 0.00014732316727512288 -0.011258139308148188 -0.002530820721419112 0.9999963165907731 0.0009806892280985475 -0.02333953530021125 -0.00014484081652514045 -0.0009810589256477851 0.9999995082721401 1.4299818556991477
0.9997002733351754 -0.0004108851936631759 -0.024478453115583037 -0.034616685073243066 0.00021154258147606505 0.9999668014449578 -0.008145628132760093 -0.012914777419324376 0.024480987384302762 0.008138008435644337 0.9996671716503404 1.3440914734019893
0.9965806636362777 0.03423999702890142 0.07519709748213665 -0.8452447063170196 -0.03156631227752489 0.9988363962653847 -0.03646123180553579 0.22696470029479016 -0.07635803032736586 0.0339628635282724 0.9965018690928209 3.6426185915206757
0.9999989815478286 0.0014165163769209348 -0.0001743119610931211 -0.0171196791367798 -0.0014161982645781116 0.9999973559721518 0.0018117481008226276 -0.022839250610028047 0.00017687787106309544 -0.001811499395346978 0.9999983435907076 1.5649501383433024
0.9999994758420525 -0.0010145268037008227 -0.000138025307229059 -0.009049838332795455 0.001014790641796465 0.9999976321491532 0.0019250703988568077 -0.011846317686910694 0.0001360719448870294 -0.0019252094566059215 0.9999981375247523 1.2757133282253357
0.9999636205417137 0.0037380054088493337 0.007667131710778372 -0.20517507529050208 -0.0037127948414460905 0.9999876633671604 -0.0032997375579783645 -0.046812660061116985 -0.00767937156102903 0.003271151028249065 0.9999651628048739 1.458140857345608
0.9999965551323021 -1.9152473184862518e-05 -0.0026247584103492295 -0.01759700577991053 8.386923333402673e-06 0.999991588823603 -0.004101488962117675 -0.04969797252587379 0.0026248148867005763 0.004101452819383496 0.99998814414551 2.294134917817265
0.9999128202197604 0.003668404217248182 -0.012684430245920716 -0.17330865314741173 -0.0036749266042672623 0.9999931269254004 -0.000490934225698068 -0.02855727069321468 0.012682542119701396 0.0005375057763308807 0.9999194288606073 2.0061908934016626
0.9999881434663141 0.003992016410561955 -0.002788679216463301 -0.0027557295749623097 -0.003997172118105546 0.9999903079957971 -0.0018456786091045326 -0.012952828945238968 0.0027812842092763287 0.0018568035565643725 0.9999944083537164 0.9355456085449364
0.9999461897580442 0.009658713684198026 -0.00378508102102495 0.05652362511976982 -0.00968090327248914 0.9999358003227704 -0.005888577475858058 -0.10361880738472456 0.0037279619361986417 0.005924903613322397 0.9999754986083284 1.810420037188856
0.9999971017171465 0.002282174045553363 0.0007669673612410076 -0.015281598046461235 -0.0022824154218698267 0.9999973459923346 0.0003139874662611331 -0.03777325805920061 -0.0007662487516576208 -0.0003157370943700138 0.9999996565864098 1.5799130898366225
0.999972348907696 0.0007546100228172427 0.007398106767250776 -0.19630386447196008 -0.00034013583314872854 0.9984381993533208 -0.05586632599083077 -0.000743478408661194 -0.007428709688848163 0.05586226486468506 0.9984108481164186 1.8024157372040905
0.9999845667962362 0.0025406225132200665 -0.0049407900773983 -0.000984364994719709 -0.0025459778220280494 0.9999961780463246 -0.0010779098628908355 -0.06728412631421457 0.004938032631862588 0.0010904723692485771 0.9999872132701194 1.81744293473799
0.9999945468147298 0.0008972156546079229 -0.0031782612971323365 -0.003087697736195104 -0.0008930682842227677 0.9999987482691179 0.001306096947731232 -0.029648051990326465 0.0031794291694324456 -0.001303251420979107 0.9999940963655188 0.7757297070909684
0.9999909159924973 0.0030981865869993187 -0.002927314871651615 -0.001964455460680097 -0.0031057879530083433 0.9999918080874675 -0.002595734799513984 -0.037746039075661514 0.0029192488206050303 0.0026048028391025273 0.9999923464649579 0.7704214317235045
0.9999307446440394 -0.00119425796038894 -0.011708102473988674 -0.07979044204007474 0.0011723975637544931 0.9999975571707057 -0.0018738027041915785 -0.03094405860129103 0.011710311676888647 0.0018599463825016505 0.9999297021290466 2.3868000614867286
0.9993725311791042 0.03037749745813683 -0.018214048777023154 0.0034290007380814655 -0.031020105032126228 0.9988665337686345 -0.036102642574036954 0.14212144904537352 0.017096695834773145 0.036644990997593344 0.9991820893242235 1.6795701290623326
0.9997968482067301 -0.0004470704682003251 -0.020150991139034645 -0.11366334166058997 0.0003822922542814084 0.9999947479304281 -0.003218379125040228 -0.02945073155020099 0.020152324146889496 0.0032100217377209867 0.9997917681157021 2.5345580342199168
0.9999934268956563 0.0032175202178363234 -0.001671445222188393 -0.006264242348962411 -0.0032139622846126784 0.999992573132601 0.0021269993116848312 -0.02184696727547116 0.0016782764718750764 -0.002121613368791533 0.9999963410657049 0.9800541140780704
0.9995853382378944 0.0034174211221098686 -0.028591481471042266 -0.08113895050968803 -0.0033876271904487113 0.9999936674521285 0.0010904300349030942 -0.029319002969877942 0.02859502687275062 -0.0009931205952169386 0.9995905852646022 1.4126438645668717
0.9999893044944771 -0.002114295435675723 -0.004113471947364073 0.024200479378412923 0.002102126569859729 0.9999934086048626 -0.0029603734075604243 -0.0426642779509691 0.004119703937828544 0.002951694706195237 0.9999871576864505 1.7655089457482185
0.9998188979738583 -0.0010179578650754333 0.019003552723742025 -0.13060855338798338 0.0010263422302900693 0.9999993802351477 -0.0004314521379725704 0.0005234425745559871 -0.01900310174591074 0.00045087814980213103 0.9998193230943919 -0.08048630273556019
0.999708657581807 0.017313647851243497 0.01681777494393194 -0.1096356306040844 -0.017424424925117987 0.9998272955847671 0.006462849192081107 -0.14264373267043928 -0.016702974944917296 -0.0067540063468870554 0.9998376838398598 -0.42664221150331333
0.9999915660118872 0.0030476322829982427 -0.0027531513872354053 0.012871252190514578 -0.0030470063250535545 0.9999953310630972 0.00023152637371737206 -0.0410982589703665 0.002753844140196162 -0.00022313555133585307 0.9999961832692044 0.30885895327890256
0.999951386893742 -0.0009799756499676818 -0.00981139628222646 0.014173859350839094 0.0009685862252440333 0.9999988517004588 -0.0011655206939175343 -0.04521329892125273 0.009812527197704193 0.0011559608510468226 0.9999511878409393 1.724419235244333
0.9999919164634962 -0.003623080043025383 -0.0017436452237001292 -0.029955024552234408 0.003623057955305889 0.9999934365787545 -1.5826063589836647e-05 -0.030089808843618608 0.0017436911185171886 9.50860796027934e-06 0.999998479724279 1.5980340324568054
0.9999954372986515 -0.0024313654118592047 -0.0017927197527679935 0.02651264711967232 0.002431868291259693 0.9999970042545643 0.00027838554397848706 -0.030392305883257947 0.0017920375252531886 -0.0002827439321102225 0.9999983543273339 1.1757700853401938
0.9982924013579948 0.01593916951820555 -0.05619808062522405 -0.5481817416336613 -0.01596575887132483 0.9998725388567536 -2.416220814104835e-05 -0.067385800570428 0.05619053242808783 0.0009213659530807829 0.99841963880436 1.022772072543552
0.9985336119836489 0.018784039055107546 0.05077189789307278 -0.1550208514356448 -0.019090377978614046 0.999802327973616 0.005555398020944186 -0.1557460575491863 -0.050657508895740846 -0.006516506373330506 0.9986948242266824 2.24399070007274
0.999815968652366 2.7334418206727626e-05 0.019184057979487374 0.0034685004557441224 -3.3619520831073634e-05 0.9999999458726462 0.0003272986906578616 0.02254899686362335 -0.019184047994585795 -0.00032788341627561674 0.9998159154539432 1.369642031825161
0.999994783500031 -0.0031172797174854696 0.000845895908852452 -0.006517656281170342 0.0031169195542573446 0.999995051331087 0.00042676202812534197 0.019869604989541684 -0.0008472220594081342 -0.0004241232124220314 0.9999995511670408 1.217120893928338
0.9999958716407445 0.0014839067193001241 -0.002460634535291152 0.0025256566796821017 -0.0014799187184902885 0.9999975898808598 0.0016217499985585315 -0.010854151133404275 0.0024630351305886043 -0.0016181017642838153 0.9999956575928847 0.5738307289553052
0.9998333547466933 -0.002112895877762991 -0.018132799204277936 -0.18788047504641286 0.002025997339130021 0.9999863825418599 -0.004809372685327626 -0.03668232052536733 0.01814271398536527 0.004771834223259368 0.9998240202792642 1.43267249403132
0.9999940147025019 -0.003424216668844393 -0.0004952770714095926 0.013444024157238426 0.0034245669970633416 0.9999938853583903 0.0007082278681211802 -0.0028548591232268965 0.0004928489172964016 -0.0007099197386798104 0.999999626556885 0.07077491588553918
0.9999993888387558 0.0010776936244470102 0.0002467763502920168 -0.011629876898662583 -0.00107797159014332 0.9999987816242946 0.0011290381645316955 -0.020816008050978618 -0.0002455592923940534 -0.0011293034924020609 0.9999993321869048 0.16023778642880906
0.9999870027413261 0.0011152395154874258 -0.004974996406194215 -0.04821814670741567 -0.0011222442185737304 0.9999983826909143 -0.0014054122061783806 -0.012517896226126252 0.004973420988859472 0.0014109771006267319 0.9999866370243599 0.6179626915919476
0.9999981135147994 0.0017766556489188417 -0.0007851506529942959 -0.020999435924161196 -0.0017758863488920112 0.9999979434746906 0.0009794253751639705 -0.010730428222353585 0.0007868891399377229 -0.0009780291891659896 0.9999992121318829 0.3188009595266548
0.9999968903498939 0.002476885994856363 -0.0002903899284047048 -0.012828498568561058 -0.002476572021985804 0.9999963537219706 0.0010766307553120795 -0.051015660704269716 0.00029305556120172975 -0.0010759082357950766 0.9999993782697596 2.310196435076066
0.9991866421771783 0.001110227415641075 -0.04030907453392859 -0.26869080151344266 -0.001189862034260991 0.9999973876162324 -0.0019516631497005837 -0.03134901982357635 0.04030680244122169 0.0019980379866343426 0.9991853529356646 1.2388135721036964
0.9999512021907098 0.0027063150356701517 -0.009501005014307529 -0.10269949976421554 -0.002676542692578915 0.9999914727708038 0.0031449173111096893 -0.06230115338014077 0.009509435134065148 -0.0031193340004913362 0.9999499189453561 1.5087800270785308
0.999996804278896 0.00023303238658591073 -0.0025173652698157693 -0.01808371914640285 -0.00023291593813742597 0.9999999717915785 4.655113455413776e-05 -0.02715816159064286 0.0025173760467268468 -4.596465129621393e-05 0.999996830347522 1.09684029164024
0.9999989429643049 -0.0013741662143790226 -0.0004751183938031723 -0.05174172573002966 0.0013740617524411445 0.9999990317499163 -0.00022012162654883835 -0.01815642808945199 0.0004754204174720262 0.000219468551859529 0.9999998629044812 1.3512292091607556
