1.000000e+00 1.197625e-11 1.704638e-10 -5.551115e-17 1.197625e-11 1.000000e+00 3.562503e-10 0.000000e+00 1.704638e-10 3.562503e-10 1.000000e+00 2.220446e-16
0.9999589658996705 -5.396705962089116e-05 -0.00905889608283217 -0.5282383715268862 5.1649232901358206e-05 0.9999999658730028 -0.00025609761343783075 0.007424318170503848 0.009058909935434144 0.00025561993235737973 0.9999589345647014 1.0100980658403786
0.9999448491674157 -0.000518898334383279 -0.01048948811448734 -0.5296769108567877 0.0005189811879484043 0.9999998653158791 5.175155353423112e-06 0.0074513961384637065 0.010489484357248951 -1.0618004229273735e-05 0.9999449837927654 1.009371497455573
0.9999248439684016 -0.000755985066995313 -0.01223662097885888 -0.5314516282996591 0.0007536911065746939 0.9999996975276254 -0.00019207846318549735 0.00712482854314216 0.012236762826975382 0.00018284210766450024 0.9999251113022833 1.0084879943337681
0.9999200316443767 -0.0012075129362993512 -0.012588574986810711 -0.5318163006475127 0.0012161755155750045 0.9999990289208635 0.0006804964908080805 0.00777376046397087 0.012587741394876267 -0.0006957512765521576 0.9999205291943593 1.0083138764910837
0.9999575174212986 -0.0023132282773158045 -0.008922573698531337 -0.20640645378771355 0.0023226219089849806 0.9999967592294706 0.0010425735574582497 -0.010830722293161399 0.00892013341277153 -0.0010632523187162754 0.9999596495454063 2.318455511519769
0.9999345258592743 -0.002967195068324636 -0.011051684956815687 -0.21133316835447702 0.0029854543057547334 0.9999942052102415 0.0016360351473712694 -0.009589269248904157 0.011046766820070346 -0.0016689216170952378 0.9999375898767944 2.3180540763000255
0.999977748732868 -0.0037610394523211028 -0.005509683972436296 -0.07530632776847443 0.0037746677488199234 0.9999898372711693 0.0024652061711560656 0.04802246330980952 0.005500356582206163 -0.0024859478309725933 0.9999817829045977 2.6613174678383524
0.9999426774861682 -0.003470249097854327 -0.010129121678118056 -0.08582519157324098 0.0034824189691550324 0.9999932353322994 0.0011840817626510975 0.02685559075056718 0.010124944440187845 -0.0012192870208745713 0.9999479980701045 3.318740959563761
0.9999723399488287 -0.003805507843858573 -0.006390418046598944 -0.07343657642277067 0.003807480033837896 0.9999927075725438 0.0002964761886740523 0.02389109269852327 0.006389243543390347 -0.0003207986646087473 0.9999795371201652 3.3191009305895434
0.9999703203559298 -0.0026741269543411068 -0.007225472113610266 -0.07618690420158797 0.0026701223966817725 0.9999962762693374 -0.0005638201566315247 0.021093847395697127 0.007226953275508142 0.0005445112403877963 0.9999737369849104 3.319081277577057
0.999966070671584 -0.0009613479752974668 -0.008181278023038545 -0.057057184535711736 0.0009547603932812048 0.9999992169168377 -0.0008090718107492081 -0.013751089852155268 0.008182049756899882 0.0008012339119357109 0.9999662054753227 3.893588583622915
0.9999564301727663 0.00018314711016207544 -0.009332963458455365 -0.06156804285499915 -0.00019786728421821058 0.999998738019173 -0.0015763268517122889 -0.01671285119763801 0.009332663321676987 0.0015781055722491508 0.9999552044900513 3.893541105606224
0.999897158885526 -4.336427067762735e-06 -0.014341256014424712 -0.20448894219709013 4.3164159115818325e-06 0.9999999999896647 -1.4272663784213816e-06 -0.03414006239559377 0.014341256361358296 1.3659295419376964e-06 0.9998971588988 5.444239434492129
0.9997986272638958 -0.0012481238740596563 -0.0200286568283299 -0.23541985795523013 0.0012347576730842038 0.9999990066850297 -0.0006797069459401298 -0.03799528385159203 0.020029485632906647 0.0006548402466295938 0.9997991752867779 5.443021999994212
0.9994448030887172 -0.0030685527098075296 -0.0331763400725898 -0.10232993687753261 0.003106615554995827 0.9999945740646524 0.0010958023362441997 0.47393373661292015 0.03317279787339623 -0.0011982593713965573 0.9994489129898678 6.677349396685372
0.9994283583339457 -0.0032166639686745046 -0.033654265820150235 -0.10558395963571254 0.003236249053590333 0.9999946242074074 0.0005274933711822366 0.47015046360747953 0.03365238847359573 -0.0006361047069994872 0.9994333955511245 6.677604675089994
0.9994223824910532 -0.0006288743717113497 -0.03397802039227232 -0.4581878988321383 0.0006494468471952204 0.9999996124356747 0.0005944309640716958 0.4719861725461848 0.03397763374192064 -0.0006161538156537725 0.9994224035822149 8.243254406913865
0.9991383168494201 0.0021460530005272356 -0.041448983480482406 -0.22360271135649562 -0.0021036656571624974 0.9999972188709984 0.0010662281595554652 0.5135981307860984 0.04145115672826441 -0.0009781138927627696 0.9991400527083011 9.552186404569788
0.9985882446450232 0.0035336203749186906 -0.05300029384477427 -0.22030871499469334 -0.0034390065224372346 0.9999923264323902 0.0018762497111867627 0.4893098129681023 0.053006517438051313 -0.0016913318366188906 0.9985927340709971 11.355038311343195
0.9978484846640616 0.0023366265050116172 -0.06552054475907924 -0.7908155692735575 -0.0021599250292281174 0.9999938375589754 0.002767593138002279 0.531910509184992 0.06552660816419857 -0.002620118441832047 0.9978473824401687 12.726211643822573
0.9972565614097034 0.0017437285273591758 -0.07400209514396675 -0.6171140548137766 -0.001608751352079485 0.9999969321084663 0.001883532677506517 0.47850167867301374 0.07400515282317763 -0.0017593136383350632 0.9972563071843448 15.019154447482244
0.996331384283079 0.0023005481683897114 -0.08554811577352738 -0.7396041824751145 -0.0022447376260748843 0.9999972003904622 0.0007485754373673894 0.4416056798838881 0.08554959874572228 -0.0005537954154983866 0.9963337591000387 15.392645079137012
0.994746475003352 0.0008198956471300502 -0.10236590335664213 -0.2992967788775547 -0.0009902183735770544 0.9999982087550157 -0.0016130567216848756 0.2840740323870092 0.10236439779522356 0.0017059477974167056 0.9947455050805665 17.765050574741725
0.9944165350700247 0.0018148676915168448 -0.10551047797665253 -0.3551601345298333 -0.0020015172245829204 0.9999966139160048 -0.0016631544908526931 0.28166321623298035 0.10550710264302911 0.001865050076173859 0.9944168004183548 17.764118129228727
0.9935332429556855 0.0020283984461742783 -0.11352348067499256 -0.7064891724578473 -0.0025121455373585027 0.9999883642416867 -0.004118312767696389 0.20236755038418436 0.11351380650281523 0.004376868855565648 0.9935267781169173 19.33672030823165
0.9925426062511015 0.004906638346031056 -0.12179942361671699 -0.13029888869841533 -0.005286079676442394 0.999982129865058 -0.0027923660172049533 0.18407835847004944 0.1217835462528747 0.0034153844122164012 0.9925508063059854 21.75556081741797
0.9914453283795183 0.002142273522752683 -0.13050506277559792 0.4118048233191692 -0.0025164427492474868 0.9999931826735424 -0.0027022432092542906 0.2255142485038249 0.13049838447398407 0.0030075356344523626 0.9914439603283565 23.123568626927963
0.9909889342847794 0.002303022481443715 -0.13392396395620806 0.9160661155603798 -0.002474272732834688 0.999996320380647 -0.001112293984548257 0.2148908396758204 0.13392090986683663 0.0014336361519382422 0.9909909861751259 24.589579859072398
0.9895886717177192 0.0014837940813554739 -0.14391684774807395 1.1422005512353093 -0.0016542916688199211 0.9999980645031933 -0.001065038659378042 0.19537464945125094 0.14391498923682478 0.0012920313430244313 0.9895892110501772 25.755409421931393
0.9895199961416838 0.006554466476245093 -0.1442470661975935 1.0050422022119234 -0.006295536214623439 0.9999776484120514 0.0022514224327899912 0.2122329470335566 0.14425859925679632 -0.00131971417940493 0.9895391427277733 26.385414660528745
0.9880789844814046 0.008093801970060082 -0.153734871421226 1.1740375811992696 -0.007728565011862093 0.9999657139540886 0.002973247887049057 0.23177997497495467 0.1537536656768033 -0.001749653096767622 0.9881076606858695 27.17772926559935
0.9871953369891862 0.008395438957826898 -0.15929495636328012 1.0210864354458278 -0.008044036690221504 0.9999635829079144 0.002850672789652277 0.22681803762554192 0.159313088290116 -0.0015327957044575034 0.9872269194779218 27.183967543800943
0.9869852468220338 0.009063973389324907 -0.16055518313760972 0.9864853837893951 -0.008750111630054565 0.9999581743520647 0.0026617844211867248 0.2180142593965936 0.1605725944926817 -0.0012222654715932913 0.987023276357424 27.185356321166797
0.9863471467766577 0.009750227513298513 -0.16439050762316687 0.9507204322956098 -0.009606221092957345 0.9999524630208788 0.001670992729160544 0.17105005048878466 0.16439898589060803 -6.900664213638402e-05 0.9863939217101334 28.376572115178085
0.98642294948933 0.008378249340362545 -0.1640108824038415 0.9482031137839665 -0.008183532390430515 0.9999647791460714 0.0018628653240084735 0.22880833781157936 0.1640207136869803 -0.0004953840320951603 0.9864567705611321 28.607125485161312
0.9863434561856615 0.011116831613481377 -0.1643259029550975 0.7116053928751493 -0.010642453119179489 0.9999362720701712 0.0037669609561262266 0.2730681913735413 0.16435730781237237 -0.0019666858635689387 0.9863989089730114 29.964942852982613
0.9861183121975857 0.01228907712276814 -0.16558880644052273 0.608665116315979 -0.011734104462364316 0.9999217804745407 0.0043294030377002005 0.28010101924528275 0.16562905886664966 -0.0023262665571637964 0.9861853798606733 30.383746364029783
0.9868448889505324 0.01177292255624374 -0.16124069999864107 0.7424728292592949 -0.011165549448848374 0.9999267465124161 0.004672485493498251 0.29353908817385044 0.16128389770128146 -0.002810676711919619 0.986904050322655 30.38074975512279
0.9869071019990733 0.012107485947846996 -0.1608346377413186 0.7550451670595344 -0.011397651494408096 0.9999208108254943 0.005335318688961475 0.31201170147258683 0.16088649901158 -0.0034323260492913617 0.9869669465980643 30.380286625605045
0.9851274042809957 0.007104903570808104 -0.17167852970920894 0.412496062828668 -0.006276803151774359 0.9999659038271163 0.005365904652046578 0.36900396447554484 0.17171080069926264 -0.004208506679094599 0.9851384113433754 31.62780393373746
0.9860756881149156 0.00492226779353823 -0.16622427162050826 0.4176535836354578 -0.004388711209678263 0.9999839719444253 0.0035770201348448785 0.30306422305704317 0.16623921475576692 -0.002797701560121046 0.9860814857055104 32.47492353791604
0.9851822275834988 0.0020255627301810335 -0.17149890796631073 -0.09164229670377838 -0.0016355617529438696 0.9999957455325428 0.0024153380565015863 0.25971589973741377 0.1715030710843612 -0.002099050366279862 0.9851813491476764 34.212963533372225
0.9851458287096513 0.0020818550500757743 -0.17170719827594144 -0.09886785412541822 -0.0017364244938151464 0.9999961554780423 0.0021619116788803685 0.2505835136300115 0.17171103926641346 -0.0018316409816071738 0.9851456563362189 34.21303481186845
0.9846606914507231 -0.001690317378920717 -0.17447196170772908 0.016840366431679188 0.0022033239825686615 0.9999938005221769 0.002746686124107736 0.27775801565899033 0.174466237637005 -0.0030889714099299284 0.9846583114427017 35.60274288582841
0.9844883762769148 -0.001400141836310045 -0.17544422606912538 -0.35959056153951113 0.0017366933909728737 0.999996934755097 0.0017647603452709227 0.25061501230018296 0.17544121771040547 -0.00204207816908186 0.9844877902543686 36.93851178310127
0.9831104148335733 -0.00257900578545108 -0.18299524817000096 -0.834867350157913 0.002751565710153091 0.9999959770227838 0.0006890758345906406 0.17653909545397464 0.18299273518886527 -0.0011809603747295915 0.9831135561682048 38.800298963192766
0.9833059033643868 -0.0036393627335124445 -0.1819237624018323 -0.7039172917845876 0.003988284274645908 0.9999908421584528 0.001552156622202837 0.31263983903102754 0.18191644784705938 -0.002251807745362495 0.9833114132783073 40.45440446576516
0.9831608127356919 -0.0013135678331760937 -0.18273776489335558 -0.3660709220244743 0.0014863528730011705 0.9999985684765671 0.0008085797285469139 0.27237128525851523 0.18273644151080257 -0.001066576000054787 0.983161357804813 42.07068616534641
0.9844864489030585 0.0035011364226581487 -0.17542569324795748 -0.3555706393804751 -0.002983406423166553 0.9999903817421921 0.0032149204734463594 0.24620898153745596 0.1754352621691551 -0.002641678794734548 0.9844874252294049 42.62148501980294
0.9833452767152973 0.006051312639563867 -0.18164649254521542 -1.4860142740468518 -0.005393686621020379 0.9999769907784662 0.0041141297823785936 0.23550625883260176 0.18166720922156027 -0.0030658651277066973 0.9833552896497557 44.059345405865905
0.9817952580772795 0.008200452339881944 -0.18976518034012743 -3.17687464464364 -0.007364245448853972 0.9999598205833861 0.005111273296932683 0.1176666704412116 0.18979947077359707 -0.003620745815903988 0.9818162003225264 45.29721047459723
0.981829187673697 0.008905610475250986 -0.18955773844710894 -3.167443479637276 -0.008019962892720061 0.9999530489508137 0.005438758728473371 0.128851653308031 0.18959727431376217 -0.00381968533184323 0.9818545124906801 45.29790934157283
0.9817562262154609 0.010505209887926817 -0.18985350332018822 -3.1813959378656262 -0.009541516494711631 0.9999365415323064 0.005989355510335687 0.14537682039889785 0.18990437527913426 -0.004068596025703959 0.9817941611649675 45.297089775340254
0.9818264907136734 0.013115548252664588 -0.18932703028684505 -3.3462388879008396 -0.012136016188480134 0.9999063057684904 0.006332203713668327 -0.022081581583464904 0.1893923420942517 -0.003919448742060793 0.9818936698028421 46.10926273485491
0.9809847348202078 0.013620348810603271 -0.1936063945622283 -3.7367462831233844 -0.011933834707116014 0.9998800297474678 0.009874700744999115 0.09850054625025237 0.19371766475701171 -0.0073764632771913495 0.9810295888859885 47.139775406570116
0.9821357959238377 0.00967581015217238 -0.18792460438953962 -3.7531384976185738 -0.008269453087524699 0.9999316406855769 0.008266203047284338 0.07034706968720908 0.18799174053846976 -0.006564499504837325 0.9821486715117097 48.36784715961467
0.9800342126609383 0.011553424547448997 -0.1984929728225025 -4.184986963257444 -0.010325597268532338 0.9999206255025737 0.007219746902166668 0.04690754349817935 0.19856063067764265 -0.005026039769816697 0.9800757190109108 49.62533775826742
0.9810882947709939 0.011798953778989305 -0.19320078266178786 -4.338970329498229 -0.010963505556149715 0.9999253564812426 0.005392867409702676 -0.07272016709266613 0.19324999200327003 -0.0031727205330514684 0.981144420847397 49.55562836244643
0.9799946265999472 0.010095522991767067 -0.19876773409069176 -4.619662570124586 -0.009382954915230307 0.9999457338322778 0.004526538816512803 -0.10715062776673358 0.1988026458382511 -0.0025709543266649996 0.9800361719501962 49.53025750298811
0.977964302386023 0.006018463886445121 -0.20868541206898375 -5.195972840643406 -0.005434080292357725 0.9999795448609923 0.0033735197513848555 -0.13534178973423286 0.20870144712003263 -0.002165167903413818 0.9779770028758782 51.127207065614314
0.9778550092543021 0.0032686601120525236 -0.20925796662730797 -5.225047627116485 -0.0028911987342617428 0.9999935951032145 0.0021096742143149956 -0.18568732617851064 0.2092635224929281 -0.0014579484283785535 0.9778581966101803 51.12411899919704
0.9763699888737093 0.007289425052406438 -0.21598265894156185 -5.381965365945964 -0.0068866474614933835 0.9999728613043448 0.002617392773291749 -0.20058789478029135 0.2159958770752219 -0.0010681466221557578 0.9763936912391453 52.75832140937366
0.975814087210187 0.006410493273850128 -0.21850806079193494 -5.5181380909163025 -0.006100995621604126 0.9999792023578251 0.0020911018414252846 -0.22347775132889497 0.21851692166643538 -0.0007074092119615927 0.9758329030433628 52.74418679716683
0.9763824039065544 0.004955545771923343 -0.2159926937715018 -5.2857268303930525 -0.004529751926051865 0.9999866991876377 0.0024663330250755773 -0.2195250867217104 0.2160020432522499 -0.0014296901463792429 0.976391864693034 53.32676700225108
0.9755295118038637 0.002353020604827852 -0.21985594089512348 -6.099212355816383 -0.002048052331011654 0.9999965985509268 0.0016150450229786375 -0.1980370930041776 0.21985899363311268 -0.0011252469102379836 0.9755310127733993 54.17796662030667
0.9754755920572055 0.0012127753344405693 -0.2201042896672182 -6.453987830220888 -0.0008228377054526324 0.9999979255710669 0.0018632751507345821 -0.21035138972384632 0.2201060931431828 -0.0016364686218599302 0.9754745664935618 55.66398232836305
0.9751220034220225 -5.378727240647512e-06 -0.22166884820810154 -6.533421930940877 0.00029582576551153474 0.9999991407845172 0.0012770744602994513 -0.25842657201627073 0.22166865121017454 -0.0013108780628735815 0.975121167247905 55.93749815322239
0.9744002546768511 0.00042533997789317746 -0.22481984481380735 -6.866585621542825 0.0002777479150163519 0.999995169726891 0.003095704024373201 -0.24860370931845033 0.2248200759313627 -0.003078897333262398 0.9743954299946656 56.82831093735948
0.9745708959414746 0.0011848560465280216 -0.2240762476273537 -6.761054693568306 -0.00035290278788018827 0.9999928958589313 0.0037528251517778702 -0.14229696470583508 0.22407910264782355 -0.003578316338249462 0.9745643906651962 57.18511691170163
0.975561766083889 -0.00021979197640681504 -0.21972526504858184 -6.690525462002587 0.0007989230070181604 0.9999964376295518 0.0025468517630028798 -0.28999903567935237 0.21972392286073966 -0.002660154072990497 0.975558466441365 57.36403261782672
0.9740036523525663 0.0016817432822204144 -0.22652606206016748 -7.525931694536138 -0.0010111567117302165 0.9999947569294761 0.0030763094763762125 -0.29992421210960246 0.22653004826284207 -0.0027672826183215626 0.9740002461639928 59.01810889278144
0.9736893232904171 0.004477176994804562 -0.22783559081912164 -7.98045788595295 -0.003807010103657326 0.999987038240575 0.003380832669447196 -0.36603939162624427 0.22784777458715721 -0.0024245075786361358 0.9736937472976619 60.44479912524946
0.9717716946436639 0.00718069640850151 -0.2358139328583858 -8.92973950943708 -0.0061881854198928745 0.9999686079741823 0.00494868003796939 -0.37569973651240657 0.23584206548152145 -0.0033497261475780747 0.9717856243203757 62.16265807379574
0.9707756975311904 0.00910037729294309 -0.23981602960296086 -9.207731432210677 -0.008283825913167606 0.9999559521216561 0.004412714649419049 -0.4095917175099065 0.2398456239147805 -0.0022971612039314857 0.9708083229427396 63.27394301617973
0.971881747025235 0.011500990113446994 -0.23518842842795712 -8.892896278404193 -0.010335029699144934 0.9999274352022122 0.006189628367125643 -0.37699517677940375 0.23524254921313473 -0.0035849067400454447 0.971930085774828 63.830733338698955
0.9722397927698919 0.014631288089467977 -0.23352882178566284 -9.329890891670933 -0.013767293631524645 0.9998910232942838 0.005329462304618826 -0.4217760283224407 0.23358134981376488 -0.0019664547672860228 0.972335274597679 64.55708679179018
0.9720863377152228 0.014666452524378313 -0.23416457255173043 -9.37211895953708 -0.013856206202960807 0.9998909660022858 0.005105062510668218 -0.43688911896298455 0.2342139141406122 -0.0017179282188064101 0.972183568724769 64.55088026025555
0.9709315089200321 0.01537193319340061 -0.23886336783507264 -9.915378775291268 -0.014486210107513216 0.9998801440651235 0.005463261669036253 -0.46145181140760816 0.2389187198672173 -0.001844227264907536 0.9710378181504686 66.42073646207442
0.9712980116019279 0.0188681926298564 -0.23711635077001064 -9.577419317306903 -0.017450257575398642 0.9998151042897525 0.008077484459846454 -0.3073190644555027 0.23722491683778169 -0.0037079025004798905 0.9714476776658197 66.87550081652746
0.9694484382301691 0.025337168541482758 -0.24398310051000313 -9.972489244666763 -0.02380245676342785 0.999674007973171 0.009236928426115872 -0.31434486747428747 0.24413760190742856 -0.0031473279390606406 0.9697354927085925 67.72236453748563
0.9687952747865324 0.028766430978516392 -0.24618734294975764 -10.275091488455615 -0.027350071932507953 0.9995838445173453 0.009171224388940176 -0.36421454653348034 0.2463487144609705 -0.002151796617022177 0.9691788693603189 67.94736411995216
0.9679779018933581 0.02911719806489278 -0.24934107172588985 -10.422749949804086 -0.028055042976004484 0.9995758431989914 0.007813338996580961 -0.46922013173042143 0.24946281488379385 -0.0005678643097895499 0.9683842118107406 69.18044061828964
0.967430282808028 0.025320697846761827 -0.2518680408318455 -10.94335893361138 -0.024749049541126233 0.9996789063309123 0.005437719219529344 -0.6201605258520093 0.2519248547737772 0.0009728810735478816 0.9677463103609424 70.95852691370078
0.9662599869786851 0.030633296996052713 -0.2557405687427427 -11.064002285247316 -0.030163412586272958 0.9995283823338784 0.005760334782940659 -0.7113159154886466 0.2557964153484183 0.002148027972599787 0.9667282865636689 72.4239433847474
0.9648851921448733 0.030601738893960322 -0.2608833060481549 -11.449372206985514 -0.030245217666544203 0.9995280178451666 0.005382226019187275 -0.7394964730131864 0.26092487958769495 0.002697242884369522 0.9653553398974201 72.3637663106034
0.9640345637062828 0.02792856921440718 -0.2643054195780067 -11.871323144894577 -0.027518554997061056 0.9996074831266574 0.00525440901820908 -0.7183006024559195 0.2643484236959045 0.0022078720127601185 0.9644247178331565 73.79490401109545
0.9628284320082086 0.03170083136502604 -0.26824702723537686 -12.288831912295366 -0.031228154753629212 0.9994940948029403 0.006029660993607099 -0.7060197234713138 0.2683024652650374 0.0025713313314921905 0.9633312906615696 75.8354552814259
0.9616411374529525 0.03168616361448477 -0.2724744200912841 -12.621690376782123 -0.031249075904006964 0.9994939508748237 0.005944529133918548 -0.7126990287250877 0.27252489430020144 0.002798070769425466 0.9621446632234131 75.78071926749983
0.9603830208086688 0.03698189370073435 -0.27621874065129504 -12.56148648789221 -0.03619730846219324 0.9993131187414698 0.007940124726179248 -0.6414223203754604 0.2763226523513907 0.0023728146796437115 0.9610619968203643 76.55910933239181
0.9602231065649829 0.037892731579696824 -0.276650910567439 -12.597056962531756 -0.03713843343542635 0.9992783677956367 0.007967460512349972 -0.6478782519618892 0.2767531795312467 0.0026238424336538385 0.9609374554335945 76.55323400571908
0.959183048452081 0.041960934260052284 -0.2796554296996566 -12.956883561084549 -0.04149169853879049 0.9991099414329203 0.007600255975428135 -0.750940306732946 0.2797254341573847 0.004313342779057582 0.9600703498955735 77.99015808072366
0.9569435862653672 0.042362113196239046 -0.2871661955529526 -13.450568330318744 -0.04221982593105097 0.9990859413302982 0.00669089992570078 -0.8482396931960774 0.2871871497889968 0.005721293708637835 0.9578574048311305 80.1272481654123
0.9545687350847799 0.04224314262244899 -0.29498143448732284 -14.115362270122422 -0.042233414819948564 0.9990872292196875 0.006406800269131817 -0.9257622333853746 0.29498282775661294 0.0063423427458873145 0.9554815049063552 82.70709223842762
0.9530122893143033 0.03510817844332359 -0.3008903322031578 -14.436302035007738 -0.03587434289145927 0.9993518647209045 0.0029802690163834075 -1.0603506142112318 0.30079994670547233 0.00795401063878915 0.9536540913681774 82.9574999040136
0.952899989502973 0.03451771220844251 -0.30131401782875283 -14.474761079869708 -0.035272091328742455 0.9993734270962272 0.0029381609321272417 -1.0521542345402624 0.30122664154840095 0.00782820272070302 0.9535204401952962 83.00852624677836
0.952188388477529 0.03262786124691311 -0.3037642100530627 -14.685644854900358 -0.033522287683595275 0.9994353895699302 0.002271190268857038 -1.0882056233799833 0.30366680601775176 0.008020270921454629 0.9527445336424671 82.97107087235828
0.9501040183677424 0.03204462153179582 -0.31028292943478025 -14.982920638936507 -0.0332846473826814 0.9994450688497518 0.0012986919385754704 -1.1660230671326004 0.31015236018782333 0.00909376615040262 0.950643370092392 84.16933353524466
0.9481808387361487 0.027141028928292156 -0.3165698365079108 -15.08614243863351 -0.029015613328319402 0.9995782283200052 -0.001208159233753457 -1.3037743130505108 0.3164035259550587 0.010331022086544236 0.9485684366268051 85.55392039178216
0.9482969761263454 0.02452888370249825 -0.3164351098082881 -15.07081406642551 -0.02654787577290751 0.9996453994064057 -0.002070201287444173 -1.3463019277873358 0.316272122327552 0.010363846289695007 0.948611899328301 85.55616124562071
0.9481227222632429 0.020813883285659154 -0.31722245440252916 -14.989782947363457 -0.023231329731080136 0.9997227425742019 -0.0038396995090092183 -1.4116810728620917 0.3170545833875641 0.011010006470771822 0.9483433824994596 86.544235998381
0.9442503477294858 0.01766393998908929 -0.3287541114840445 -16.152292362217864 -0.02037568994606836 0.999780847311188 -0.004805059956879252 -1.474560696416381 0.32859718816807504 0.011235772059997004 0.9444033278113477 88.27291421154362
0.9406648598529199 0.016734392037772307 -0.3389241527780191 -16.760772941755143 -0.019484676802465767 0.9997990449153956 -0.004713507036130517 -1.492842905813375 0.3387771668926178 0.01103765869142317 0.9408018928101299 89.30884838729817
0.9376871331438437 0.015107246621089572 -0.3471521441778157 -17.130161891944983 -0.017821579449509056 0.9998304752895651 -0.004627308156643864 -1.412160204310818 0.34702338774555636 0.010525767514602165 0.9377974071258511 90.6922821789174
0.9348616048210405 0.014692939979925369 -0.3547081858560632 -17.7088868283016 -0.017966203040534846 0.9998209727616286 -0.005936157431473043 -1.5471859379263526 0.3545574641433085 0.01192224562473786 0.9349582156019862 92.18950969552165
0.932980338751765 0.015626623189397955 -0.359587952960431 -18.046617805242246 -0.019180684216756325 0.9997960732872347 -0.006317688071277727 -1.623924920778731 0.35941589955873854 0.012791422404188488 0.9330898085946291 93.85553011552139
0.9328879863482011 0.015604350322661989 -0.3598284437645467 -17.611479705053394 -0.019755678624308656 0.9997739245971533 -0.007862114579235949 -1.8076628074655727 0.3596244125324223 0.014443128006526291 0.9329853579838904 94.8795089680835
0.9321554558134983 0.014216241013076633 -0.36177908238584844 -17.638396707093236 -0.018581636614286558 0.9997904446774032 -0.008590081459185066 -1.883870346010234 0.3615811513033586 0.014729739414476736 0.9322242788345404 95.93251894953558
0.9306715253287378 0.011960190062168023 -0.36566031444253694 -17.79558147239033 -0.016024658395836434 0.9998389292244446 -0.008082445076678976 -1.8166079812088551 0.36550474999044236 0.013381683787642878 0.9307132794386079 97.28929046936737
0.9309510316301695 0.01101785772590736 -0.36497778464029246 -17.39012235702987 -0.014614792518821876 0.9998680308482718 -0.007094273500046078 -1.7425692856930155 0.36485145545324776 0.011938496502101062 0.9309891986497865 98.44737128229085
0.931157774650886 0.011641743188097702 -0.36443060832734864 -17.00235566182487 -0.015689199742901828 0.9998437214576738 -0.008147494143848117 -1.877775151833771 0.3642788049264399 0.013304227794644049 0.931194904439095 99.33648724492546
0.9316246687913456 0.015149542870821731 -0.36310600051830466 -16.973143274458774 -0.01999500408820774 0.999754089974772 -0.009589545126805897 -2.1630003852559616 0.3628714322055764 0.01619416343996388 0.9316984882524296 99.8469170054932
0.931321642564356 0.01593978680210749 -0.36384876123098786 -17.227149883523825 -0.02136099161245144 0.9997126233362225 -0.01088020051177277 -2.3623383314435444 0.36357077182931097 0.0179051372212373 0.9313944922467063 100.58253021138708
0.9318652687840924 0.01861831278235336 -0.3623264812625278 -17.00954607786194 -0.023851391580338457 0.9996657497378733 -0.009974963935132168 -2.4111281888383718 0.36201965686082693 0.017937313905762593 0.9319978653786759 101.42437462914255
0.9343856097160946 0.016442126151034724 -0.3558836728606305 -16.050105026532833 -0.020582444695161527 0.9997573382104378 -0.007850328190014421 -2.067728675483743 0.35566823772421813 0.014660190381211977 0.9344972893157782 102.12144330292799
0.9355421496731732 0.008622512049171298 -0.35310981045795864 -15.519300085316495 -0.012374506265547248 0.9998884060205212 -0.008369413837163683 -1.855461703043895 0.3529982404766065 0.012199499649693893 0.9355444482601387 103.3228222878623
0.9370521276566482 0.006665911063023833 -0.34912587337199885 -15.057482210140007 -0.009920851727317787 0.9999223907930103 -0.007535853012931802 -1.7837868932680263 0.3490485449835756 0.010525113799375525 0.9370455354258975 104.72622995019253
0.9381244747780703 0.006350429802381932 -0.3462400058331898 -14.734738228173995 -0.009675804749033153 0.9999221664197017 -0.007876540697146744 -1.8135130733672342 0.3461630376351965 0.010739326974022405 0.938112902835943 104.77165349491744
0.9399479727586734 0.0060887145837970336 -0.3412634405267718 -14.46619189786073 -0.00925605244926903 0.9999278704855021 -0.007653712046053716 -1.7690814409832132 0.3411922244130343 0.010352844104178383 0.9399365323529814 106.29473198937413
0.9405174126282386 0.004365715727065931 -0.3397174367757638 -14.460269593649198 -0.007617352004762329 0.9999370483578699 -0.008238644167858652 -1.7444379873739002 0.33966008374773266 0.010336336272632172 0.9404914608292735 107.96854795479994
0.9409413513900514 0.0025047057578137014 -0.338560333581796 -14.57771525258966 -0.006381207642588852 0.9999262068295958 -0.010337362787861185 -1.9005239451517923 0.3385094584103722 0.011887276578040264 0.9408878995159708 109.62154716452153
0.9410997331354146 0.0015066673141331866 -0.33812574883972096 -14.510421583190967 -0.005195202902405372 0.9999364622407829 -0.010004065859510303 -1.85201486207538 0.3380891926093642 0.011171456260999546 0.9410477653328002 111.15913884035945
0.9402531761731531 0.00036745777659695494 -0.3404758867418233 -14.529192608705575 -0.003935148763728549 0.999944352682725 -0.009788060483238024 -1.7670508596030605 0.3404533437939807 0.01054307890078036 0.9402022997309388 112.82804214781217
0.9392809159740161 0.0034216901540750286 -0.34313212135010146 -14.822090167417286 -0.006769428295145981 0.9999404563944599 -0.008559117578040707 -1.8020195090762474 0.3430824036985395 0.010362224767304773 0.9392481508121616 114.32827106292893
0.9384896108775029 0.005916267285962611 -0.3452567853537594 -15.124759676094131 -0.010340123729749658 0.9998863310568323 -0.010973002820873996 -2.188271319065687 0.3451526214825029 0.013868047703522535 0.938444108818571 115.54038024324028
0.9393462428766904 0.0028197756273026673 -0.342958721478167 -14.895723058794426 -0.007537031919704871 0.9998944317504238 -0.012422499198652098 -2.179610244231697 0.3428874875863574 0.01425391945775693 0.9392683306040512 116.0672739253238
0.9387925931743362 0.00701480896850918 -0.3444114679167136 -15.322920410373547 -0.011985390043236146 0.9998524564461156 -0.01230511057136925 -2.2709145027820643 0.3442743345451619 0.015679853118035738 0.9387381557288921 116.97706612992214
0.9375753249505218 0.005297643147901751 -0.3477419226902369 -16.130104604153008 -0.010502118431113481 0.9998592558146435 -0.013083350151817094 -2.324877165091702 0.34762366943633116 0.015918653801882413 0.937499003280805 118.20336407739268
0.9345027300860886 0.009022022967361336 -0.3558416084893797 -17.582152788742643 -0.013470543363159301 0.9998590064416275 -0.010025551567092998 -2.1139186194802053 0.3557009866772169 0.014162285801986217 0.9344925029038313 119.2407458694085
0.9335273490943498 0.005841444970331667 -0.35845859702710375 -18.094471564141802 -0.009696858380942431 0.999912851928841 -0.008958765087912695 -1.8805024895861935 0.3583750262370601 0.011839175148186457 0.9335026377817369 120.17471343744933
0.9332781178285425 -0.0002540535031532389 -0.3591544097053455 -18.347723400056662 -0.0034104761012733625 0.9999483943969113 -0.00956959675346181 -1.7729186143347246 0.35913830683341685 0.01015598345094454 0.9332290891346999 121.13685162482261
0.9326546099046572 -0.00029165224166794406 -0.3607704163776037 -18.54822403071388 -0.0035226048834133034 0.9999446412762303 -0.009914919238838606 -1.849004591058628 0.3607533366144032 0.010518047438578395 0.9326019520906111 121.42367866629048
0.9316864899292309 -0.0033908424778068495 -0.36324755531383707 -18.79865699682507 -0.0016680677272938055 0.9999059568069602 -0.013612313269742032 -2.2167550532122546 0.36325955188185216 0.01328833056660213 0.9315932151352155 122.17781668990185
0.930993331223608 -0.00120987742313902 -0.36503418084151884 -19.137119606608074 -0.004948992044621727 0.9998607658724709 -0.015936007146344418 -2.665715736860252 0.36500263655884646 0.01664286830855751 0.9308577176419571 123.17823352084666
0.9299801746954452 0.005446852087182654 -0.3675693216797027 -19.56993113605306 -0.010915896773752586 0.999858470719585 -0.012801629163872001 -2.4449307213071902 0.3674475715949851 0.015917610770219193 0.9299080126822623 124.20117590162481
0.9305636295883188 0.006656588444155661 -0.3660696940232098 -19.344181635968937 -0.01120706782106003 0.999884077180028 -0.010306979070185456 -2.1536440123930363 0.3659586491917715 0.013693868413564484 0.9305303570008884 125.61289582385821
0.9300305364355617 0.00950526434681292 -0.3673592941652139 -19.58305896311473 -0.013083488610695021 0.999888114017069 -0.007251328310571425 -1.847482546626959 0.367249266334397 0.01155029857125298 0.930050841206097 126.23994937560398
0.9299166724959297 0.009810234359331343 -0.36763941747056894 -19.59580342464533 -0.013196565518918088 0.9998904859539507 -0.006698264488701936 -1.7697945425734356 0.3675334445633491 0.011080406156207815 0.929944295092314 126.38525568563696
0.929572923787167 0.004702850399436712 -0.36860827761188236 -19.804499129508052 -0.00839670859025515 0.999929316282569 -0.008417702250351253 -1.8183210157133536 0.36854263613132454 0.010919965054621786 0.9295467067150669 127.09123930908495
0.9297425607417015 0.002926516482031376 -0.36819859588531434 -19.747100631638784 -0.006808120079253656 0.9999341006378211 -0.009243585298106951 -1.8768004604830322 0.36814728064518937 0.011100895590526839 0.9297012155090044 127.1002150690044
0.9287087150876965 0.0016239035230682373 -0.370806533413191 -20.00686775025634 -0.0053033860430875 0.9999462992443579 -0.00890352239745431 -1.7459533230507895 0.37077216267761454 0.010235309710040538 0.9286674550489055 127.76480289297778
0.9296760564384089 0.0009922343511310923 -0.3683767708774891 -19.50707847517845 -0.004466119812777269 0.9999532365960083 -0.00857778424619072 -1.6617484648042746 0.3683510334707154 0.009619776097150827 0.9296370131913319 127.73812718281756
0.9297756802345895 0.0002514808720356327 -0.36812650131194363 -19.383848299924946 -0.003422400167470365 0.9999624554648952 -0.007960830749459942 -1.5711808168820909 0.3681106784941155 0.008661663696310476 0.9297416330387743 128.82129026028102
0.9286496887421284 0.0019939858306721576 -0.3709525298253116 -19.28863013145897 -0.005010512557051543 0.9999617543424691 -0.007168305644731074 -1.594326068874809 0.3709240493188081 0.00851550778507755 0.9286241629477373 129.838756321798
0.9287609718786449 0.0018965419927724418 -0.37067433146610534 -18.969804867653604 -0.005300974742614838 0.9999526078184908 -0.008165890760759874 -1.7571909913311399 0.3706412777630293 0.009549096578651994 0.9287270095244565 131.04203579537975
0.928522251055934 0.005774142351665975 -0.37123185253462604 -18.96308828185777 -0.009509039061144942 0.9999209099644302 -0.008231159086558797 -1.8822412364696237 0.3711549642267399 0.01117287322079359 0.9285037208777368 131.51361765188412
0.9309715031772999 0.00938826225155959 -0.3649711229228269 -18.410055585280798 -0.014011790879468591 0.999851604473854 -0.01002191261959024 -2.281551357050127 0.36482287481481557 0.014444014779662426 0.9309648976733209 132.96314695666695
0.9316141069629609 0.010274868840438121 -0.36330370565447595 -18.886927167114656 -0.015260796316995378 0.9998246098665204 -0.010856223327907442 -2.4640834336417954 0.36312843981623677 0.015658115326290304 0.9316075138559057 134.43541566903463
0.930058332135667 0.008498267245428171 -0.3673135963204163 -19.812913989842702 -0.013033056740577835 0.999866379578009 -0.00986723907512557 -2.276785444171539 0.3671806616054506 0.013964327530877245 0.9300448158831904 135.18882342946227
0.9316353875853493 0.007662351101284567 -0.3633136286184135 -19.518377131441547 -0.01126329710740228 0.9999061917199861 -0.007793964762499518 -1.996848378832924 0.3632198270152179 0.011353243397125417 0.9316342959409575 135.85082132773925
0.9312192248213168 0.007584358682727269 -0.36438061500523095 -19.673918571681053 -0.011108532139683807 0.999909592913976 -0.0075767077967543815 -1.9629859435911918 0.36429020826380437 0.011103310406274566 0.9312192872290466 135.82887952045593
0.9306891061438133 0.0024852904874158657 -0.3658026938160793 -20.099071485270965 -0.006623540810276094 0.999927477194308 -0.010058282376092683 -2.1566397795365013 0.36575116734244767 0.011784043576788344 0.9306380715146699 136.4210046565187
0.9297082828398647 0.0011861813898500963 -0.3682948568180358 -20.33212748761396 -0.005806415539172769 0.9999177368839421 -0.01143700078483526 -2.321266180688689 0.3682509936952448 0.012771548011321686 0.9296386897361961 137.93666661512498
0.9279110783493533 -0.0012142821698466748 -0.3727996190449653 -21.11019449519335 -0.004197702793160617 0.9998972696213949 -0.013705089392261036 -2.58274327418709 0.37277796336130065 0.014282006948996102 0.9278106566345744 139.2480426806782
0.9262315021069206 0.002561569107620911 -0.37694647183537583 -21.760291773223557 -0.007931396658200753 0.9998879690625297 -0.012694181842917266 -2.617767048536604 0.3768717254608075 0.014747463772327387 0.9261480524830803 140.67782988640624
0.9239016808201012 0.005360169478021961 -0.38259241042818865 -22.633304059598895 -0.010274279260570734 0.9998888693626035 -0.010802226374315703 -2.4441393707784886 0.3824919912409491 0.013911057038951836 0.9238540790558365 141.74100410818332
0.9229619177245539 0.007353563960927268 -0.3848210275977644 -22.65736166522837 -0.01235807170658313 0.9998681551405244 -0.010533298821723906 -2.5282436942946362 0.384692833951852 0.014477480200521581 0.9229311059524076 142.73680414963525
0.9216141443853828 0.006202395035259129 -0.38805785511648805 -23.211154121607034 -0.01160498584605295 0.9998656034967839 -0.011580122217014306 -2.70986206012364 0.387933877319718 0.015175811010893965 0.9215622615167306 143.09083413276446
0.9201423269170641 0.00703578161794955 -0.39152087523325824 -23.439334816303738 -0.013041526132662472 0.9998345233719731 -0.012682446573474414 -2.940914085072001 0.3913668570686335 0.016775686291888584 0.9200818223427173 143.7588209272793
0.918617778196892 0.012410197558963262 -0.3949523570297168 -23.93153742713382 -0.01807705794019119 0.9997800848021918 -0.010630239567829046 -2.8769985571201264 0.39473357794445474 0.01690470435912756 0.9186401001934342 144.48720124868714
0.9174563379161984 0.015664638931677844 -0.3975279698935273 -24.49809094103623 -0.021156444510104108 0.9997316805025512 -0.009432488585771713 -2.8947123852848926 0.3972735491737243 0.017064175534869826 0.9175415747046077 145.0378446760802
0.9157091770671146 0.014315777620682438 -0.4015865551632347 -25.03683647525791 -0.020463199135955627 0.9997298461066049 -0.011022353117975633 -3.067045153543785 0.4013202717483733 0.018311016213720745 0.9157547414258198 145.75237443416333
0.9151715419779064 0.013834820742914122 -0.40282706740000196 -25.233693095818353 -0.020124979445129004 0.9997326335980892 -0.011386241888051252 -3.107227389203672 0.4025618386734048 0.018527251659114608 0.9152052814891216 145.7176047323556
0.9147297665078448 0.01303859259212036 -0.4038557280872664 -25.31738087467752 -0.019134708203525877 0.9997557114727829 -0.0110625631289944 -3.023091922949569 0.4036128308248732 0.01784691796266727 0.9147557983353383 146.75378654700333
0.9138099524980394 0.011418769984658243 -0.40598150468771216 -25.73348217162194 -0.018112168511957145 0.9997559513871624 -0.012648596721086014 -3.2109289404845227 0.40573799436005925 0.018911619655301276 0.9137937572847001 147.51717862673777
