1.000000e+00 1.197625e-11 1.704638e-10 5.551115e-17 1.197625e-11 1.000000e+00 3.562503e-10 0.000000e+00 1.704638e-10 3.562503e-10 1.000000e+00 2.220446e-16
0.9979792274333499 -0.009205402619706832 0.06288945770590319 -2.2983852829936042 0.00920461964532832 0.9999603002625531 0.00030217022353551333 0.06436606034035572 -0.06288952942046618 0.0002773216956572319 0.9980213629556038 2.0403421110061517
0.9972943415530593 -0.012179826438951716 0.07251519502190222 -2.1257777502893367 0.012103640765500735 0.9999346047365518 0.0014952784726946888 0.05668093475600078 -0.07252799224736378 -0.0006132836466758993 0.9973675617148583 1.7380879598988725
0.9975036238061561 -0.013333112761668939 0.06934355060129543 -1.9221113808464791 0.013227864839470459 0.9999089617889008 0.001975379899401877 0.043128306014170954 -0.06936405031481316 -0.001053260814668043 0.9975910137675914 1.9500964680240105
0.9976899091704865 -0.013068515367028351 0.06667414889341149 -2.1050360403848365 0.012936978111156428 0.9999127427287787 0.002402923151980781 0.05738861501307755 -0.06669854506358962 -0.0015348238114628373 0.9977718174384035 1.8212967905763306
0.9971315617294099 -0.014510271236897418 0.07433524324828984 -1.9913780559901588 0.01443194014791941 0.9999047347615696 0.001597842316308687 0.055431923489186255 -0.07435032154102182 -0.0005201557223194346 0.9972330931740455 1.9490360919104308
0.9968130902596118 -0.01577842768459177 0.07821660973259391 -1.9020845714715127 0.01566049124745937 0.9998858556082383 0.0021277299746543655 0.0471513893463281 -0.07824193857379026 -0.0008957510425973906 0.996935233085832 1.923101337323965
0.9957865911103221 -0.014026105626857143 0.09064911343051728 -2.0350965304305717 0.013977153044728843 0.9999095342913686 0.0011790687252719863 0.03730762495216783 -0.09065686420549376 9.313331161636885e-05 0.995882524169603 2.115604397806177
0.9959963086893237 -0.01297703209510697 0.08845548860840026 -2.1690639676209784 0.012965861174563931 0.9999177118048177 0.000701545288438439 0.04568469321445246 -0.08845658787657414 0.00044818877477721143 0.9960803099813542 2.076249369818357
0.9961053687937502 -0.009353170293895525 0.08767153471810511 -2.2481329666528476 0.00934692216084226 0.9999562907642419 0.00048211857284167505 0.07546835019125289 -0.08767250576758295 0.00033919884339687575 0.9961499946318045 2.2487522214271998
0.9959270070988768 -0.011109435091745773 0.08947648092393369 -2.0600313507173342 0.01117735205830642 0.9999406892092396 -0.00025653203753289483 0.042488214037979026 -0.08946798783419176 0.0012556532238341426 0.995988970290931 2.208902709598593
0.9962754273803942 -0.010485074279935752 0.08568753709159983 -1.8976869035007449 0.010510840390525508 0.9999714446877361 0.00016377815565187426 0.06693807047537588 -0.0856849658704015 0.0007380550833420189 0.9963277285619587 2.419609241722767
0.9968050289644217 -0.0118525131140041 0.07902572697889118 -1.8539390250531638 0.011919769064280234 0.9999376467251341 -0.0003746783664783991 0.06860625118801318 -0.07901515342127352 0.0013156389722692825 0.9968731699862163 2.5283773638672034
0.9958059575628987 -0.010240492664951509 0.09094925567643389 -1.7783691634297305 0.01040568739494755 0.999954567907 -0.0013376998983468905 0.056027635523249936 -0.09093035046706789 0.0022786749819440314 0.9958561427080989 2.610997127916326
0.9963571760272392 -0.010898568717955684 0.0845824121716164 -1.7189677680675648 0.010949091134423317 0.999942120281357 -0.0001323530610225209 0.060172610211801224 -0.08457641176049358 0.0010580110807171426 0.9964174589376219 2.525330061833757
0.9960568791042594 -0.013111521146062668 0.08774739158521273 -1.651967449068913 0.013165264312977784 0.9999167065670326 -3.228852100553858e-05 0.05478705980291173 -0.08773932561925402 0.001187427928519225 0.996142121257384 2.50605980669386
0.9957689888796737 -0.01202064494919113 0.0911275099873109 -1.6151705679726152 0.012120088168101447 0.9999328566778454 -0.0005350428300882621 0.08355099531644819 -0.09111373614545594 0.0016373668605758592 0.995840210242221 2.6376040171249935
0.9950780494631795 -0.009717460238639753 0.09863218332519576 -1.4536837011015327 0.009966387974102821 0.999954612072184 -0.0020284691633255174 0.08649374639024685 -0.09860721560138155 0.0030016001317595036 0.9951228645646053 2.500834399434881
0.9948821601429492 -0.011568663149515676 0.10042182631188094 -1.6753853226251745 0.011828684823449991 0.9999346695752428 -0.001991454805685045 0.0741842831285778 -0.10039087631658092 0.003169239774978676 0.9949444284288097 2.783094757409292
0.996350502803905 -0.01034507537021407 0.08473100024663743 -1.6855329182803647 0.01051350207070854 0.999945825501225 -0.0015406856171654138 0.0986159713542474 -0.08471035139383873 0.002425909583499428 0.9964026908983731 2.4999712885974947
0.996408417727747 -0.01112005294460565 0.083955340660896 -1.6517607277581117 0.011242767101910058 0.9999436837145237 -0.000984868192993021 0.10173393919635075 -0.08393928092763586 0.0019253331144670534 0.996470445119801 2.411955196373882
0.9959717022711317 -0.01034374369589173 0.08911164864696483 -1.3125794866226306 0.010637377887647407 0.9999445851385672 -0.002819041822372323 0.09995372549942744 -0.08907664349950324 0.0037556938782817182 0.9960189738073487 2.4039316903181005
0.9960193873562438 -0.008847232564970654 0.08872233677120751 -1.1122123721778534 0.00914855943054746 0.9999648360384622 -0.0029856377039195925 0.11781104286937538 -0.0886921735079322 0.003785544655246364 0.9960534279445068 2.7248086977907278
0.9966107516898904 -0.005810112378606392 0.08221529418389927 -1.1796538153117497 0.006145502868204372 1.0000324757872747 -0.0038022347690093534 0.12418630984220712 -0.08219106974569021 0.004295334179346223 0.996618837078127 2.5840959908816
0.9966582884654916 -0.005019334551967102 0.0815349862026805 -1.6150962202926469 0.005284849554057562 0.9999898540203926 -0.003037161158146564 0.16793218847918434 -0.08151853306246085 0.003457978407983881 0.9966672221661397 2.2652604006714148
0.9963215246903211 -0.004686854524249013 0.08559337793232295 -1.5971902985027744 0.005073984475457705 0.999983291014912 -0.004304285896181563 0.11204692727971964 -0.08557090618266879 0.0047227932441121865 0.9963205273627864 2.4033813898102823
0.996918034571308 -0.006304824624520903 0.07820015060761323 -1.3837559596851285 0.0065394995591685256 0.9999789160550183 -0.0027440950931580665 0.11849823972689158 -0.07818092858705772 0.0032470584400750967 0.9969339306879947 2.5303437045692148
0.9972041506344382 -0.0033108976841606476 0.07466240282700093 -1.0845448554481087 0.0036421725398954633 0.9999891148262176 -0.004300186971939964 0.12322399081077778 -0.07464693816134482 0.004560132190812295 0.997199906153518 2.3590819316265876
0.9971846492364893 -0.002320086277090027 0.07497881590835623 -1.1570802604549968 0.002649849197703882 0.9999975971845462 -0.004297345817195094 0.15054061412614084 -0.0749676731782792 0.004483981507985205 0.9971756875606999 2.4911562683528214
0.9971904517367187 -0.0037116061143498383 0.07482949205778065 -1.4676714182441404 0.004046222083979372 0.9999886327621101 -0.00431973547136924 0.15091977807008006 -0.07481210164650214 0.004610412252707436 0.9971876569840394 2.1610243157006437
0.9980667266844312 -0.00131041543798405 0.06215326027620646 -1.2186269059596118 0.0016687602893177215 0.9999914775444959 -0.005713336299857369 0.13696253287063107 -0.06214470534811736 0.005806030170740372 0.9980503214425775 1.7343588648621282
0.9978701561002326 -0.0008769479320033184 0.06526629419397463 -1.076337380026878 0.0013273354779645451 0.99998486675188 -0.006857224256444949 0.132859823923879 -0.0652584587332159 0.00692926040032417 0.9978443819127429 1.4960672651481925
0.9983117501447245 -0.0016221739143731707 0.058116663756391206 -1.0558249419226593 0.002105335470863148 0.9999707592651663 -0.008253413492757454 0.14169091876860082 -0.0581009634523391 0.008361815840514724 0.9982762818496763 1.0289147472241753
0.998881851610093 -0.0050539987009484985 0.0470939405229367 -1.2028330279610893 0.0054019718578979595 0.9999720440031823 -0.0072658685243780115 0.1155756548297686 -0.047054999591132705 0.007512103860426072 0.9988659464774577 0.3699902679484823
0.9992009336059886 -0.002882133988495593 0.039954738907810795 -1.0179950193758645 0.003176976383390808 0.9999820046209899 -0.007321712395752307 0.11352125979502094 -0.03993209558897995 0.007442707940926466 0.999175434494661 0.06285181985008872
0.9993830440958066 -0.00836450994975408 0.03413577785955722 -1.3007360133969685 0.008592379654334544 0.999945301064131 -0.006535779394674399 0.06846331237163154 -0.03407912222589195 0.0068250166108354705 0.9993959745333633 -0.14645036380994858
0.9992641348977443 -0.006669791051874767 0.037807570285727767 -1.142372477040836 0.0069316494932021 0.9999592779951086 -0.006802436562092805 0.06728133194562733 -0.03776042262837664 0.007059408824078275 0.9992626142395803 -0.13830781563045794
0.9993223453287818 -0.0016963480400515574 0.03680562191042218 -1.0380198445222346 0.0019507215162550345 0.9999795538411175 -0.006877714862604737 0.06459328134782814 -0.03679292097187606 0.0069447614326140945 0.9992988348582302 -0.0817562774614553
0.9993925030562193 -0.004091161378918191 0.03459772465037313 -1.1442723121742748 0.00430967142971013 0.9999692970186785 -0.006241502874468844 0.0635026896828063 -0.034571148496627284 0.006386848590903977 0.9993809479497808 -0.21045975272547043
0.9991531597795131 0.004573067382224481 0.04088677839047576 -1.068014802855895 -0.004345161471600021 0.999980880824239 -0.005662108267940156 0.09593680487412881 -0.040911892392454845 0.005479543899133579 0.9991491122170572 0.2021776008294388
0.9993288919156097 -0.0017480987307560765 0.03661832932686733 -1.0391091184286898 0.0019460385309280803 0.9999878826564081 -0.005371933747282652 0.07367812811370177 -0.036608530546717234 0.0054394871844205914 0.9993158092849608 0.2374524940046426
0.9993325648022403 0.004971047322710973 0.03620355834061527 -1.0489352539309955 -0.004844542266791715 0.9999836871162096 -0.0035813244822434954 0.0765564946980037 -0.03622068560392059 0.0034034973524527646 0.9993386830787735 0.300159964778968
0.9993696421917607 0.00678291709491235 0.03483976453113825 -0.8094258327315267 -0.006670707181575351 0.9999717399845327 -0.00333507975381211 0.09743814463876893 -0.03486160895974055 0.003100590560380277 0.9993874738965423 0.3755952255813373
0.9993565385911596 0.005413952147811381 0.035459000879971024 -0.8514880521283471 -0.005308937062451312 0.9999829829926572 -0.0030555197806675285 0.10535108635437417 -0.03547517206417616 0.00286526487080349 0.9993674635919498 0.1963292097601478
0.9995241860806044 0.007246617031808316 0.030017068743337 -0.8202990098037374 -0.0071760562206764685 0.9999764372649991 -0.002459604873835351 0.07589943213797072 -0.030034401622846808 0.0022429355136069596 0.9995487034360224 0.5155396263231108
0.9993519743632241 0.01036828417631048 0.034459017725827136 -0.9421442198725941 -0.010329016325652078 0.9999446924311135 -0.0013160743801925118 0.12756548096651318 -0.03447094951420237 0.0009593119434671085 0.9994064769848975 0.5842511783164639
0.9995146810535902 0.005972159639679185 0.030605165773839836 -0.836174146778824 -0.005950762650054847 0.9999885621060177 -0.0007911846418610794 0.08286701844646376 -0.03060950352097494 0.0006086005255882214 0.9995325960961423 0.4178663802718413
0.9995064013693395 0.00588085173081068 0.030873069141229822 -0.8977371006030042 -0.005851389800007223 0.999988032966975 -0.001045439167482907 0.07700626597936042 -0.030879045475531827 0.0008642305031452842 0.999524691709649 0.3314976923997147
0.9996982305204292 0.006933705334310653 0.02361007005158104 -0.5756101235661841 -0.006881912656735086 0.9999788319033377 -0.0022772051958521184 0.09203403734847018 -0.023625222443712388 0.0021140021496115565 0.9997194868712506 0.03685594293868334
0.9996347846497964 0.009499108658605851 0.025286640251188434 -0.6563652125220029 -0.009426849708235839 0.9999527435792724 -0.0029771650278527895 0.06669183129266172 -0.02531358979031058 0.0027376956399225946 0.9996750341542225 -0.1513767424614545
0.9996314467075648 0.011640093325085681 0.02460140158964128 -0.49836996468386335 -0.011576348873680337 0.9999387615901089 -0.0027480003769909467 0.1034409634589335 -0.02463205633596994 0.0024621375737200585 0.9996968129183481 -0.17284479771172095
0.9993804737050926 0.015251758854598818 0.03171331793149076 -0.5424366424804387 -0.015209802043509992 0.9998833006467432 -0.0015643703969098514 0.11504748164978311 -0.03173345892173913 0.0010810491210017567 0.9994961157705682 -0.23878267371473877
0.9995279321425511 0.013512402571774761 0.027986721400093575 -0.5141552974035288 -0.01348843510158622 0.9999331352796245 -0.0010769291862922973 0.09184460154053177 -0.02799850058402619 0.0006989071954636711 0.9996141153356991 -0.21704783388860208
0.99985511187933 0.006585959420859838 0.015713027076165346 -0.4198582667839514 -0.006597447333752648 0.9999813744177244 0.000666863582847228 0.05504892487461238 -0.01570827091251612 -0.0007704208615998735 0.9998762141829443 -0.1471653315041523
0.9998373459811585 0.002960501091641721 0.017786644325148145 -0.47237075816552165 -0.0029878527260221006 0.9999960201949103 0.0015075795983676276 0.0524757217982656 -0.017782046611960138 -0.0015604554149493753 0.9998402614089118 -0.017242340791370343
0.9998528796823425 0.0025972483426412525 0.016966553590529496 -0.39087415838190004 -0.0026217158248981664 0.9999970783092847 0.0014125853779078643 0.055533098938488866 -0.01696279298162518 -0.0014568301818966881 0.999855088997697 -0.14794311570280225
0.9999044005925829 -0.002565573935383592 0.013597906130968822 -0.40273851962496726 0.0025642963482477355 1.0000004174971098 9.870441162109106e-05 0.04397069887430338 -0.01359809545114334 -6.377178733839836e-05 0.9999072191912354 -0.16108958407952254
0.9998601836407262 0.004793115521967976 0.01606681227310127 -0.34964442960938547 -0.004794375194485351 0.9999930466687852 2.6362060512478443e-05 0.062057770621530756 -0.016066483909651538 -0.00010331170157644135 0.9998707434581414 -0.43460330490942206
0.9999291772281843 0.0016309260774861902 0.01191979238664207 -0.38666610255462414 -0.0016404755198078864 1.000006847872506 0.0007667525208077871 0.06411511305164472 -0.011918523859070019 -0.0007860696592918383 0.999929620793625 -0.5464003087806075
0.9998220307064225 0.003431584140947972 0.018604135030409558 -0.44226916930300597 -0.003442219765699789 0.9999957153821486 0.0005382751230225453 0.04705126079460912 -0.018602162839043018 -0.0006021714112674096 0.999827099283709 -0.19070546680106656
0.9998516485825296 0.002430921992676616 0.016965123836640054 -0.4996077001189149 -0.0024430364714241306 0.9999970843704558 0.0006885543953767053 0.07093246182018856 -0.016963447032665176 -0.0007298935162356889 0.9998561637525715 -0.5283276611535908
0.9997363095992882 0.006241565264949005 0.02207915732871604 -0.307411587711915 -0.006240274750444111 0.999979489448099 -0.00012611212004312862 0.061128119357850653 -0.02207952451458492 -1.1718238382362458e-05 0.999756039926712 -0.6565503873990695
0.9997761122662178 -0.0006763023536575948 0.021627305088870237 -0.536985576797959 0.0006653930247231407 1.000014759822435 0.0005084971969063568 0.08852830344275192 -0.021627434795679634 -0.0004935102561890147 0.9997723892065719 -0.49885423846628096
0.9996584113007638 -0.00051894198439425 0.026161048400646394 -0.33033194758615014 0.0004912270320614337 0.9999997524623433 0.0010659549565970952 0.03695822004911316 -0.026161543778932338 -0.0010526985822939794 0.9996580113182043 -0.5014862031587255
0.9997804172001179 0.0023079930046718024 0.020836346765860613 -0.3766438777916008 -0.002337684345159488 0.999993146078105 0.0014047695021410151 0.043758996796032575 -0.02083297494961651 -0.0014532092928333897 0.9997818004389767 -0.43288516758054396
0.9997474629970151 -0.0053886700185479435 0.02185428015948688 -0.4257700185456024 0.005370180974533989 0.9999867284999265 0.0009025600822512395 0.046248724883460296 -0.02185877316790648 -0.0007849131193590896 0.9997601386847402 -0.48295503160409375
0.999709963521809 -0.002117949879388635 0.024034311106519102 -0.3618371597771631 0.0021193750123952226 0.9999960059701627 -3.2037865032882874e-05 0.0447806394308143 -0.024034134779096647 8.296439925441112e-05 0.9997113050989858 -0.5587340788783105
0.9996560570492056 -0.0059808304510666896 0.02549304266832382 -0.4710748248792672 0.005958020638658209 0.9999819480973043 0.0009684594418230295 0.049164472925712036 -0.025498533522289927 -0.0008162410559353866 0.999675671310208 -0.5476312556710387
0.9997151440428609 -0.004360552885092772 0.023677089679931266 -0.4574902660047215 0.004315050867058509 1.0000046726550942 0.0019671793300055436 0.05895861685502337 -0.02368546665703399 -0.0018640321412774891 0.9997226516765366 -0.41102620470400614
0.9997205192715434 -0.004340505449235462 0.023221796842916156 -0.45691186091731056 0.004276287929728733 0.9999861922158801 0.002814146197045251 0.05448983813372002 -0.023233792829405395 -0.0027140898532986893 0.9997267044215884 0.021051344025553607
0.9998467694521457 -0.004138781725415447 0.016878872737174505 -0.21888694247896417 0.004078931089013237 0.9999786758134762 0.0035828359684913617 0.04938183945972916 -0.01689344936763281 -0.0035136099403494294 0.9998500863034598 0.23923504702938572
0.9999436036213836 -0.00312401586222939 0.010818363460348542 -0.46871438711905294 0.003102154213704901 1.0000105536169146 0.0020229110217244686 0.045534026851202614 -0.01082467449829917 -0.0019886504166573148 0.9999448554887274 0.014995937329786959
0.9999290622140644 -0.0014758192650562703 0.011898959290968264 -0.26195654920999045 0.0014781894189705934 1.0000037221165206 -0.00019332051360790005 0.07522559735386528 -0.0118986293255623 0.00021105021016008428 0.9999303268602593 -0.5159020905328908
0.99997512060197 -0.00016778288747214373 0.007138890304042765 -0.2513847479709249 0.00017162572335188917 1.000002655948695 -0.000542594411806985 0.05654028336325282 -0.007138760897413238 0.0005438630427977097 0.9999739959597218 -0.3127208519711825
0.9999481487005966 -0.004365785135160896 0.009257482385538082 -0.3609825669024699 0.004347778119226407 0.9999902637445873 0.001964242932847896 0.07027905450156258 -0.009265941142620035 -0.0019238459992011166 0.9999553770227838 -0.25281687202963354
0.999981431289155 -0.0059566515045572825 0.0017950227054758922 -0.5084715910279018 0.005949156690216447 0.9999776135358228 0.004133155545351927 0.05465887704552161 -0.0018196358161451198 -0.004122302701572292 0.9999904315806437 0.6882751247378422
0.9999680913098272 0.00035138878852602074 -0.008011768757452896 -0.4817707503494121 -0.0003237060167984735 0.9999911753774696 0.003452218520588277 0.05815446744381715 0.00801296794472562 -0.003449573873254632 0.9999608047142591 0.3925515138838297
0.9999971847990725 -0.0014217599981785278 -0.0022182696788100643 -0.4108583291159877 0.0014242777132501916 1.0000002575063536 0.0011447673870641532 0.07138684896771014 0.0022166342209996963 -0.0011478753139636693 0.9999979180849277 -0.0589290124161576
0.9999943487071669 -0.001677270444807763 -0.0029510298221739352 -0.3684868922874918 0.0016760481090785887 1.0000011644184574 -0.0004039140483036633 0.06130500774809267 0.002951723280038748 0.00039900807193621785 0.9999952495172176 0.20851032117544757
0.9999824753932086 -0.004520444515639538 0.004008695687950459 -0.41785844939172695 0.004529086980006278 0.9999886591587477 -0.0021550564825787146 0.05870195076811358 -0.003998902585984049 0.002173219315587157 0.9999910566715106 -0.38207389452185897
0.9999911596499318 9.43896830054388e-05 -0.0032346128691352694 -0.33839316550125925 -9.07172904741274e-05 1.0000029547352343 0.001220082176690291 0.05286504923257886 0.0032344936196665886 -0.0012198276135148593 0.9999958124219329 0.3565955192680009
0.9999593236025847 -0.00857158219233544 0.0026410027417639007 -0.49354849510246757 0.008563330237104797 0.9999563278611296 0.003126556944968596 0.08991930496219418 -0.0026676938381997206 -0.003103843053880382 0.9999928461015861 0.638757370082386
0.9999834374681547 -0.005052764050813363 -0.0028438524800200953 -0.4328172410795491 0.005065235144173752 0.9999810067994132 0.004418279046888264 0.020715941207486842 0.002821461063357079 -0.004432515138272548 0.9999874773430913 1.1609333290624895
0.9999714237554617 -0.004188729486241629 -0.00636439967202616 -0.3838040030846804 0.004206828528472171 0.9999892820827592 0.0028371365150177672 0.0674216973649876 0.0063525007837717425 -0.0028637758160254064 0.9999757439277873 0.7692637476067756
1.0000042900475823 -0.0022865307316636725 -0.003663832716134513 -0.2924908093216025 0.0022921073291140015 1.0000318152630088 0.0016116411418827883 0.04810535472136297 0.0036603578985312133 -0.001618999647158625 1.0000007178962735 0.7313025929329943
0.9999658768847868 -0.00320336555627048 -0.007573497150696336 -0.43262217624130295 0.0032083633115677205 0.9999942431043852 0.0006534863439648919 0.049705128691194464 0.007571319950353108 -0.0006778069934613961 0.9999706696801431 0.6458354355180214
0.9999689585509861 -0.008770376254821964 -0.004081977397066258 -0.24174234735169062 0.008770071493548012 1.0000245506655645 0.00046719816456229396 0.047094808527318316 0.00407762380097343 -0.0005017065952797417 1.0000039335446897 0.10027173599469688
0.9999791154451344 -0.004137492129358081 -0.004979918299020671 -0.3672486700046648 0.0041420722303337765 0.9999918142847224 0.0009109618815952733 0.05539883759620119 0.00497610240588954 -0.0009315537698365631 0.9999880609538486 0.35972112887123786
0.9999431176420558 -0.01028155009417136 0.0042894691929751426 -0.27864889895183415 0.010271522107401851 0.9999546331311646 0.0022652971146151133 0.04362754660008481 -0.00431237015570744 -0.002220805731932777 0.9999929472809447 0.21301515888590264
0.9999400854363425 -0.008216761208050365 -0.007272001417922165 -0.26350287971741987 0.00822827908965409 0.9999663839139848 0.0015692641144417995 0.04064823565007067 0.007258845770795574 -0.0016289431193734643 0.9999744534886597 0.5513374328071861
0.999931604377595 -0.011118631778567969 -0.0038318747799776106 -0.2521206974855457 0.011125666807045492 0.999933679586558 0.0017534806838714618 0.0413133069226873 0.0038122451742828305 -0.0017960303714271483 0.9999894649805607 0.5265044689850666
0.9999403120772659 -0.005035259528301474 -0.009598888136276795 -0.15385484598547225 0.005041477078492528 0.9999877646529894 0.0006313886103827535 0.06885883652827679 0.009595538844265325 -0.0006797445525793594 0.9999534542972806 0.2394908633768688
0.9999944774416667 0.002834143542469575 -0.0024966208892217606 -0.22562640349494636 -0.002836452729652574 0.9999986299603179 -0.0009073877915855244 0.07736864495795363 0.002494052768139459 0.0009145304810764607 0.9999971882852897 0.06550672742913137
0.9999845650842212 0.0017244403819342382 -0.00569503669786129 -0.07968205631565588 -0.0017246928340175914 1.000001084350522 -3.539427173483062e-05 0.06953758330772179 0.005695002284730198 4.5278416694151605e-05 0.9999840754895166 0.03573282735972269
0.9999917510779477 0.003015099706018297 -0.002647768292478755 -0.18935969883445927 -0.003016832558104364 0.9999968667127169 -0.0005779955215737372 0.060470892103189504 0.0026460287815082344 0.0005860016441427533 0.99999642708565 0.15024626768327345
0.999994388051171 0.003383993343740976 0.0001121513726969047 -0.06267950533683236 -0.003384136491362052 0.9999962272166939 -0.00029996427151119894 0.09245215627547936 -0.00011316726966054916 0.00029962195977905335 1.0000005320942258 0.02380109142676899
0.9999731277641878 -0.00485749129022569 -0.005450227786799116 -0.0009765247779775525 0.00486207769717289 0.9999889632176997 0.0008444062617548494 0.06923717597935136 0.005446053585743079 -0.0008708768956870905 0.9999853113382612 0.2721999937144538
0.9999668034849635 -0.006444685577998612 -0.006408886330696561 -0.09360976632286673 0.006448698033986338 1.0000140918002995 0.0010835524035347265 0.05012178986693059 0.006401703004972115 -0.0011242561535530077 0.9999899530142548 0.42829295637635684
0.9999669454920183 -0.0058230473916073815 -0.005746768946025294 0.05815386304074576 0.005822703720285292 0.9999833257317999 -8.913280990092078e-05 0.07597408404754874 0.0057472003048069055 5.568818014647174e-05 0.9999831407880589 0.05995908177682822
0.9999336461256197 -0.011306511674725859 -0.002401890781284472 -0.13883401799917883 0.011307996398553415 0.9999387904895152 0.0006698248024606305 0.08001644798115243 0.0023941607632987287 -0.0006968922470177977 0.9999973943401461 -0.20884069948893486
0.9999555913683125 -0.00930491581970297 -0.0019187006432660205 -0.10916660160036919 0.009305605622155853 0.999958987486177 0.0004110472038969705 0.06896311090404579 0.0019147905902682904 -0.0004288254478915997 0.9999987808380933 0.15068817105480087
0.9999384383541946 -0.00938659304584416 0.006043199272758074 -0.18385890499982213 0.009381900141899836 0.9999595836631973 0.0007769953641179739 0.07391021488600996 -0.006050226107011647 -0.0007201717746916507 0.9999825445368741 0.15541567931061048
0.9999627214427551 -0.00841765316260207 0.001996132960164447 -0.143512755371684 0.00841664571777155 0.9999648386959883 0.0005076638269946035 0.08372033542802043 -0.002000334285232664 -0.0004908347466979763 0.9999978860176615 0.02510478993143976
0.9999822294697978 -0.0022127441152987406 0.0055513515534719865 -0.2736268707128131 0.002217412530120961 0.999997771445854 -0.0008392119571566318 0.07738022855471141 -0.005549492561620757 0.000851543086868274 0.9999845218329384 0.179102180935102
0.9999412497035329 -0.009139069080772364 0.005892066222473718 -0.21463869106795527 0.009145424882937804 0.9999593470169603 -0.0010714794430370567 0.08882506350239171 -0.005882026617639678 0.0011253339500598158 0.9999819260213929 -0.48592342329432303
0.9998735826636606 -0.0038330639159694932 0.015369576118079858 -0.1648716091481346 0.0038498674510768047 0.9999888391218847 -0.0010528334985952827 0.07383896316321856 -0.015365434711414229 0.0011118343935933419 0.9998808449148678 -0.1460244066037245
0.9999102329537325 -0.006542931591834518 0.01179991944537566 -0.20076792407523122 0.006545416448552558 0.9999824318268027 -0.00018616516235479523 0.08097276405014435 -0.011798456893125595 0.00026346152941203075 0.9999322035435383 0.18976981629366763
0.999938535751228 -0.00625099038935944 0.009195792947582639 -0.22770332947052585 0.006242084813939993 0.999982354432271 0.0009885750793539067 0.0550733948264487 -0.009201793045291866 -0.0009310688593184577 0.9999575615904388 0.34705376980337027
0.9998369221275148 -0.004902734940512818 0.017437707582322194 -0.10358841179804035 0.004902547712190812 0.9999898384347635 4.9695880486298276e-05 0.09450686389859472 -0.017437746298675456 3.584591150488923e-05 0.9998483962243144 0.16458219242490468
0.9998351622962333 -0.006671531694476809 0.01691220128941765 -0.09602823993846216 0.0066714922371844225 0.9999809839207963 5.070205945774096e-05 0.0627088957801281 -0.016912162661545112 6.217709211199136e-05 0.9998578165595818 0.24898510740607696
0.9998821791696672 -0.007476790592819768 0.013456195081505286 -0.061220747944507936 0.007479948388288508 0.9999779004159222 -0.00020872548126007256 0.11220316703805587 -0.013454269578121092 0.00030946275204200255 0.9999110422113155 0.40098687248499093
0.999891934067677 -0.003001622955907669 0.014382315138261284 -0.02264242754915898 0.0030110990203741747 0.9999966082183331 -0.0006443496614546371 0.07987353078963831 -0.014380309776710178 0.0006876176097036927 0.9998965759076511 0.46030911551429604
0.9998180923429542 -0.002216387681117328 0.01895534953681633 -0.0024433173083911303 0.002220250232632779 0.9999989813952597 -0.00018721565240745552 0.10255860607605032 -0.018954886883198754 0.00022929640618288467 0.9998215323055175 0.24142030622691524
0.9998131508367014 -0.005164627216289979 0.01859352161567619 0.061906994999832606 0.005157515732125007 0.9999857251948604 0.0004333292031903976 0.08905532737364845 -0.018595521393354797 -0.00033737146500058545 0.9998274033360527 -0.10192908430039348
0.9998136341955554 -0.004660814731566707 0.018734287815605304 0.21068692487970006 0.004700763835042218 0.9999867462138476 -0.0020887154096175587 0.10361577812739986 -0.01872430820439808 0.0021763992458929972 0.9998223589793167 0.06940871089632847
0.999807224260522 0.0003669459638241152 0.01965387983758611 0.3110192694509758 -0.00034288726873808544 1.000001034785614 -0.0012307267556210535 0.10408873948650095 -0.01965433013152423 0.001223788008151218 0.9998071858291138 -0.018810683454769155
0.999886749100593 -0.001991042145106905 0.014980753706441825 0.17606241073613363 0.0019946312610653514 1.0000010821455085 -0.00023396049350788496 0.09022889824044408 -0.014980254260040219 0.00026385701585764066 0.9998880844614376 0.1836476636199975
0.9999110089446464 4.622168426768838e-05 0.013340980624420124 0.33245736189185626 -3.8867367899547855e-05 1.0000005865974062 -0.0005534105709083793 0.09133547402514454 -0.013340989350648256 0.0005528534307705132 0.9999104223987719 0.15396884502286448
0.9999712326819329 0.0053703522629328085 0.005362565931289406 0.3489325304376013 -0.005373619356326295 0.9999859114909713 0.0005815705985571395 0.1015552031272167 -0.005359389540225858 -0.0006103562165694261 0.9999863092417458 0.3290100434690539
1.0000000875726793 0.0009827387186025513 0.0013345391401642555 0.2922146482246261 -0.0009851050212084157 1.000007889699414 0.001517380957141424 0.10747037020816277 -0.0013330734799571324 -0.001518562943813686 0.999999015898571 0.47011169176863443
0.9999804992009282 0.005847750653531985 0.0010233672559652174 0.3234527503622838 -0.005847756922887444 0.9999813153107949 -1.956747831772139e-05 0.09120168179277932 -0.0010234965199647033 1.3559113140979524e-05 0.9999994921030472 0.3847717190473149
0.9999875699388623 0.005111532228686712 4.452381007869169e-05 0.28346111782963923 -0.005111565909984278 0.9999889781208755 -0.001440483573767238 0.09042940741450821 -5.188000570763482e-05 0.0014402962154820174 0.9999996741133551 0.2976999807446659
0.9999699085039576 0.007711742050294208 -0.0006206838620958522 0.45724221163416534 -0.00771225452768109 0.9999704948228475 -0.0007475924889878058 0.09106209997234797 0.0006149035063409914 0.0007523709108200167 0.9999997551592708 -0.22310214495417646
0.9999643326556662 0.006116129634668508 -0.005938787686450382 0.4584670432713051 -0.00611929130625323 0.9999824115778262 -0.0005074877798347904 0.11274967018099784 0.00593559930997376 0.0005438180872405758 0.9999824220691343 0.060063499623209
0.9999799637333878 0.00443365701886602 -0.004807999828607499 0.4690407953804714 -0.0044295110876615956 0.9999929668724608 0.0008863528998274171 0.09168733519431203 0.004811895966412386 -0.0008649926184016368 0.9999882377553563 0.03544280448250928
0.99995619009839 0.008074279722537254 -0.00656120008127772 0.4657061873998669 -0.008070302883610714 0.999982280503815 0.000644547859079417 0.08722532042516967 0.006566136887262533 -0.0005913561540954217 0.9999837607297029 0.3204237746828298
0.999876405010695 0.011438231101662656 -0.010734828150851007 0.4143542849275502 -0.011442267314583194 0.9999351809972987 -0.00030766104068401354 0.09210930170281387 0.0107306170115225 0.0004304605387065648 0.9999423004868702 0.2898555073803984
0.9998835945961868 0.011163622505401587 -0.01135825668492923 0.41447918929514704 -0.011167386683079338 0.9999786326144434 -0.00016555771923928796 0.08281765852354248 0.011355798068611853 0.0002928963501764143 0.9999392043114949 0.12799363340780145
0.9997906944238314 0.005913330986434748 -0.019566452607488714 0.2412503351559598 -0.005939908572915751 0.9999827422221661 -0.0012962088926942214 0.0909310050050241 0.019558427449317375 0.0014121747288299684 0.9998079612913757 0.33761564842174996
0.9997946919590612 0.010550231569197557 -0.017356974075371033 0.286029906215086 -0.010556878046065438 0.9999514375925249 -0.0002786207905209184 0.08786013165695584 0.017353073764134024 0.0004618735905163464 0.9998506602034243 0.1994485688096418
0.9997864011276583 0.00603218079149941 -0.019912469863327814 0.3237884924490385 -0.006017500663725307 0.9999952145272267 0.000822049933266488 0.06977222560146377 0.019917031016348407 -0.0007019066173190686 0.9998051231279068 0.39841230213037376
0.9997223179899082 0.0013436720418170114 -0.023545676632406195 0.42152616976441204 -0.0013113018756598488 1.000001960488382 0.0013942204157830719 0.09277082738331885 0.023547501951245307 -0.0013629083818027716 0.9997222270744316 0.9667312752767971
0.999740769244775 0.001211320738945649 -0.022752880960002688 0.43529018889040777 -0.0011825381932724305 0.9999996791778193 0.001278939271366625 0.07753695188526971 0.022754400026469446 -0.0012516758942515793 0.9997407052831655 0.8160564000484701
0.9996414078498216 0.00022256799645886856 -0.027323039270225415 0.4304798446805003 -0.00023745899080550154 1.0000283081407466 -0.0005316637778004361 0.08273536761469692 0.027322752526193247 0.0005383813007700912 0.9996334756661706 0.8319511791995916
0.999730360802919 -0.00019861472770965743 -0.02325820429692619 0.6358267125542861 0.00018807808962043916 1.000004931483279 -0.0004499600407249727 0.07316369871336632 0.023258287273417135 0.0004455270035908004 0.999730070712763 0.4057956906814407
0.9997306455834453 -0.0064336735265148725 -0.02238276972528504 0.5259566203201836 0.006402355807924034 0.9999835729906266 -0.0014661250268542816 0.09147311025307957 0.022391682702668968 0.0013224822889987588 0.9997490430887143 0.1933002127376726
0.9996372951727049 -0.008903762023981967 -0.025857975619497358 0.4661629457729388 0.008867946609372485 1.000012181411276 -0.0014631748608927117 0.08810542958458548 0.02586999776138856 0.0012337896296073228 0.9996754960043922 0.3438661463430082
0.9996192376062267 -0.012387815855783153 -0.024747734588355517 0.45003314635553787 0.012338424585068673 0.9999281351428045 -0.002142742429676452 0.11953232282690092 0.024772320529530163 0.0018366174830851795 0.9996924253133695 0.6007987282389946
0.9997948638466146 -0.010300075317824803 -0.01807676562097215 0.3491846399783702 0.010275713243799547 0.9999744610409033 -0.0014121513698470056 0.09609262702996772 0.018090263674815865 0.001226266617956108 0.9998409936440825 0.8146487316212802
0.9997167535480203 -0.011036283473060758 -0.021144568232647383 0.26778339686121205 0.0110553074072155 0.9999445717196721 0.0007859084164942377 0.08261462278452682 0.021134579703810406 -0.001019397780376686 0.9997765729006324 1.1088540286282962
0.9996173077028337 -0.013256572709650815 -0.024339417882921374 0.24277996848147415 0.013277580885368722 0.9999183070051638 0.0007001115067565595 0.09420440650563747 0.024327957586442402 -0.0010229399103890166 0.9997043245719174 1.7056735548278588
0.9997124109154033 -0.0013785206658466507 -0.02393917649102859 0.21162338949030807 0.0014018525274939518 0.999997697791994 0.0009584258617152953 0.0926910140549607 0.023937799949559906 -0.0009917054057947056 0.9997124608076164 1.2575802492506771
0.999648704815079 -0.007590334818627481 -0.02532375807507604 0.06911125787184878 0.007596497351132614 0.9999671746098439 0.00015330324625905683 0.09485567270900369 0.02532193078331457 -0.000345679059005752 0.9996787654149365 0.8905703725383998
0.999789674669567 -0.0010649696389193636 -0.02050887086802622 -0.0899801737994929 0.0010954759530587513 1.0000029681050977 0.0014589994385677655 0.09233185617282208 0.020507357518198346 -0.0014811149960159947 0.9997892011745296 0.8793710645069913
0.9998221362850183 0.005909913143372855 -0.017959349630889705 0.038413487104232834 -0.005887421845516621 0.9999897384665584 0.0012684143507263226 0.08483965853021919 0.01796656468016201 -0.0011623359724423307 0.9998392960812804 0.9322987544266704
0.9997695550630326 0.00599550924607865 -0.02058408753879296 -0.04184430978867415 -0.005988256442726139 0.9999848429318039 0.0003854621209508507 0.0727295363896952 0.020586101268112954 -0.00026208801197416943 0.9997880968066637 0.8757862010826374
0.9998192642647803 0.00895359745174904 -0.016660296014389248 -0.05706751201690011 -0.008948070754462028 0.9999584074512161 0.00039833914291773824 0.06741859979314282 0.016663281074063938 -0.00024922093997505935 0.9998601952815399 1.187658046326341
0.9998365617293778 0.006751373010083371 -0.0167801649782235 -0.012728615270228155 -0.006738278507169134 0.9999802193156249 0.0008204664592592172 0.06614363816564149 0.016785497660970875 -0.0007072215122740851 0.9998601721739124 1.3717980733206752
0.9998271489439904 0.008461568736861082 -0.016630067748844873 -0.04257916547993291 -0.008460737819260381 0.9999695629541286 0.00010995772526825198 0.059035340860932574 0.016630656946826743 3.082744917786058e-05 0.9998633043607827 1.5461087985075834
0.9998563141755417 0.007531002670123838 -0.015149118033073615 -0.06462357794754489 -0.0075421616245004925 0.9999752727288976 -0.000732837656459312 0.06247552054009767 0.01514324072367384 0.0008470297598370333 0.9998845856505425 1.2780902408120647
0.999795560333794 0.006208212795844003 -0.01927516817765284 -0.0945456029693188 -0.006232282030002008 0.9999786568990681 -0.0011835592582210039 0.06225900572950885 0.019267431160677074 0.001303452511528137 0.999813792025456 1.234985081022746
0.9997737523351463 -0.00034484375947401233 -0.021286083171913366 -0.2532808669722415 0.0003015089414843165 1.000005613409636 -0.0020942552884007167 0.06154091993148869 0.021286864671235382 0.0020874377325437645 0.9997725083097363 1.307743649007584
0.9996968805496443 -0.0007207372959502547 -0.024510618698036755 -0.3819723584627993 0.0006599436084716093 0.9999961626475338 -0.0025017086874686346 0.08970941672223941 0.024512530153965557 0.0024847572420889294 0.9996963862163907 0.8786351071462393
0.9996682544075853 -0.0006707671720861959 -0.02571544858212516 -0.6170081485127605 0.0006091397639723022 0.9999965866921299 -0.0024021212444864403 0.08634759325852849 0.025716955156475874 0.002385655877443292 0.9996655207803147 1.2603977067554306
0.999667357050112 0.0011286921622655653 -0.025716191324381188 -0.5912213908164957 -0.0011773520518245527 0.9999965976761203 -0.0018824028947582322 0.06550724866322626 0.025714106854764524 0.0019120194071122426 0.9996667816093296 1.049275099550992
0.999482440342228 0.013216608182747822 -0.029313856743700493 -0.6298651289512489 -0.013259231410880373 0.9999153771920201 -0.0012811871621819136 0.07660969292687732 0.029294445878387865 0.001669228358616084 0.9995705029076274 1.1813176006976742
0.9995947145444941 0.01262550756985677 -0.025529524659743914 -0.5280252882071691 -0.012648977665182942 0.9999204699601726 -0.0007620916874124793 0.08449735403516423 0.025517874253212457 0.0010847132439736962 0.9996738879798276 0.6474050442213467
0.9994235634466091 0.014184204815876698 -0.030809910974297 -0.780803543968095 -0.01420916877127934 0.9998990309792858 -0.0006002112130222404 0.09523790116967644 0.03079831666583644 0.0010376390790655368 0.9995243483239726 0.9346509982138845
0.9995857827181848 0.0014666253028845636 -0.028733728109031433 -0.7674109909007305 -0.0015416374445478588 0.999998546009604 -0.0026009601021330093 0.07578072858842066 0.028729937165602987 0.0026442190944335757 0.9995852720186604 0.6579530953749947
0.9996740079793134 0.008174003462727416 -0.02419596439671046 -0.7019066197864607 -0.008181026732353559 0.9999681504175084 -0.00020196279962974025 0.08255774321101188 0.024193571050173494 0.00039985714880659594 0.9997078278348549 0.6036836228759481
0.9996844176734724 0.008464349458506923 -0.02364305254737779 -0.8590477235611175 -0.008474316646077841 0.9999643695717997 -0.000324933427902974 0.08856676867916725 0.02363952934763282 0.0005251822692658727 0.9997207508680116 0.5327654930373728
0.999710241196577 0.00416518540230957 -0.023661199669399485 -0.8723168531393253 -0.0042038378609904345 0.999988754906916 -0.0015859391767834758 0.07896542434689041 0.023654460142319485 0.0016849319342083955 0.9997196179638485 0.5481049606099079
