1.000000e+00 1.197625e-11 1.704638e-10 5.551115e-17 1.197625e-11 1.000000e+00 3.562503e-10 0.000000e+00 1.704638e-10 3.562503e-10 1.000000e+00 2.220446e-16
0.9999504327813159 -0.0016325097421019089 0.010277594564549358 0.05298288062486305 0.0016253578406246634 1.0000162655107088 0.0007415683429169505 -0.0011619411747337443 -0.01027704321533041 -0.0007243234613994034 0.9999488109713743 0.288488032520647
0.9999808718331277 -0.001638323122511748 0.006378775578995219 0.042228593194112686 0.0016382187217888256 1.0000097900833242 5.5926656632961695e-05 0.003811350413952089 -0.006380553368103743 -4.521773433603162e-05 0.9999814989563752 0.2538049152397024
0.9999993759632108 -0.001621863082550504 0.0017025328867882044 0.009676831700882247 0.001623321347124585 1.000005275394851 -0.0007537962886597881 -0.0034871064574521922 -0.0017020251876926423 0.0007567412614701313 0.9999972287943322 0.30390263616162777
1.0000012727788565 -0.0009413903136740059 -0.0029964003514006163 -0.003982678277227888 0.000939589547501821 1.0000103193241867 -0.0007011587104564451 0.002169252843725368 0.0029968840757875646 0.0006985340347134821 0.9999941096909669 0.24325491603437138
0.9999746314541788 -0.0021349054774131115 -0.007293136147086408 0.0011550473501764787 0.0021246162445867044 1.0000008929285007 -0.0014321302535261855 0.004278506062522405 0.007295518122589877 0.0014166748139846294 0.9999708367682429 0.3236507461075949
0.9999226841910064 -0.0005309711360927321 -0.012895395073965229 -0.0144960169478035 0.0005251112432364716 1.0000233843951722 -0.0005057633708628197 -0.007928357097896528 0.012893116912932353 0.0004994719178976877 0.9999198577244663 0.25944582189548965
0.9998760994459189 8.696558735433123e-05 -0.016026312786108676 -0.07003249504668548 -9.145252727005069e-05 1.0000167870205294 -0.0003051228132676255 -0.005108934351583134 0.016029131431643997 0.0003070166159251824 0.9998735176017698 0.3220410110668344
0.9998186993467939 0.00302224054161861 -0.01892494000038444 -0.03583836767296319 -0.003031334678703036 1.0000024144853392 -0.0004616043469231339 -0.005164665804425105 0.018923309426103544 0.0005190362303040796 0.999822125128351 0.3754839831507647
0.9998003865275542 0.003578268301531998 -0.019882113164198786 -0.028219799342105594 -0.003589042950165659 1.0000005608372835 -0.0005122392962350422 0.0013488887456935674 0.019880136578482168 0.0005836569022535802 0.999800886252205 0.3211285276929122
0.9997967976899549 0.00047727898511040507 -0.020389810148186274 -0.037045878851351646 -0.000472963252748215 1.000024569982785 0.00018766258135042804 -0.00433506625067328 0.02038675381544891 -0.00017743757642650108 0.999794037876843 0.2833230383685716
0.9997764946774509 -0.00043838487576575624 -0.021191029086137243 -0.0010844506904890462 0.0004504161218911967 1.000006145489434 0.0005551909468294055 0.000983606404979261 0.02118905671945546 -0.0005644982874578805 0.9997763692546806 0.3731729787881638
0.999816765192179 -0.0005354963466781966 -0.01932159983311119 0.0014515455997007485 0.000546506442639466 1.0000016861793282 0.0005630190411518056 -0.0013214192903214393 0.019322472922080218 -0.0005734132089987182 0.9998112271272386 0.4062007613090067
0.9998501665221132 0.000316404169628355 -0.01752883081823905 -0.05156154503974094 -0.0003069253967987761 1.0000158574500964 0.0005224257746406544 -0.006049518425968661 0.017529394549624343 -0.0005165870956739387 0.9998480609142765 0.41876656658394423
0.9998769501312658 0.0006557012293982954 -0.016562452855095656 -0.04196626287019422 -0.0006480882507854911 1.0000333757850242 0.0004197909005434545 -0.004827186261564278 0.016564553847567734 -0.00040821181323572086 0.9998648086607012 0.43078985675662085
0.9999038623951804 0.0008012480824614511 -0.014133401731335796 -0.037571950033843886 -0.0007970867590342588 1.0000086130558543 0.00028595921783854166 -0.0019542656985455094 0.01413398462082819 -0.00027443831211476947 0.9999012214762258 0.3654357270358944
0.9999172014424089 -0.0007753541875274705 -0.013124462583861036 -0.011690154532839605 0.0007685016307557062 1.000020651467428 -0.000556876917176075 -0.0027982877766978016 0.01312511204453876 0.0005471374755977955 0.9999142139007786 0.4315416126656165
0.9999589798764006 -0.0015072171294264242 -0.009781830949713521 0.003620565163790664 0.0014933846680218652 1.0000302980309685 -0.0014780142674734867 -0.00888190644133813 0.00978536919527032 0.00146399063283379 0.9999540940689396 0.4779915394723305
0.999962525382569 0.0011726923989131108 -0.00887154860711103 -0.03043974254182185 -0.0011838778566175133 1.0000031672802294 -0.001264542784942083 -0.0015535169438256028 0.008870830470196961 0.0012750777839101745 0.9999584836718539 0.412986402490656
0.999964961738912 -2.2610815643091813e-05 -0.009164926208410706 -0.05825827306326905 1.1169094905506294e-05 1.0000258842486929 -0.0013125001096713682 0.003139222012444836 0.009164924254640244 0.0013128369346827725 0.9999609781741696 0.4435690596312274
0.9999736611355039 8.828826967136921e-05 -0.008460606121179704 -0.042824649956929015 -0.00010396458623854684 1.0000223571135904 -0.0019040377218908957 -0.004473141123368301 0.008461728560169145 0.001905265067093681 0.999961764036517 0.48104779537507764
0.9999657598180878 -0.0033326949699378516 -0.008626568603787394 -0.01158210770135104 0.0033217069870834907 1.000035837338276 -0.0013978947561719664 -0.004864843771903048 0.008631122416153983 0.0013697680581888948 0.9999648690766982 0.5276347234584208
0.9999528017633126 -0.004521701620308354 -0.008946326192191477 -0.006713763972185119 0.004515605530811377 1.0000038817498302 -0.000741350053576098 -0.008962378491667937 0.008949030067025304 0.0007011191574884667 0.9999611577850275 0.5425119504357194
0.9999627276102281 -0.00042480640369813635 -0.008851857686247253 -0.019300221364681215 0.00040937525582718297 1.0000132462050524 -0.0017872485979135758 -0.010967425904330868 0.00885215397602165 0.001783732099645108 0.9999614923531112 0.5339308781788744
0.9999516390458426 0.004494390039791272 -0.009597482464060654 -0.03356446131855629 -0.004525068630437303 1.0000276131455768 -0.0032977552135749605 0.012151765540688027 0.009582367760684113 0.0033416235257582617 0.9999575990672361 0.5789349470260313
0.9999529494415217 0.0035041243223583184 -0.009232883008491618 -0.025900488044906095 -0.0035265429825460264 0.9999968673923008 -0.0024256436706308233 -0.001604330783906593 0.009224023229483767 0.002458159426799934 0.9999567186342077 0.5572896601767782
0.9999631072177307 -0.0013626248297057206 -0.009549569936692216 -0.016590823781978393 0.0013478511051140483 1.0000304807690132 -0.0016267358278077495 -0.009663780760298092 0.009551730146886872 0.0016141539056045392 0.9999592061853926 0.5914629164146402
0.9999630357848105 -0.0008842899550380281 -0.009221496869842987 -0.00626094665672664 0.0008744424815920716 1.000021543629909 -0.0011225678143855953 -0.014018244895094796 0.009222721158417818 0.0011146938544641957 0.9999590473783886 0.6085069314764094
0.9999640029090762 0.0006862966399536068 -0.008885778202893602 -0.03721343932454608 -0.0007050998339364448 1.0000199666570782 -0.002156718551031396 -0.001586533535714649 0.00888422504059758 0.002163066556513685 0.9999601395883324 0.5889181356316004
0.999960084269677 0.0017314858819876687 -0.008970120916545936 -0.022000245504076907 -0.0017604417762998588 1.0000060804283801 -0.0032556808695004763 -0.0016968390995737972 0.00896403613636153 0.00327148794868179 0.9999590234435691 0.6649748395927166
0.9999673662549361 0.000651521444487731 -0.00789266258053032 -0.022697722949481653 -0.0006880937861436526 0.9999920266595937 -0.004642110959178756 -0.007466316020352663 0.007889255878467925 0.004647422245455728 0.9999570055214029 0.6381628503901251
0.9999766037151956 0.0017919681193709614 -0.0072964840990043045 -0.02299042954592441 -0.0018360786135482898 0.9999977712331871 -0.006092892284471053 -0.007864511328423297 0.00728596138477659 0.006106281569715969 0.9999554626883626 0.6346718052540433
0.9999878806989366 0.0019961590522585408 -0.004914523749056029 -0.025550333380819995 -0.0020311036073768266 0.9999824590020657 -0.007151107900169161 -0.00014489849568206063 0.004900046410240489 0.007161046347075058 0.9999613302885668 0.669850219689469
0.9999901507412134 0.0023588113798171315 -0.0046453163072714436 -0.02524861157493134 -0.0023950744554528157 0.9999884609105559 -0.007891835473806116 -0.005468578059920092 0.004626675984061123 0.007902984180581964 0.9999618299393335 0.6866345284974947
0.9999870664878637 0.0039047312257403403 -0.00524038878617949 -0.032347647379737 -0.0039473245822141114 0.999993078215372 -0.008222602502263669 0.0012571469782984854 0.005208873233018775 0.008243171316236118 0.9999548426395944 0.7189378840491787
0.999988839776156 0.0028174869903824055 -0.00499164905794354 -0.02358689023059763 -0.0028492136524236778 0.9999929001319919 -0.006395619664487661 -0.009792800452269832 0.004974228696471823 0.006409731195874268 0.9999687446080489 0.6900423093743722
0.9999826764123967 0.0032739658203176456 -0.0058221902931531525 -0.035882731898830754 -0.0033096440274244365 0.9999935500301784 -0.006156789220872542 -0.002481734983069424 0.0058019810336016305 0.006175819062098378 0.9999661106741236 0.7076181579997735
0.9999787151410913 0.003925462042689419 -0.005554704145134489 -0.026745959884719846 -0.003957582229932686 0.99998231968758 -0.005798089974968032 -0.006220939384963496 0.00553116011347227 0.005819879409187919 0.9999696203177392 0.7229820828006492
0.9999831011573939 0.0030145725770818594 -0.005697489019383429 -0.027287868824542903 -0.003043036550248645 1.0000133086940626 -0.005036424330988146 -0.00849873059366755 0.005682149620820247 0.005053286612952938 0.9999754846197328 0.7267990994169438
0.9999805965448311 0.004049621062309021 -0.005927156124735252 -0.028568709506184054 -0.004068268614944854 1.000010529966518 -0.0031657990510985633 -0.0002429373973978469 0.0059147435652081954 0.0031894686392176567 0.9999803869649003 0.7659208043839602
0.999991185370431 0.0013672644579245756 -0.005957867879876794 -0.0341450997980215 -0.0013760977342389066 1.0000368748232316 -0.0015134700676023268 -0.004397977006881391 0.00595558454167236 0.00152094196097043 0.9999850122006435 0.749788803342769
0.999978306951782 0.0005528708769360274 -0.00678128528637725 -0.020150844954341048 -0.0005491939885906181 1.000007541916683 0.0005343314902547117 -0.00991828988640736 0.006780445983921557 -0.0005307197176650292 0.999978002199694 0.7952262854290069
0.9999776905361476 0.0006701536062400064 -0.007372997012701835 0.0007603647127524599 -0.0006650136928401084 1.0000139015218839 0.000686738635179458 0.003336480005242155 0.007374388696732519 -0.00068211890956791 0.9999728749478178 0.8017921755631388
0.9999737248258566 0.00017594430368375458 -0.007845956696199806 -0.0007746375809543582 -0.00016543094462194018 1.0000127638317973 0.0013249563974105356 -0.003207720017911513 0.00784626749878566 -0.0013238476428166792 0.999969544305949 0.805509865906194
0.9999686275494603 -0.0009744547078220216 -0.00902085569725913 -0.027377709405574203 0.0009971099747416465 1.000020729476161 0.002489667749287543 -0.0108152865604312 0.009018518375976612 -0.0024989505181502456 0.999960961306022 0.7954062585598004
0.9999607327443103 0.0014400846025232157 -0.009953286135302056 -0.022165364402682106 -0.0013909282219281218 1.000025312351668 0.004933810011784859 0.00656283000087254 0.009960749954029373 -0.004920207415081395 0.9999412664134583 0.8822153930661857
0.9999611858666049 0.0006099320056320882 -0.00957686246854444 -0.029985833258945393 -0.0005644315328583276 1.000016630628769 0.00474695239732544 -0.014602566251047899 0.009579764168047178 -0.004741557044775412 0.9999458498956478 0.8009123179819556
0.9999533704799388 0.0017984193120853004 -0.009741480949355185 -0.043075863202787126 -0.0017639812238405873 1.0000074140162496 0.003540416453389926 -0.0021172180871754562 0.009748235142513845 -0.003523138823235265 0.9999473438333607 0.8577749427464278
0.9999547529380868 0.0010890965583020711 -0.010228061835155879 -0.008719734543610233 -0.001077865569075226 1.0000387547055571 0.0011123811378510088 -0.0055004483156843075 0.010228656953136675 -0.0011014044220600278 0.9999526516316097 0.8391484600877508
0.9999504425533765 0.0007666093651660685 -0.010578628029830141 -0.007247925438773496 -0.0007631919530093201 1.0000282437954067 0.00034430109396053795 -0.012478249302014074 0.010578409696440968 -0.0003362569533121093 0.9999488632314728 0.8652684669845099
0.9999622385174727 7.237609368835009e-05 -0.009663887443626965 -0.008768505920093391 -6.82671041889942e-05 1.000039158339949 0.0004830662360725304 0.00013741102941632838 0.009664597350327875 -0.0004824902792617208 0.9999563641389501 0.8491777929517891
0.999952773195044 0.0003156936722346925 -0.010126676040787307 -0.012358662394785447 -0.00030545899537722025 1.0000213285009072 0.0010427101318931868 -0.001266839906269816 0.010126235157237354 -0.0010395582947460387 0.9999529707908309 0.8946717743649926
0.9999509798950441 -0.0003847560030895169 -0.010346460019408676 -0.01410649045729888 0.00040194068554195674 1.0000169189896153 0.0016879092043710871 -0.006127837490495589 0.010345580642706947 -0.0016919290700269447 0.9999481836469507 0.9100581655781245
0.9999539904316281 -0.0016254250882924992 -0.009695378944271657 -0.019771316865837663 0.0016568868998287055 1.0000058052928595 0.003262294106447826 -0.0054558218422105596 0.00969020375712264 -0.0032780969652720397 0.999945127319932 0.9272299679277902
0.9999625063820738 -0.0008359489491857362 -0.009324505089758692 -0.027788431030435712 0.0008806041879152185 1.0000119899190867 0.004827638228317703 0.001544065748497412 0.009320105036580099 -0.004835402768535727 0.9999497479187368 0.9399215485135684
0.9999599200730689 -0.0015461973811038583 -0.009143567088250102 -0.02770781786149097 0.0015797839932199693 1.0000073625525494 0.0036951935462532382 -0.009018383311737137 0.009137746124149254 -0.0037092695673767023 0.9999521370392149 0.9227538927760948
0.9999592396387037 -0.0005261277421228065 -0.009105536755945682 -0.0104237619506647 0.0005382796754732633 1.0000083660889756 0.001347187476773083 -0.004278892345347942 0.009104763192616565 -0.0013519106327681857 0.9999576905776872 0.9583077711938558
0.9999706807043611 0.0002924319293831512 -0.007818226339420926 -0.008738015516152851 -0.0002862279617359261 1.0000122770061615 0.0008255303356816281 -0.007929085611617528 0.007818533077376727 -0.0008230398393312047 0.999969743386529 0.9395787282131868
0.9999798131180159 -0.0009396345721531039 -0.007357178236820322 -0.01939824145212395 0.0009482303205190774 1.0000102360944834 0.0011710162338666277 -0.0015322952759787957 0.00735624974598529 -0.0011776397415937778 0.9999706517703105 0.9578344509946887
0.9999825508345769 -0.0015411347420372984 -0.007104386529336886 -0.00965599450704964 0.0015473725767271374 1.000027356202883 0.0009170946124251198 -0.008100123407993078 0.007102992136469002 -0.000927434658122907 0.9999755651783001 0.9840416443490979
0.9999898307956546 -0.0014990526100417596 -0.005680424755091573 -0.0219245107534259 0.0014996368260437518 1.0000244893785148 0.00012745773798446708 -0.007161008959029994 0.005680226553028181 -0.00013530504323822686 0.9999864502892827 0.967047739187047
1.0000008963090217 -0.0006604872153147581 -0.004592519401982586 -0.032336102416389165 0.0006585739557988335 1.000031282583561 -0.00037627601177704406 -0.012114127265505334 0.004592788357471887 0.000374143705424019 0.9999908094435728 0.9786304932651895
0.9999981337237336 0.0007430340042743813 -0.004127785219965073 -0.031188876663746107 -0.0007444559581864899 1.0000214151400388 -0.00032437361846037485 0.0007060243984489984 0.004127565581111804 0.0003280136461876332 0.999993560401056 1.0252567639616956
1.000010721826931 -0.00018408489249532888 -0.0011432921672364287 -0.008744700116562188 0.00018501354202548595 1.0000381265054707 0.0007992268102286045 -0.007812323959688874 0.001143278042161443 -0.0007985577482483642 1.0000017519526057 0.9840967463039024
1.0000058900711108 -0.000727043832830268 -0.0005813316309772966 -0.010515151259375017 0.0007277698811210264 1.0000264127735468 0.001045408939573923 -0.0105745078959766 0.0005805026399701795 -0.001045182541892361 1.000005365272713 1.0650444159707486
1.0000026445080343 -0.0009704439896535599 -0.0009991821811978596 0.003930114446945695 0.0009710177315901192 1.000018561321475 0.00046033621291697316 -0.002162438586614925 0.000998735454024605 -0.0004608179131030742 1.0000010608000063 1.0332311961315186
0.9999972968591538 -0.001004083873119005 -0.0015575715885310139 -0.0207155596526554 0.0010032578042869428 1.0000014505880457 -0.0005378592542038508 -0.008737402025314618 0.0015581332415161601 0.0005363820161604311 0.9999957569836067 1.0410530370012974
1.0000055790577427 -0.0014485659305401258 -0.003231126155785333 0.0009830101003884559 0.0014480497651784285 1.0000377776071698 -0.00021616726059867658 -0.011104194974491676 0.0032315969032615057 0.00021246166245662823 1.0000012759802346 1.0810300834885662
1.000007245318951 -0.0007060938389809674 -0.003380058756233452 -0.009219245026403942 0.0007106875181810156 1.0000467893765856 0.0012253186359505147 -0.002973833069675325 0.003379584423601332 -0.0012265763093428866 0.9999978758888379 1.073463232298468
0.9999922413348235 -0.00030814886495756223 -0.004346534605154975 -0.011789368552317605 0.00032039985336368865 1.0000129909953963 0.0027805963100016014 -0.012844210090552203 0.004345652180499672 -0.002781487040889552 0.9999873726263606 1.116736739268648
0.9999824002959791 -0.0014562856683354582 -0.006519948108028866 -0.012679892348538424 0.0014799428849576312 1.0000100686783346 0.0035993846787241222 -0.008895786134737923 0.006514657713607703 -0.003608486366422972 0.9999727490152799 1.1077687464528125
0.9999759062068504 -0.0012886782855753242 -0.007848418303867115 -0.013606844999334927 0.0012988383097571232 1.0000212402924946 0.0012615203458616114 -0.016975984173091242 0.007847314899341942 -0.0012709672409591582 0.9999690620746804 1.0839304320171732
0.999950561836461 -0.0015777355948712942 -0.010278539577942105 -0.03167535290418103 0.0015584702280175805 1.0000141413607735 -0.0019032897118760933 -0.0177790670160012 0.010281213566790919 0.001887604340014637 0.9999494971902276 1.0832917513181926
0.9999479608319851 -0.00094453551072968 -0.011153911621527951 -0.0168305024258184 0.0009115469768230771 1.0000208156850874 -0.00298586634297572 -0.0297417147964072 0.011157389150972148 0.0029762803101290925 0.9999326764600175 1.0780143824097665
0.9999386563085068 0.0009535281823364679 -0.011750017312758612 -0.02580531252904313 -0.0009525067937728243 1.0000215248503217 6.716367166630968e-05 -0.009107647791800897 0.011750607485202388 -5.543925411614703e-05 0.9999311879708858 1.1135498965091728
0.9999309956452561 0.001368383036236593 -0.011685509751578982 -0.020907662598904992 -0.0013209383747124033 0.9999960390528226 0.004061504384342534 -0.007303152817673215 0.011690949786216983 -0.004045684243254132 0.9999206925490065 1.124274198813894
0.999950909632435 0.0020701015099939923 -0.009714724327017752 -0.03444094604759996 -0.0020368898377370096 0.9999929840718095 0.0034237544382187137 -0.015791295371512106 0.00972171304154666 -0.00340377193624564 0.9999464952644497 1.0850955633487944
0.9999714409870911 0.001738410364556634 -0.007962032987394401 -0.026484159455989094 -0.0017490521817103647 1.0000071041932719 -0.0013526429214996132 -0.013768400728216446 0.007959682484460471 0.0013669273176290105 0.9999731515180537 1.1098638378702603
0.9999803521736191 0.001046173683446125 -0.006509300140800977 -0.0260829572031 -0.001071496289892566 1.0000142093378552 -0.0039525606855331545 -0.020106331763045243 0.0065049718821500535 0.0039600839390947235 0.9999741053122293 1.104518778716453
0.9999842471827317 0.0022999908799338775 -0.005941037087131641 -0.026163354073590495 -0.0023349597142408463 1.0000012881894542 -0.005932247400846641 -0.02730684366905244 0.0059274607796692075 0.005946543321889573 0.9999657127053189 1.0748776532753128
0.9999915868330389 0.0004977947640196372 -0.006305064907358276 -0.02905675643255539 -0.0005058655353987773 1.000023618377227 -0.0013380155512998724 -0.016182466870306795 0.006304752131265868 0.0013417455115245385 0.9999816274421676 1.1027941841510935
0.9999921039104653 -0.0002797481034656439 -0.005357510954046315 -0.014059259065273885 0.00029410511984392565 1.0000155760048934 0.002630779897210946 -0.008489200387031914 0.0053567500297893155 -0.0026320092977447592 0.9999835263156297 1.1034666442850936
0.999989647990968 -0.00026960168564315554 -0.006211087917818717 -0.021794648248005942 0.00029928974285199975 1.000020055938513 0.004704352054062477 -0.014722444252635304 0.006210213265925842 -0.004705456968510819 0.9999702999303702 1.1097791664782866
0.9999859408529425 0.0007222004899520424 -0.00568995959235266 -0.015511103284586667 -0.0007108064964378168 1.0000200348781845 0.0019464065325393194 -0.01527963182399646 0.005691321528858498 -0.0019418414467373725 0.9999830967190637 1.1188535582180068
0.9999865761119382 0.0016175840760814348 -0.0052494722634631496 -0.012547601119532537 -0.0016196491086206003 1.0000066034713673 -0.0004040025914696053 -0.015226499575360927 0.005248988557234222 0.00041260432289658453 0.9999856403647361 1.0806453760010883
0.9999799555428676 0.0002024378370770492 -0.006713347805261258 -0.02430092036446746 -0.00021188089635275847 1.000008591184942 -0.001420524296556043 -0.020697427389980365 0.0067131266770494285 0.0014221895991454194 0.999976182198736 1.1034144618946307
0.9999849462036774 -0.0003579147477558355 -0.006762677281739756 -0.01686896974761981 0.00034244715662759567 1.000031529235026 -0.0023106879833586 -0.021571530558711527 0.006763320310757814 0.002309065294648728 0.9999775895749845 1.125802108539396
0.9999781382249464 -0.0007187681824269815 -0.007632164975260889 -0.03283917834554501 0.0007154434327108784 1.000033880875409 -0.00044813637257789965 -0.018765757567443357 0.007632615360310225 0.00044340080948079125 0.9999739931617778 1.1140184541703335
0.99997332909022 -0.00027702899896758375 -0.007706149657886763 -0.016190857244907556 0.0002822446432514649 1.0000221364451027 0.0006687256968354688 -0.011103182412875426 0.007705870494834691 -0.0006703863521658771 0.9999740010784737 1.113656663560662
0.9999730797113265 0.00029104988473546977 -0.008115175683799318 -0.015890064913742372 -0.00028892829929008006 1.0000198302103926 0.0002626032901264517 -0.012830078360701254 0.008115684314287532 -0.00025969400338604696 0.9999686839228952 1.0873575897524372
0.9999613367411336 -7.838329746554304e-05 -0.009225358463605412 -0.03015694743603117 7.254780391156576e-05 1.0000203195289192 -0.0006312611923940868 -0.023138216325130977 0.009225349749906969 0.0006309931796042122 0.999960941955371 1.1249268164418427
0.9999566410759922 -0.00047092684681764366 -0.009441759008580956 -0.033075624862990816 0.0004625747720287965 1.0000169979077456 -0.0008761155543406599 -0.014092073084269519 0.009442067081822672 0.0008720075140587183 0.9999552832888474 1.1324756736678543
0.9999575120355989 -0.00010277613349658836 -0.009259194125180965 -0.023555372040802568 9.551892906289877e-05 1.0000150978717208 -0.0007751617670263268 -0.018892880789185596 0.00925928453999988 0.0007744839101335401 0.9999570106013403 1.1174987584251272
0.9999606732566861 0.0004113159184595108 -0.009592791754013416 -0.025524507067958533 -0.0004204331766451404 1.0000240825399642 -0.0009224818212973971 -0.01739556962408448 0.009592493179623273 0.0009269582369018496 0.9999531270976733 1.158565468463621
0.9999549732744059 -0.0014440018794776635 -0.009813241464653292 -0.030267813954626976 0.0014351520743241591 1.0000176340509495 -0.0008887330030354114 -0.019936831236892587 0.009814376189184161 0.0008749093427540094 0.9999551800352114 1.129429176911277
0.9999593619581861 -0.0006667455993367957 -0.009516098555882953 -0.01551841507626971 0.0006654943186987748 1.0000242324181374 -0.00010687040458793952 -0.007114072228948211 0.009516283309466734 0.00010098364548688087 0.9999548050771192 1.14528362322515
0.9999581115610379 -0.0005183042368041476 -0.009819049948462277 -0.015961638907059993 0.0005275065493179061 1.0000200037485545 0.0009429574536656837 -0.013650803415244566 0.00981847056412062 -0.0009477448409647297 0.9999565366567242 1.138105146898867
0.9999646299827296 -0.0005674052801094391 -0.009117083293915525 -0.005422036811837489 0.0005722810253724265 1.0000190235940118 0.000532077945645467 -0.018619474456373533 0.009116885948598084 -0.000536912806479535 0.9999594862533979 1.107700506459907
0.9999608906795474 -0.0005292439608303691 -0.00987602759043398 -0.02408861979582574 0.0005223310422506325 1.0000315161485882 -0.0007192153903151981 -0.0162489385705715 0.009876440234578844 0.0007147119725289537 0.9999585957382847 1.1633323233555548
0.999956460066057 -0.0003551734026596412 -0.010014499067170158 -0.038334891304016204 0.00034047637343785674 1.0000162515828224 -0.0014851054011109114 -0.02278134623658934 0.010015014778659227 0.001481979672281131 0.9999531122436152 1.1645379304093455
0.9999685614444145 0.0015205368256406672 -0.008652807843762041 -0.007669910155100202 -0.001521284293782286 1.0000189153244003 -0.00011089732099252933 -0.009560519894051732 0.008652683595877772 0.00012446119683633613 0.9999634303955074 1.1246740498855368
0.9999760944345463 0.0003403167614849572 -0.007896949196020532 -0.007116342814927531 -0.0003349508893443339 1.0000249151589191 0.0006288900063599575 -0.012426570875229326 0.007897157940726365 -0.0006256854410498545 0.9999723227959244 1.1327904587034192
0.9999831679453173 0.0015306205298969116 -0.006638311278597998 0.002580142158606301 -0.0015304304174956155 1.0000203900752223 -2.7493843602750568e-05 -0.011195376864085897 0.00663827020202874 3.807706864819414e-05 0.9999840744854209 1.120568586815133
0.9999750439240186 0.0012706929883906344 -0.007128680983356063 -0.022849538546974437 -0.0012762172630073662 1.0000101926625198 -0.0007960210114008317 -0.018301564176566677 0.007127658963331758 0.0008053303322761421 0.9999752007950728 1.1992419116958923
0.9999757799669954 0.0006864474925226528 -0.007688813873815291 -0.03499226860517723 -0.0007056754804599979 1.000015161339432 -0.0025258005336320204 -0.018167594952324905 0.007687104849252888 0.00253152519354244 0.9999705356478614 1.1958675624873103
0.9999734546610869 0.0011229238881735732 -0.007498006254607621 -0.029420019274599418 -0.0011393900577884397 1.0000098495894125 -0.002214196236882447 -0.02115450908064622 0.007495465639235576 0.0022228868583906588 0.9999686884991313 1.1911678674206683
0.9999772417799208 0.0005871706646212831 -0.0072792772919181474 -0.02131786136557096 -0.0005945545895487789 1.0000178674051476 -0.0010459993622097268 -0.01565252388236391 0.007278722861967435 0.0010505873621662893 0.999976125576789 1.2098688734928458
0.999981663323561 9.773308787110457e-05 -0.00666471021420748 -0.009620242155244811 -9.123415718414426e-05 1.0000214089533337 0.0009130105467076322 -0.012860787664836816 0.006664788370712056 -0.0009120824742392126 0.9999804238721491 1.1592588435559426
0.9999795989945447 0.00012891251363262551 -0.006581158488528182 -0.009998658543561495 -0.00012400529857578742 1.0000074890473205 0.0007211958627143765 -0.013039293693871563 0.0065813088200633064 -0.0007202300089538766 0.9999801128472897 1.1851700117676343
0.9999785122430374 -0.00011303025957321311 -0.007182142388006976 -0.021377428945835667 0.0001112013060371366 1.0000146143190904 -0.000283051735230137 -0.020092309113719224 0.007182195279903991 0.0002825513245569814 0.9999766760160612 1.1893721467273295
0.999986489709308 4.797130860379802e-05 -0.006140201251468271 0.0016960888870797735 -4.933442813706605e-05 1.000016660538463 -0.00026548572297599497 -0.007320691739936316 0.006140190995720164 0.0002660781816954252 0.9999864085117967 1.1726986952383567
0.9999905250139438 6.766791655184685e-06 -0.00567143194215024 0.001193414423595036 -5.990107496635057e-06 1.0000233192576728 5.8822432126599396e-05 -0.017567733826370342 0.005671439757317221 -5.834689131474994e-05 0.9999894568413323 1.1777384819958865
0.9999933497290705 -0.0005405874179828307 -0.005040130572335072 -0.00037109507455518716 0.0005410649061567075 1.0000196322384916 2.117104754336074e-05 -0.008730209959958142 0.005040112741077153 -2.3569194860024825e-05 0.999992805735902 1.177489746454877
0.9999874403474289 -0.00140985223229379 -0.005587206901460183 -0.0245460909861995 0.0014050669537018024 1.000010398180953 -0.0008993751246802757 -0.018376993477999985 0.005588464669699567 0.0008917232081110431 0.9999883659381681 1.1922037963969943
0.9999890643270487 -0.0022135389271997668 -0.005733046397457256 -0.015977338302795182 0.002199620494224432 1.0000208743610288 -0.002507132874216618 -0.016822259077843 0.005738579558678455 0.00249494294855041 0.999985419286638 1.2286185804261425
0.9999748022976542 -0.003726390912298485 -0.00649439871047424 -0.017711939160724048 0.003715050255498707 1.0000141444843222 -0.001842196946464716 -0.019715875739710717 0.006501244752973065 0.0018183884416440987 0.9999783391152675 1.231138600127087
0.9999565754572148 -0.0037349129653847625 -0.009003092017926699 -0.013688958570081927 0.0037343894814836896 1.0000060545942848 -0.0001122506517187393 -0.013967888985272929 0.0090034969785665 7.88602450689498e-05 0.9999585704525106 1.2180735149199666
0.9999375897988381 -0.0036486248046036476 -0.011029337755750332 -0.012653923718708621 0.0036468141399718414 1.0000076005504401 -0.00021149967373342121 -0.017473334912180935 0.011030188519476122 0.00017154303200365384 0.9999388162760181 1.2270876869365757
0.999941934026708 -0.0017135219220125726 -0.01113567765469208 0.00032507908599921137 0.0017241991488407542 1.0000184260303537 0.000901551328515351 -0.017032807906737283 0.011134273917902223 -0.0009203447966892015 0.999942761956809 1.1970752341369377
0.9999410003091121 -0.0013137863558239829 -0.01119043696096802 -0.03524714119386579 0.0013369247327602192 1.0000174379215532 0.0020005877231333937 -0.004707961105686694 0.011187701343634626 -0.0020150940295451795 0.999942164572753 1.2495329034878175
0.9999394557689321 0.0006030923676755808 -0.01078960249062201 -0.008769415708505356 -0.0006017974546679276 1.0000002815895819 0.0001162614363285353 -0.021493514266413025 0.01078976449562367 -0.00010973009618974438 0.9999384791265058 1.2424916637147538
0.9999285654918502 0.0010389392676748179 -0.011893674044349005 -0.026565276906494403 -0.001059638979212154 1.0000037931780825 -0.0017530027346903424 -0.009043124256354548 0.011891743331453326 0.0017656135347271455 0.9999298757511802 1.2669339782474418
0.9999248358292335 -0.0009862397043323588 -0.012481951308848072 -0.0228694465115766 0.0009669044490402256 1.0000101664538397 -0.001574966503188593 -0.026326175136083145 0.012483536816945424 0.001562967543239127 0.9999210359365696 1.2712200489389271
0.9999310796480896 0.00013378106711965957 -0.012267928815328495 -0.02643919536156035 -0.00014858556043251045 1.000016943174685 -0.001246783553479613 -0.008102173370344577 0.012268161382380006 0.0012488480715179768 0.9999243218565472 1.2643559060621041
0.9999291569439408 -0.0026738790947391233 -0.01157279245127537 0.001415760224090923 0.002687242675044616 1.0000031611545122 0.0011146874120004692 -0.0205878204752609 0.011569921717396396 -0.0011455927805170904 0.9999312730242363 1.234002505918272
0.9999294018630729 -0.0005122981019393171 -0.011774029861590977 -0.020291552744054468 0.0005244427507080721 1.000009153136463 0.000994463378830392 -0.01611292885286369 0.011773403885883361 -0.0010004299072967535 0.9999289884609032 1.2520194621294098
0.999926105253479 -0.0007873613679162051 -0.012511554312832598 -0.02976480516147181 0.0007857674133763085 1.000021629120627 -0.00019752958030781612 -0.016039617306326734 0.012511720025184662 0.00018804247593097768 0.999923034183206 1.2592460694566698
0.9999288801249973 0.0012106351735768444 -0.012090875314559458 -0.02438085503178292 -0.0012230673297746253 1.0000159439986471 -0.0010601589629044283 -0.020099128800617563 0.012089496304008133 0.0010751316063171157 0.9999282749635641 1.2713217757160689
0.9999365300999442 0.0008963163757068588 -0.011744326062671276 -0.028500272772767593 -0.0009070870495549149 1.0000175055928948 -0.0009449495973456674 -0.015565787953738135 0.011743595620986052 0.0009558155334719678 0.999930209597865 1.2733174715369224
0.9999359801088771 0.00045501855348450477 -0.01178368108401081 -0.022338645390131598 -0.000467628070891361 1.0000196176640856 -0.0011101863107127023 -0.020954520998062772 0.011783346040260316 0.001115915252201763 0.9999282217413692 1.277371947736814
0.999937563365889 7.447531398564056e-05 -0.011366112174006213 -0.027802115917953247 -7.501359166203236e-05 1.0000197574237388 -8.886398883846186e-05 -0.016976789842758407 0.011366095674664756 8.996136063132937e-05 0.9999386686030524 1.2872232901522869
0.9999425464253794 0.0009221472234602344 -0.010489031519331496 -0.007555288167616343 -0.0009046964996428658 0.9999997651526588 0.0016555463062429574 -0.011338631711190875 0.010490476382408093 -0.0016459509586894058 0.9999440502922703 1.2654681197480284
0.9999600227354717 -0.00203576776047303 -0.008888371793485093 -0.027967262429879656 0.0020556495324884957 1.000005282105892 0.002200976879211625 -0.013888905349308879 0.00888382545595321 -0.00221901848915506 0.9999583841229515 1.2882894241325666
0.9999680505101894 -3.6732333741760526e-05 -0.00866591348988079 -0.016245373490623154 3.518215659209575e-05 1.0000212088262632 -0.0002303046714768832 -0.016128988774310404 0.00866592969475911 0.0002302730814493866 0.9999675556030637 1.2786693734674321
0.9999708953947118 -0.0008067072763048876 -0.008574776910084516 -0.005863806587726242 0.000790605332466308 1.0000247310343369 -0.0019307093233609963 -0.025301061726558962 0.008576305831292534 0.0019242438784561652 0.9999659782219783 1.2990140475285743
0.999971418340775 -0.0017681004169495718 -0.007878954931605881 -0.0032677553788755765 0.0017521729527497903 1.0000142615992222 -0.0020562718591694445 -0.02209123476386951 0.007882604256843876 0.002042606060873411 0.9999682791204942 1.2932220789766544
0.9999834555698658 -0.0010298883318795259 -0.006653452201679518 -0.010434898564893514 0.0010164133581388752 1.0000276993710056 -0.0020721479633311352 -0.019252964311521133 0.006655396371136215 0.002065663815849266 0.9999762627766238 1.2809823952606154
0.9999887687604135 -0.0011132352409342254 -0.005561797958250698 0.0014664134212286615 0.0011003543333542158 1.0000224781030425 -0.0023676520302542974 -0.021984069027757267 0.005564456465315497 0.002361670180671353 0.9999845680564411 1.2910288842081825
0.9999890936959672 -0.0014104310081477992 -0.005136959139607515 -0.0038730153588422186 0.0014120887621217784 1.0000198934065831 0.000278988706100388 -0.019920304397849906 0.005136475285030725 -0.00028611127843926803 0.9999878446362894 1.2955452858494727
0.9999927951327915 -0.002282919321719798 -0.004435034739477692 -0.004743023174729393 0.002296307075503079 1.0000174703447402 0.002942267383411236 -0.016455912045025247 0.00442835943711783 -0.0029522607243256936 0.9999904624773581 1.2953652015132038
0.9999942356182575 -0.0031949157958256367 -0.003646750176987787 -0.0025261305429594423 0.0032069397683687126 1.0000171013366494 0.0031713692717315225 -0.01926859633448579 0.0036363711160859796 -0.0031827321926885164 0.9999879038649048 1.2978570841571813
1.000001943890157 -0.0005270073528440028 -0.003201246812373728 -0.0007024451794830921 0.0005310647862082787 1.0000205891458531 0.0011561195402833861 -0.02069993935228794 0.0032004108454374387 -0.0011575470380533678 0.9999938112609426 1.2578337865308031
1.0000040418614624 -6.707215081704708e-05 -0.003043902396828685 -0.002728902536218817 6.950528105179873e-05 1.0000248216298582 0.000620769614955437 -0.021947195709378045 0.0030436197036393534 -0.0006205600791006508 0.9999973930831387 1.2228172398206762
1.0000040381705313 -0.0019598926635511172 -0.0016690706711983954 -0.010234772538682302 0.0019629304214693107 1.0000219787222777 0.0014802457057484534 -0.017140729729702885 0.001665838533947997 -0.0014830664066770854 0.999999696644211 1.2759231296682678
0.9999995577929958 -0.001236345204743196 -0.002297145346285279 -0.01766736284907571 0.0012394881499793397 1.0000088116035004 0.0012677866285033584 -0.02005611698422915 0.0022954343275449676 -0.0012704127728743165 0.9999972822421235 1.2508986570404004
0.9999975896315275 -0.0009200869116805588 -0.0019878264191863543 0.0004383175286056522 0.0009206018023825603 1.0000013420087266 0.0002030406514150696 -0.02714067089344265 0.0019876667338374837 -0.00020481765191666362 0.9999975238604716 1.2361244706626904
0.9999985780296532 -0.0007229121106551199 -0.00284188240079312 -0.004011371216620012 0.0007248823256994141 1.0000025335852951 0.0006483213818006169 -0.0200972717798423 0.002841175720859122 -0.0006502906295884881 0.9999952141512876 1.1829221383916901
0.9999916521744736 -0.002700317974433602 -0.0017747072488388652 -0.011114813624825031 0.0027032165094830578 0.9999863905775407 0.0017390134652686326 -0.017942178473377982 0.001769918579112524 -0.0017439376788431905 0.9999945848899677 1.2551850997695249
1.0000008970745395 -0.0017465125582509307 -0.0012363884108793888 0.0030758070995988425 0.0017485357233369824 1.000010545376028 0.001190166892592766 -0.020993613536902732 0.0012342769659672394 -0.001192033272918347 1.000002774781433 1.228715896741374
1.0000036726847121 8.078682040238707e-05 -0.002124095936624967 -0.0005070448725702496 -7.998716780400597e-05 1.000016498090207 0.0001331666855356293 -0.023877239771916664 0.0021239253124798077 -0.00013262697381108017 1.0000002189029322 1.1930554949492471
1.0000025890576754 0.00010993562150485405 -0.001541170436067894 -0.004807376530339639 -0.00011035336701211106 1.0000142497315314 -0.0005890985108123094 -0.023856698716076808 0.001541019400177884 0.0005895657223198872 1.000002122637021 1.1922340225660395
1.0000000688968864 0.0005228524903302404 -0.00022439671430231158 0.0006007264607724424 -0.0005228492637866973 1.0000040270391493 -0.000957069697717073 -0.02501678741304308 0.00022380403467931321 0.0009573035491267401 0.9999993274796676 1.1994757918728451
1.0000019362599615 0.001448535747571637 0.00045954344743009826 -0.006721315204468096 -0.0014478392382350446 1.0000066371470127 -0.0008610014980182977 -0.02502625704207624 -0.00046100321628133 0.0008605177048257765 1.000000347427315 1.1722854937770009
0.999995588789448 0.001863042570301571 0.002255451991609267 -0.0010262433227389133 -0.001861368533730528 1.0000043725703838 -0.0006450311061509717 -0.021160667562062797 -0.0022566437241761175 0.0006409628828322182 0.9999983335064144 1.1787731072822996
0.9999928830755369 0.0025105304237669993 0.0038620923210210905 -0.006033173273526524 -0.002507073944506843 1.0000169356606534 -0.0007005900490512788 -0.01883157019881963 -0.003863744614739393 0.0006912077399892226 0.9999965377105818 1.1642223661185913
0.9999872463807795 0.002032847779749928 0.005185106787175622 0.0030254063541547502 -0.0020276845900215495 1.000009710859292 -0.0008973049603693093 -0.021216251617551713 -0.0051867213657908915 0.0008869848559421304 0.9999901983898346 1.1627809106936386
0.9999848132001886 0.0016165091911562967 0.006104511395162029 0.0005919117827827146 -0.0016134159553537826 1.0000146339151847 -0.00041492217863301465 -0.01735198174300733 -0.006105645880799618 0.0004053318286011576 0.9999797398871535 1.1381599323742633
0.9999796035128078 0.002091235062614417 0.0067174188650618305 -0.01527014896132521 -0.002094066541470427 1.0000151136427613 0.0005005856512852908 -0.012902596361603888 -0.006716327487350477 -0.0005143593797228089 0.9999810329746346 1.094775487198278
0.9999720575870297 0.0009920697565321405 0.008234209809815459 -0.005495496281027672 -0.0009950497881081766 1.0000193679080496 0.0004465155747818586 -0.014726374087731175 -0.008233647849820653 -0.00045437646200935524 0.999969243482711 1.084737885583395
