1.000000e+00 1.197625e-11 1.704638e-10 5.551115e-17 1.197625e-11 1.000000e+00 3.562503e-10 0.000000e+00 1.704638e-10 3.562503e-10 1.000000e+00 2.220446e-16
0.9999488484808382 -0.0016872755862871614 0.010227060156149 0.04738988555995705 0.001679769388519197 1.0000031564877905 0.0007475152146889427 -0.001602521396962899 -0.010225522389565665 -0.0007301553659904305 0.9999472577333774 0.2862760775376471
0.9999834542240544 -0.001702055076321918 0.0063124451251739344 0.04070455276101461 0.0017020830500240182 1.0000082144767088 3.80101937533191e-05 0.004304519120215971 -0.006313381883001413 -2.7083873363564694e-05 0.9999785164520257 0.2522676411876639
1.0000011323188556 -0.0016099774668081922 0.001619581329807473 0.00837736038459854 0.0016114923104528773 1.0000092864058707 -0.0007692600969066129 -0.003092847471699662 -0.001620718747554847 0.000772105130936044 1.0000009748908736 0.30101837137946363
0.9999986619086304 -0.0009434985576059406 -0.003002915968832222 -0.001827468477007748 0.0009414664999316745 1.000005799301254 -0.0007217811347247211 0.0030706473491141683 0.0030049307193724334 0.0007191190868706872 0.999994682815745 0.24159106953589954
0.9999702704739434 -0.002118366081574991 -0.00737128379933485 -0.00015007063087196839 0.0021079757697345524 1.0000009736734565 -0.0014390277132897535 0.0053266045548484055 0.007370525419572408 0.001423544014325249 0.9999731342997367 0.3271031017737225
0.9999210412010361 -0.0005555957009277076 -0.012938273744717408 -0.011266760616579672 0.0005479932905761581 1.0000096654977784 -0.0006082788173340463 -0.007742268151661595 0.012938924036289916 0.000601385006401671 0.9999158187228495 0.2595211696115608
0.9998834265308738 0.0002085996213205323 -0.015986680421625307 -0.06805422419980633 -0.00021317196366782315 1.0000206480292464 -0.00031740367604699357 -0.004849894587647612 0.0159907966489859 0.00032142230013432053 0.9998724106699103 0.3263290452138804
0.9998167714919379 0.0029428646917651117 -0.019050030089539635 -0.038392745614052114 -0.0029509639759887226 1.000007035853413 -0.00041415928635483426 -0.004761702315505263 0.019048258176768418 0.0004705522456175519 0.9998189641249524 0.376065046325357
0.9997964702700669 0.003629250658463371 -0.020001768741801547 -0.034073223579858085 -0.0036392932778995662 1.000002357815745 -0.00047505650116475896 0.0025882616184827152 0.019999618553916517 0.0005478937101474618 0.9997986710739092 0.3158399126881546
0.999796263893023 0.00035242714939971156 -0.020378201429147782 -0.04155767493381429 -0.000349156647252486 1.0000051305239637 0.00015897609337248964 -0.004399443102192556 0.020378041831997633 -0.00015169602491578284 0.9997924549192879 0.28714605537059507
0.9997820650322756 -0.0004937623607016634 -0.021213662766009875 -0.0030466727860981677 0.0005066574252823375 1.0000194979742751 0.0005831583596742809 0.00121375417094649 0.02121359667463168 -0.0005933379397499667 0.9997761595442558 0.3764662106608796
0.9998175064955935 -0.0005763666837690246 -0.019281175695925717 0.002111073364267473 0.000587679166386705 1.0000076801302937 0.0005715028090516676 -0.0003560507384796814 0.019279900538410215 -0.0005825761371142692 0.9998146999974387 0.4095458413122649
0.9998505512649204 0.0004420016183188218 -0.01755400994958852 -0.048398236677087654 -0.0004324456313073808 1.0000149852784457 0.0005286118051090337 -0.006411855945939263 0.017555134012216016 -0.0005205979553514255 0.9998448555344853 0.422964414012924
0.9998744308534739 0.000691718233121009 -0.016446778750168957 -0.04205302981887594 -0.000684149099414606 1.000032666013257 0.00042034294440852733 -0.004605385329713913 0.016449468728757317 -0.00040828607866797144 0.9998679492686994 0.4350621457993817
0.9999004785826182 0.000823937051820671 -0.014188015215982494 -0.03713820480323948 -0.0008200557856599618 1.0000080711730537 0.00026427556729020685 -0.001239162796204141 0.014187018402281293 -0.0002524470341571457 0.9999007249450204 0.3673057932787965
0.9999147986040544 -0.0008638041783877838 -0.01318173094773716 -0.010564102676423557 0.0008559721404783618 1.0000126845831405 -0.0006211350385036074 -0.002443865540091942 0.013181806325441305 0.0006100644007485274 0.9999155435536646 0.4340928213105414
0.9999520301258045 -0.0014739412861800147 -0.00982538766269381 0.005519229801693403 0.0014597432076919451 1.0000155398104627 -0.0014886068153228266 -0.00698931684503842 0.009826176320538449 0.001474480411401639 0.9999526180700082 0.4756009791105299
0.9999631268807728 0.0011951420040776717 -0.009004232792685482 -0.028718953915418417 -0.00120698681526286 1.0000159302848464 -0.0013462714272903255 -0.001772501088849337 0.009004418262188401 0.0013574457467040494 0.9999579022730014 0.4102152906593971
0.9999627229598907 -6.133369144803115e-05 -0.00920912946210318 -0.05881531028629095 4.9160869522548294e-05 1.0000235603959375 -0.001383430977388831 0.0022259297526718495 0.009210990971767906 0.00138337118951697 0.9999580384358185 0.4452353546291969
0.9999677776415454 0.0001471832345789609 -0.00850115681447973 -0.040391054242898794 -0.0001631629284614258 1.0000121832722606 -0.001916631958528859 -0.003198845462297162 0.00850129625598834 0.0019181881674338818 0.9999636226278165 0.47920456908400644
0.9999648195282353 -0.0032597800007622135 -0.008622846559330112 -0.01523026396139438 0.0032482699759641704 1.00002552021344 -0.0014305575152052984 -0.004801951156598772 0.008628347276597028 0.001402989807509776 0.999962437734595 0.529163115441706
0.999954421503431 -0.004422429987912355 -0.00896768461394939 -0.004683402755276129 0.004415929898574868 1.0000024496014404 -0.0007752169610675587 -0.00881924281789341 0.008971704530884755 0.0007357679624795977 0.9999593113236989 0.5366127308291497
0.9999593624874151 -0.00043611569314737906 -0.009042822510615863 -0.023749695062420265 0.0004201872076108852 1.0000052020207788 -0.0017774505096044481 -0.009826134986998221 0.009042811828338496 0.001773612385496964 0.9999587744507916 0.5257973018868665
0.9999489176329819 0.004537344431820706 -0.009610520075176198 -0.030946507907722954 -0.00456805274581026 1.0000088382886854 -0.0032413634313895883 0.01318415475934414 0.00959617350974094 0.003285482028899668 0.9999539604741394 0.581111197631553
0.9999504557855166 0.0034271267539727787 -0.00938355298447219 -0.029054786323737824 -0.0034498082280999317 0.999996692936706 -0.0024159861009101923 -0.0019792903482236664 0.009374879926056508 0.0024482569813118254 0.9999522291398097 0.5530906815950927
0.9999586318548989 -0.0014642104384867821 -0.009614580039215743 -0.02160108455092549 0.0014488871634100154 1.000014836052135 -0.0016363032059769531 -0.009855529845621727 0.009617482777095003 0.001622503468336769 0.999953979614391 0.5917579101852759
0.9999588714129505 -0.0008410473429963123 -0.009355062593525424 -0.0047003058248185296 0.0008308622818611385 1.000018484720215 -0.00113389230489413 -0.0136224300419569 0.00935577908158116 0.001126258906105751 0.9999571666487063 0.607642482348361
0.999960696734298 0.0006207109123740339 -0.008870297736434895 -0.0398896443372548 -0.0006402169299738951 1.0000076021194628 -0.0022263140700282194 -0.0009810849827034064 0.00886864341787056 0.002231991735729786 0.9999599554867504 0.5905307005471753
0.9999628384882571 0.0017739917627036493 -0.008978938331080393 -0.02201204080895228 -0.001802290730351025 1.0000152224699501 -0.003206394276093287 -0.0013406642545024112 0.008971966704244405 0.003222653460239439 0.9999618370161457 0.6701116461300773
0.9999747850965591 0.0006989875281979178 -0.007973789428470867 -0.024496222737748003 -0.0007348923241901131 1.0000219443526228 -0.004573951729956517 -0.0072453238685717064 0.007970632497393531 0.004579948619610675 0.9999584790659085 0.6374652768926564
0.9999741389905767 0.001904823600208116 -0.007489288481051876 -0.02098153096039476 -0.001949756288232401 0.9999980254927386 -0.006037830694817246 -0.007169508235288441 0.007477598064394448 0.006052422788789098 0.9999557413723765 0.6241812864668694
0.9999868670086158 0.001985573670103824 -0.0048282337423246734 -0.027588605284887664 -0.002019484997271845 0.9999904067834985 -0.007094258067981693 -0.00028222145105804674 0.004814942719775107 0.007104044666951291 0.9999643983269707 0.6726798757685035
0.999992166432959 0.0023686931792446663 -0.0048552254869470846 -0.02719211059503007 -0.002405772366249204 1.0000026181708055 -0.007749277082022968 -0.005863608359595075 0.004835905134095854 0.007761035412100143 0.9999639996036084 0.6904039783729509
0.9999812718698425 0.0037970531049812783 -0.0052700215868749295 -0.03629598219626807 -0.0038395197066207944 0.999973785459789 -0.008101701466290348 0.0006799622050523912 0.005239138868339227 0.00812177424155425 0.9999526439873909 0.7147221027083432
0.9999885570787265 0.002838199730936262 -0.005031914112766396 -0.02491025345592196 -0.0028696298116257166 1.0000034031634017 -0.006305817126012882 -0.00946684239470745 0.005013674294153965 0.00632013499830427 0.9999719811716319 0.6762610187268718
0.9999813183161376 0.003205783666392072 -0.005956343920978334 -0.035993497028286935 -0.0032420346493726984 0.9999963346237046 -0.006118539969951582 -0.0017981631333319906 0.005936121861476413 0.006137605406864531 0.9999669924695997 0.7079325912808979
0.9999835521382335 0.003971827081450619 -0.005778021595262593 -0.026255006112137047 -0.004004642180674494 1.0000053192421747 -0.005729021995205813 -0.004945038972310757 0.005756016910183434 0.0057517153170803595 0.9999677175796812 0.7249447301457267
0.9999821859243262 0.0029679309513785737 -0.005786374018260975 -0.027729776477760287 -0.0029967597782784307 0.9999966137396713 -0.004995619274230401 -0.008335507115844444 0.005771366119185308 0.0050126909719033835 0.9999724728378994 0.7286465279178821
0.9999805554190636 0.0038888805692099543 -0.005824788661249205 -0.0346324798442352 -0.003907125660090794 1.0000056532245367 -0.003139094405628898 0.0005260335856699639 0.005813566926419038 0.0031615101156031358 0.999979857231238 0.771810532307552
0.9999893262100639 0.0013332939821416008 -0.005917771600913555 -0.03409396656765681 -0.0013422058476917607 1.0000255136729364 -0.0015257509754162887 -0.004555587532421693 0.005915438487248727 0.0015332136547588898 0.9999852434252998 0.7468325288759988
0.9999813476661741 0.0008213541704286325 -0.0068820521737323935 -0.012791736111330972 -0.0008176176412620958 1.0000204263936832 0.0005188263483184764 -0.010025829774280523 0.006881688246717949 -0.0005135361808951277 0.9999777252991516 0.7867438995366106
0.9999774303426655 0.0008543321359069074 -0.007507079572360622 0.0013680991221835454 -0.0008493853703023632 1.0000215862243853 0.0006451819660044101 0.0036655831417404692 0.007508010836750567 -0.0006392386836140244 0.9999720039560865 0.7986741885271398
0.9999725726231038 0.000167917666971572 -0.008013221420335722 -0.00016115769304993741 -0.0001572305859378808 1.0000082489410955 0.001329230639822911 -0.0025072748369849578 0.008014221335918389 -0.0013281183306522377 0.9999667503501515 0.8044998631078444
0.9999656146044755 -0.0010607311954919675 -0.009089251498757221 -0.029882227811829653 0.0010835719681468394 1.000020338479944 0.002492182389826562 -0.011116539202198343 0.009087628066952406 -0.002502304645210255 0.9999562774194779 0.7932123628514653
0.9999542207901351 0.0015814231340368205 -0.009991529986166856 -0.022601987139111736 -0.0015326841439818116 1.0000083587494673 0.004876231774900704 0.006989657685380337 0.009998920936349742 -0.0048609699678841016 0.9999416787972601 0.8807263126294754
0.9999648844510552 0.0005172669579262251 -0.009689128318956337 -0.03292977666823422 -0.0004724804809389418 1.0000202485459528 0.004621502686245526 -0.01453488915030148 0.00969327560951259 -0.004617013596837545 0.9999431097708378 0.8055434068514087
0.9999553716174135 0.0018018911637837037 -0.00981347242892563 -0.04500587468037584 -0.0017677004247198223 1.0000200914650017 0.003488494744420134 -0.0023217398901956487 0.009819798489401805 -0.0034711191550446914 0.9999492934266311 0.8607972817584102
0.9999482263672225 0.0010814280070686904 -0.010353965841961193 -0.008502910094587902 -0.0010703875795860882 1.0000137445268424 0.0010753796363986649 -0.004485088443515983 0.010355812233803396 -0.0010642790156524767 0.9999463645899721 0.8404076782152019
0.9999473665831582 0.0008429541651081192 -0.010576648518482827 -0.0017721333266691307 -0.0008394107646873336 1.0000149119925696 0.00034839556405563736 -0.011197130818887317 0.01057711271763409 -0.000339527852592969 0.999946193962234 0.8592199468882045
0.999958905934193 0.00024647553528188025 -0.00973053769175744 -0.007454621621262788 -0.0002422715335950878 1.0000240120524218 0.00046540240146291306 0.001572774801333935 0.009730746667569354 -0.00046309140310698735 0.9999549046756259 0.847365861271528
0.9999551751325705 0.00048271621308136327 -0.010225219502387322 -0.011617278782532135 -0.00047264880279193394 1.000036386759271 0.0010357505588517641 -0.000497054808029613 0.010224981873316103 -0.0010308550858424879 0.9999535955711086 0.8970809636100433
0.9999476308690779 -0.00036814388323005824 -0.010450075242600882 -0.013662278065817303 0.00038562130645022566 1.0000082027050476 0.001686391305487333 -0.004639116029485886 0.010449027174532792 -0.001690304074670894 0.9999449026164403 0.9150376006344766
0.9999565545828375 -0.0014691819864054107 -0.009765809314430334 -0.01991160569859439 0.0015001304351652447 1.0000181009135785 0.0032141322850995197 -0.005137761224057317 0.009760453455298737 -0.003228504029214757 0.9999539689894146 0.9289518250311602
0.9999589849505705 -0.0008847357827249041 -0.009357930208446146 -0.029610531433044436 0.0009293365221091764 1.0000027851046087 0.004789040010573409 0.0010105575546697269 0.009353407853334396 -0.004797378565916782 0.9999460393442767 0.9394176933335266
0.9999591248949458 -0.0016412044472109025 -0.009153181281068845 -0.03232775081618786 0.0016747197390897387 1.0000116726712696 0.0036904544020831013 -0.008358568977804796 0.009146918914218224 -0.003705354563556049 0.9999528623921142 0.9182785068336189
0.9999570581361965 -0.0006363647252388501 -0.009212456627065182 -0.01088460733431545 0.0006487137000489517 1.000007579358779 0.0013550639009754335 -0.0036261310118103278 0.00921148662166812 -0.0013608195644082657 0.9999578146293119 0.9606664346443408
0.9999684923068705 0.0003821848855882839 -0.007995042137253688 -0.005807215662336801 -0.0003759123786242536 1.0000107480163318 0.0008080938084104896 -0.006435900194237754 0.007995357904701246 -0.0008048201546089392 0.9999649083689742 0.9362079304786936
0.9999819258734517 -0.0007657823319921371 -0.007508184593846887 -0.02075954705602077 0.0007744664927267292 1.0000240458750382 0.0011917502350159643 -0.0013304798344795934 0.007507352679418468 -0.0011968830881783007 0.9999737125621201 0.9636740410623161
0.9999809462211309 -0.0015054560285141555 -0.007202601091768827 -0.004605424920926603 0.0015117794990724832 1.0000201940079152 0.0009054656047650764 -0.006812509125214754 0.007201225368834947 -0.0009157954580089467 0.9999745943518743 0.9875606125287893
0.9999910978705289 -0.0013659491308250537 -0.005666026030887786 -0.014433870839962072 0.0013665518939894082 1.0000258324644307 0.0001247196878628971 -0.006240716252909068 0.00566586524705828 -0.00013178396590368213 0.9999839722837134 0.9575074713272494
1.0000036623515562 -0.0007168862159209067 -0.004692493083084922 -0.03272902609824996 0.0007146777913570304 1.000046685780504 -0.00040823345785305796 -0.012514044237021144 0.004692774358369742 0.00040609029917531013 0.9999908458625582 0.9796212349384849
1.000002519171163 0.0007322219202017024 -0.003967166717707019 -0.027659591078447694 -0.000733573439753108 1.0000219756826134 -0.0003296891518768257 0.0024341916673492857 0.003967035518298874 0.00033321720812108413 0.9999945932003048 1.0135811591223471
1.0000066297325163 -0.00015395372545820994 -0.001290470766638453 -0.010984960359047502 0.0001549825895785927 1.0000212710040561 0.0007977973893980305 -0.007391180331743312 0.0012905216685594626 -0.0007974625937540071 0.9999998727558459 0.9843459464840498
1.0000012781306564 -0.0006587504943448094 -0.0007720830983370097 -0.009629518288613186 0.0006596063084761012 1.0000123059558834 0.00103151892696074 -0.01158967859019979 0.0007712668199761439 -0.0010317519689444878 1.000003246487612 1.0791971783826453
1.0000019436947511 -0.0008558095077062392 -0.0009856909813568682 0.00481834589326961 0.0008563280736595732 1.00001648744991 0.0004203509555277595 -0.0014856557662130876 0.0009852865068173226 -0.00042081479719679375 1.0000008914983498 1.0297368076050213
1.0000044294286765 -0.0011112211216967888 -0.0015352355806042238 -0.02155902230947018 0.001110347383688623 1.0000249869357025 -0.0006119070806694716 -0.008151627249774234 0.001535946312102605 0.0006107903583249644 0.9999988781823199 1.045618393042324
0.9999974001832247 -0.0016372746467271742 -0.003045823831978372 -0.002795175429782413 0.0016366294767334122 1.0000106558874615 -0.00023404323306785977 -0.010287161475413038 0.0030461187301719273 0.00022936450516287317 0.9999962940677624 1.075206779139877
1.000000799730372 -0.0004784649924669667 -0.003532018384299689 -0.010298002386048206 0.00048319341983818243 1.0000271354855994 0.0012614819349384926 -0.0022060838590622746 0.003531634040587232 -0.0012624376175153441 0.9999961642228183 1.0716191751791169
0.9999926921640684 -0.00035280051209511296 -0.004369663544846873 -0.015241296008304046 0.00036494046390879193 1.0000062217350816 0.0027549127970667724 -0.012103505262554529 0.004368584552758466 -0.002756239892918335 0.9999861836413411 1.1224411642319887
0.9999797572177315 -0.0015426306187228957 -0.00649383780763799 -0.01733864465647639 0.0015657129436688628 1.0000108352395554 0.003521867340224493 -0.008847108933054472 0.006488233543551338 -0.0035314822680938894 0.9999737652865063 1.1156802827648609
0.9999727610977442 -0.0011405914743146174 -0.007853547906493272 -0.013232024555398528 0.0011507263729231688 1.0000130900616186 0.0012685710171268408 -0.016516361669849898 0.007852612478561477 -0.0012771447293229111 0.9999684192252847 1.09049160043462
0.9999526085779755 -0.0014739536967102417 -0.010235891236460645 -0.033895452901753186 0.0014546052750077335 1.0000242122603766 -0.0019319476660482914 -0.017585080693702678 0.010238565906810226 0.001917749709114849 0.9999488935350731 1.080331901359556
0.9999439513411051 -0.0007936375344705158 -0.01117065558454374 -0.01581074256689338 0.0007599787381368486 1.0000248706194983 -0.00305023538896787 -0.029111732008946622 0.011173284042899783 0.003042398717917093 0.9999336495525551 1.0849519989379472
0.9999384577394762 0.0012335274377853528 -0.01169776565178728 -0.018169985490534838 -0.0012329508076779087 1.000020379729501 3.2481485098178325e-05 -0.007736874708662932 0.011698405932338962 -1.7524055502472773e-05 0.9999313889820932 1.1076555302020918
0.9999347560603901 0.0015367112922227053 -0.011666971906702071 -0.019582505961024066 -0.001490588535461108 1.0000056142162976 0.00394196620341034 -0.008342658832214656 0.011673207892192288 -0.00392387539760752 0.9999241546221551 1.133692165122379
0.9999506677456724 0.0022997168175317366 -0.009802605575273765 -0.031398356883701135 -0.0022671261677588367 0.9999986891549196 0.00332959356867492 -0.016254611367682824 0.009810239188286189 -0.0033069462929178717 0.9999456968124587 1.092343156804885
0.9999664924393371 0.0017402362932665307 -0.008046999965761269 -0.027206655100576464 -0.0017513468793793608 1.0000037815603828 -0.0013872786283138105 -0.013172446515326628 0.008044554737634818 0.0014015353434620184 0.9999689893923289 1.1109095799015394
0.9999752818344535 0.00125425158058469 -0.006578332599379567 -0.023741463968715605 -0.0012802699584134778 1.0000046610471647 -0.003997684493096046 -0.019572347117946944 0.006572858806404238 0.004006317783689177 0.9999746381766913 1.1129356042809662
0.9999841080286506 0.0023770281963018153 -0.00586861421368709 -0.024843204287231555 -0.0024116946988743874 1.000002184621486 -0.0059688340569827025 -0.026173132889891326 0.005854457265516681 0.005983480859951846 0.9999665883435388 1.0758094477815439
0.999989226785885 0.0005823724893151105 -0.006396286567967865 -0.029764099907093496 -0.0005908647798513173 1.0000285137220126 -0.001396049481552158 -0.015778820512183617 0.006395612648176786 0.0014004169947307305 0.9999806127260067 1.1086189853491992
0.999996641035458 -0.00022203622364361586 -0.005458066462264042 -0.014738683787072514 0.00023696482554799223 1.0000364871001879 0.002617914641975139 -0.007472327310416251 0.005457822021419742 -0.00261832634823801 0.999983635258662 1.1138797127410967
0.9999891071091965 -0.00020448710473408528 -0.006146516674365099 -0.022289026121727628 0.00023378979504448853 1.0000119786914377 0.004709583508699803 -0.015647840386554125 0.006145782669509237 -0.004710421502211545 0.9999705277067161 1.105458525491009
0.9999839817011567 0.0008258864800474626 -0.005794326449321201 -0.020719921946771636 -0.0008144032194345561 1.0000145559274667 0.0019393314103838084 -0.014450088958801021 0.005795824579663895 -0.0019341546470590166 0.9999821584179143 1.1235237044912922
0.9999866043970649 0.001627590828373417 -0.005284854947943543 -0.014254154025039604 -0.0016295849618629316 1.0000129178649677 -0.00040390772851210194 -0.016036400091118366 0.005284436540860001 0.00041278961369860316 0.9999850724638115 1.0772608018667351
0.9999804717954028 0.00044495487146062866 -0.0068165610541077734 -0.02638660776027418 -0.00045526620406160855 1.0000102494318739 -0.0015272550618191378 -0.020148433565051478 0.006816095329806407 0.0015306126442715244 0.9999756016555235 1.111712482069546
0.9999792339003047 -0.0003223898654250053 -0.006887607501214345 -0.021592353772102807 0.0003060759336231415 1.0000123900533506 -0.0023783456269607893 -0.019618997062779985 0.006888495152706991 0.0023765402406701907 0.9999743260243693 1.133088349268396
0.9999753182952472 -0.0005842364087767661 -0.007516699400921799 -0.03256085372166617 0.0005806825481762323 1.0000162524123588 -0.000479626438671868 -0.018097788985746315 0.007517148698754122 0.00047560118885009217 0.999970959150811 1.1142006416167654
0.9999794955205571 -0.00019063210146615816 -0.007864749358346745 -0.01925099961760867 0.00019611544989025977 1.0000452678610803 0.0006852841746192131 -0.00969050230552901 0.00786476918856515 -0.0006857416311188612 0.9999730241082971 1.108414780854708
0.9999707867335479 0.0002576796582655953 -0.008185619534067434 -0.017923265587266094 -0.00025550306913825206 1.0000211495009208 0.000268591818868441 -0.010384281249008318 0.008185771879950066 -0.0002659850451552518 0.9999648959637438 1.0843732265140547
0.9999623371931056 -0.00011170492364007287 -0.009313321890771548 -0.03020996013173308 0.00010579268950774478 1.0000256633434168 -0.0006329229405548281 -0.020751301370027696 0.009313325257815256 0.0006324542269836312 0.9999607087064578 1.1270824833771338
0.9999621512507445 -0.0003304727801866536 -0.009564789344623187 -0.03587841210019351 0.00032146663085314426 1.0000318462748001 -0.0009264425468045272 -0.013436769915225917 0.009565230345349264 0.0009240206317453379 0.9999557672033155 1.1380300483930867
0.999963388056561 -9.173776371924422e-05 -0.009226255355351628 -0.023770629357721562 8.38733686454111e-05 1.0000302829498287 -0.0008347757901001437 -0.019483343169417133 0.009226396841566238 0.0008345406986150324 0.9999605395290313 1.123581598162668
0.9999620931715223 0.0004959138143612024 -0.009730541148483452 -0.030205515281370002 -0.0005052462830149831 1.000026290431247 -0.0009344655387326091 -0.016895951796160946 0.009730206753358624 0.0009398623423316653 0.9999554724693873 1.1657740659902185
0.9999529213542231 -0.0014636301521161606 -0.009943407044887484 -0.0348297897237696 0.0014550540212910394 1.000009144646633 -0.0008599079238925077 -0.020521514039950617 0.009944682109725201 0.0008456058437994841 0.9999494628007791 1.135109462071811
0.9999592875589961 -0.0005456198164885807 -0.009441861653002138 -0.012353897096900065 0.0005442298271207498 1.0000157109812544 -0.0001292434514453153 -0.00549828809072822 0.009441932831053794 0.00012434160051624064 0.9999564531184602 1.142832107581604
0.999961494096339 -0.00037596009031202153 -0.009909040836408024 -0.016675107776300796 0.0003853869232841969 1.0000243000468185 0.0009555256993645654 -0.012461884760667476 0.009908637125748786 -0.0009588231316077719 0.9999565288344109 1.1367209423157432
0.9999565480527906 -0.00034601050415118895 -0.009192423452047706 -0.00529989377306534 0.00035098428231128957 1.0000060950802843 0.0005400572890578647 -0.0179095040440056 0.009192265482144083 -0.0005431432035298019 0.9999538893711893 1.1052360459316142
0.9999611115361056 -0.00018103461750950612 -0.009898417233682006 -0.01652359663623574 0.0001735312792300085 1.0000317593066725 -0.0007762695141646705 -0.015775539905395455 0.009898569618940107 0.0007752361041953047 0.9999565227244429 1.1661819806961815
0.9999531738152845 -0.0003959201433044421 -0.010238064806904716 -0.04226644459579644 0.00038050776383416365 1.0000167973667378 -0.0015232611804217868 -0.021948133754354428 0.010238611750863411 0.0015196829889266876 0.9999501412724228 1.1759075211011378
0.9999672141573746 0.001897023157974438 -0.008690488106758003 -0.005880396175711267 -0.0018981270683685097 1.000019856941613 -0.00015619817546221298 -0.00872894880675814 0.008690206891786461 0.0001731076129331931 0.9999664033747686 1.1194028286689135
0.9999737532948861 0.0005942858539914567 -0.008026806071047929 -0.005870470780951165 -0.0005889354339515766 1.0000176415842048 0.00062985513913689 -0.010774281716202549 0.00802717380460214 -0.0006246777174927914 0.9999713317701228 1.1268748827315105
0.9999795749418698 0.0015661107859241557 -0.00671179955539328 0.0047323066570978045 -0.001565825419060772 1.0000099048105473 1.639199050148294e-05 -0.009695638178571804 0.006711819445371295 -5.64677096047326e-06 0.9999800777634521 1.1045382941934776
0.9999791361556575 0.0014544362470082742 -0.007110396065566573 -0.021576629276254585 -0.001460251731182701 1.0000171193264287 -0.0008482483350647204 -0.017359661130493503 0.007109055025100005 0.0008590238940145218 0.9999737945436094 1.2098790254847704
0.9999750515760195 0.0009786357610892824 -0.007796770807140514 -0.03235885584476726 -0.0009984151703918602 1.0000185842030351 -0.002571585845034638 -0.016801860654135463 0.007794015377668718 0.002579703376538612 0.9999653857444657 1.2051882319005411
0.9999787134773066 0.0010894835632912865 -0.007641268841133071 -0.028710343391088106 -0.001106195482689564 1.0000257473730947 -0.0022236832122051855 -0.020534165586927316 0.007638714059575301 0.002232586977088523 0.9999696409957736 1.1990836262896172
0.9999765453930354 0.0008250125777613751 -0.007169363962902378 -0.017660984859845935 -0.0008323209160695135 1.000019099223989 -0.001056298865297029 -0.015644206380434404 0.007168540104708662 0.0010625120523674752 0.9999767618444669 1.2084675934183713
0.9999771578496186 0.0002533491463410538 -0.006668694580803398 -0.007850603263616663 -0.0002472887965296381 1.000012524562102 0.0008636708900351509 -0.011672433281013948 0.006668913603347981 -0.0008618324826927673 0.9999784073973572 1.1548216250056562
0.9999767756904631 0.0004603936666414264 -0.006703674046240477 -0.0070535994913776484 -0.0004555975383428847 1.000006772551129 0.0006931244289381425 -0.012460913681803267 0.006704159929311775 -0.0006899831443943274 0.9999801451710196 1.1863178769193679
0.9999778969240524 0.00015836297904214214 -0.006956462629293794 -0.008987743239055131 -0.00016017739621213513 1.0000113863512066 -0.0002905928115587439 -0.01995426883391403 0.006956424224612164 0.00029189897961035357 0.9999764885487393 1.178917929887772
0.9999860063783313 -2.0901035803531877e-06 -0.006088221209973637 0.001674607250310773 5.186562176009991e-07 1.0000143973088331 -0.0002988703653443136 -0.0058023958400047135 0.006088223879124271 0.00029911062801663994 0.9999859559553003 1.1730434957869937
0.999990615300759 9.157921530879874e-05 -0.005595515768018338 0.0034301851188219845 -9.092680107428726e-05 1.0000248537229495 2.7424735007200055e-05 -0.01676030942265505 0.005595521050191169 -2.6482279942529025e-05 0.9999892605943159 1.1642685001668147
0.9999948550387796 -0.0002669382646211476 -0.0048847126377884065 0.004659659886032228 0.00026744454027869487 1.0000220796932948 1.7518105437679974e-05 -0.0085254594747862 0.004884699879431023 -1.845072943571461e-05 0.9999953377244556 1.1589153035697903
0.999987351405259 -0.0011676753632743463 -0.005731323392653643 -0.022171597219574294 0.0011626055121219815 1.0000118265690328 -0.0009223432872970913 -0.01827511517938738 0.005732392917840221 0.0009159308495719993 0.99998660956062 1.1898075637042749
0.999987137720483 -0.0021884776066695287 -0.005787238045034131 -0.016566472895099202 0.0021743371572993902 1.000016593964772 -0.002518888040798981 -0.01650256206916897 0.005792731310665205 0.002506635766520694 0.9999825602175093 1.2314851881868458
0.9999734106265431 -0.003734158025191479 -0.0064822238229113776 -0.020814149972482165 0.0037223369004194566 1.000007122277974 -0.0018981983005252623 -0.020230244529730764 0.006489330948382913 0.0018743129032380394 0.99997641853886 1.2407974254837715
0.9999625979767299 -0.0035818813194984376 -0.00902201423234743 -0.01078661444958957 0.003581157137965173 1.000018188633146 -0.00016540972780927548 -0.014362915792777098 0.009022728879001629 0.00013354675657371897 0.9999601061353297 1.2135445948358181
0.999937909597231 -0.003416548248562207 -0.01115573957991722 -0.009878728145156702 0.0034153668621688263 1.000010861292517 -0.00015958668546783348 -0.016584095524916093 0.011156280603079915 0.00012175347784354998 0.9999383236882076 1.22544588336877
0.9999381476239779 -0.0016284585112065985 -0.011039104100731733 0.0017092346885365772 0.0016392607103420272 1.0000142458325285 0.0009151576982164557 -0.01602399321655055 0.011037536337986757 -0.0009329825275522458 0.9999433999996655 1.1957627309610726
0.9999413967493391 -0.0012638033311640512 -0.011125013266721951 -0.03731025797939701 0.0012861396050437403 1.000016627413827 0.0019441574030049412 -0.004126612912920942 0.011122579398381667 -0.001957995586352469 0.9999411048260877 1.255800684615518
0.9999441902049512 0.0006435526793466052 -0.010654659532993261 -0.007386515281231616 -0.0006420441424373923 1.0000131579279394 9.643354918817583e-05 -0.021007449345977758 0.010654785164937546 -8.931456702456266e-05 0.9999450439423905 1.2374105913492492
0.9999272163403777 0.0010362989624556084 -0.012013062229274724 -0.025898077053653604 -0.0010572744100263238 1.0000077788078297 -0.001770416897118507 -0.007255809075067097 0.01201115826864843 0.0017831823237436913 0.9999283221924623 1.2667037828062089
0.9999245873149223 -0.0009169305989865274 -0.012517502218756589 -0.023692486665155225 0.0008972617635606404 1.000014821242713 -0.0016116244703522666 -0.02524518606267899 0.012518903917068268 0.0016005397230008816 0.9999241220293293 1.2783507326278172
0.9999287710457502 2.4697271563791942e-05 -0.012317884144506505 -0.02874360028084321 -4.110593246814205e-05 1.0000169858438581 -0.0013791361274578472 -0.006114490761698936 0.012318146442148506 0.001379872378723751 0.9999238457933803 1.2764864556138502
0.999928990311632 -0.002628924342545995 -0.011594948412267762 0.0028497355090045585 0.002642061369399433 0.9999986922660625 0.0011106357231305197 -0.02006349661785149 0.011591973121751645 -0.0011411527848695126 0.9999322927588287 1.2315660563316009
0.9999372793407246 -0.000461609653759213 -0.011684055145644764 -0.021916296509941424 0.0004741480489222224 1.000026833823497 0.0009912124723757284 -0.016169104704037148 0.011683568576486952 -0.0009962162503572214 0.9999364524438218 1.2505052238474634
0.9999293108265177 -0.0008270165412291396 -0.012428690184942873 -0.028974628093358202 0.0008248694747288236 1.0000278158460765 -0.00025779119259615663 -0.014610586380318136 0.012428971178781605 0.0002480124184383238 0.9999239205739153 1.2567138287633046
0.9999332787484932 0.0012041387898540773 -0.012123083306736955 -0.02559016941698098 -0.0012162286716597113 1.000023745149482 -0.0010510519750547367 -0.01890862535553185 0.012121922545541017 0.0010661429236481367 0.9999334004116789 1.2765641260496392
0.9999384359509351 0.0008912026804977358 -0.011767983335701102 -0.028690085747751677 -0.0009027209232230593 1.0000238635770058 -0.0010170594497252846 -0.015010974384792717 0.011767257003203696 0.0010279553553845114 0.9999324198656765 1.2818253146029457
0.9999339774045857 0.00023022549979011923 -0.011887590015885385 -0.025100043466259853 -0.00024384244859286305 1.0000181184456751 -0.0011834611338179112 -0.0199006687082081 0.011887491963944825 0.0011865586493620072 0.9999286788214232 1.2875941498161738
0.9999338848488252 0.00022336813391183924 -0.011440182640950078 -0.02365898369619259 -0.0002243606947281083 1.0000148287666852 -0.00012199844375017471 -0.017186629763024673 0.011440102254756602 0.0001247397993443597 0.9999363388253273 1.2913134750433657
0.9999471700389575 0.0009965776446883919 -0.010554758924907395 -0.008565597533518083 -0.0009788704709758783 1.0000221972878132 0.0016214775469330011 -0.011003981708182481 0.010556325336426468 -0.0016106996057632724 0.9999471940033332 1.2712066006852136
0.9999597556222202 -0.002134009236813364 -0.00890201438294381 -0.033157740502035744 0.002153635467941178 1.000011483644239 0.002153019401557292 -0.012413307475130652 0.00889726778812156 -0.002171903723917686 0.9999583024245066 1.2932357761608217
0.9999688717613661 -0.0002124557915243024 -0.00847865015940854 -0.014460624956952614 0.00021055469198985336 1.0000151708839025 -0.00026248852316429136 -0.013808594201518292 0.00847871576773202 0.00026091348920331017 0.9999683123881834 1.2624480126206812
0.9999721256476931 -0.0007963546027904739 -0.008575534342232512 -0.003524459923742891 0.0007809357906216386 1.0000305904059088 -0.0018590059738538933 -0.023911579067905354 0.008576987082959365 0.0018526961406098864 0.9999680362145306 1.2979095188372414
0.9999698770807954 -0.001900150961007141 -0.007975542777730136 -0.0062196211339567474 0.001883930373482103 1.000016714302703 -0.0020781771358855407 -0.020815667543667354 0.007979533660018665 0.002063313111219366 0.9999699920181229 1.295648050668395
0.9999786511970044 -0.001104154700428102 -0.0067264843080787175 -0.014114161488512694 0.0010899911192207138 1.0000187398509124 -0.0021443566979535904 -0.019323979013388937 0.006728839657775164 0.0021371611266939217 0.9999746690148102 1.2878405008156995
0.9999921093779622 -0.0009614748355032928 -0.0055025596321412054 0.0026555571802324273 0.0009487184414599527 1.0000242663699124 -0.0023664966122132923 -0.02241248835716805 0.005504626093207045 0.0023614606305647212 0.9999855424529375 1.2962439066434888
0.9999906440669097 -0.001316860071780712 -0.005186832079682847 -0.003552402305947007 0.0013183417068506104 1.000021645903992 0.00024523995953656377 -0.019389734529031668 0.005186357395569573 -0.00025191767235086703 0.999986253677917 1.2985870140907962
0.9999919016728502 -0.0021970565767871005 -0.004435791776329446 -0.006890383487119007 0.0022103799405749983 1.000016084807606 0.0029225462493291336 -0.01565201359893458 0.004429324196076655 -0.002932167317436332 0.9999891238510682 1.2987545600005457
0.9999923511926864 -0.0029760416843154208 -0.00383808610038173 0.0011913210541748766 0.0029886958666724144 1.0000110682950438 0.00320159599409195 -0.019918310956190954 0.0038284961660052298 -0.003212796472021483 0.9999881096571784 1.299048112643412
1.0000000613121294 -0.00034950369577563457 -0.003089064995136797 -0.0012561040732611832 0.00035330084001670975 1.0000157698274494 0.0011387378783298567 -0.02124032661590435 0.0030884507081861017 -0.0011396145688135739 0.9999959440741947 1.255723153443825
1.0000013428483614 -0.00011518984268892505 -0.0030642240082365186 -0.0058153322338014525 0.00011767974736396722 1.0000184679279898 0.0006481403673995137 -0.021627714982429862 0.0030640279019951396 -0.0006482209175009965 0.9999965186406125 1.2100611996738766
1.000004055404702 -0.00190066605457268 -0.0016158511710151807 -0.009853171644141416 0.0019037222491800178 1.0000216596666711 0.00148610035824424 -0.016464427536553545 0.001613162062386778 -0.0014887609469207929 1.0000008131853169 1.2727534448166096
1.0000037726484579 -0.0010790295521921904 -0.002247432431335624 -0.018693989125588263 0.0010824067480624305 1.000021309838366 0.0012503943310937188 -0.019845455675949742 0.0022459318172907243 -0.0012523913202629757 1.0000000740617103 1.2539260337080587
0.9999973508628841 -0.0010405912724321578 -0.002077698034394708 -0.0036460823795605346 0.0010412215870898623 1.0000025460282758 0.00020631273882329378 -0.025849628685637602 0.00207752246929441 -0.00020839293514896923 0.9999994709425258 1.2174585766791588
0.9999984787302165 -0.0006720250258709942 -0.0027354490748000403 -0.005835234156472701 0.0006739023277343995 1.000003860884628 0.0006365154320845065 -0.018710503529407296 0.002734516197749793 -0.0006382307001743055 0.9999929723711752 1.1689517854004208
0.999996812430534 -0.002698432611104271 -0.0017001389260865815 -0.012324114179737746 0.0027016644422925727 1.0000036586436578 0.0017076154762503488 -0.016877634170041466 0.0016955152271026807 -0.0017119904740647356 1.0000006363466918 1.2522057617246836
0.9999981970704036 -0.0019454470045191725 -0.0011838520367007308 -0.0023941414033802617 0.0019469434311836233 1.0000004709873611 0.0011065920060826019 -0.019662085031870405 0.0011817570196854961 -0.0011088232733473882 1.000000664233794 1.2262440581244618
1.0000048379189486 -8.545526209290772e-05 -0.0022221023635195804 -0.009711367904656295 8.616338601037232e-05 1.0000146066621984 0.0001264219007543242 -0.02284984784079983 0.002221819125725735 -0.0001262389292697558 1.0000013568871935 1.1738213689439168
1.000002920935582 0.00016044018432739664 -0.0017563875595352828 -0.011556059644981383 -0.0001611488549367437 1.0000076687285466 -0.000544887009806584 -0.022974399456619405 0.0017562208138773578 0.0005453703269876792 1.000002881442249 1.1761966786329272
1.0000015371769202 0.00047989518419988986 -0.00023373466268204694 0.002662807110564338 -0.00047991803372651184 1.0000026204224557 -0.0009600024017127885 -0.025016861661809296 0.0002330763890174487 0.0009602745822132257 0.9999993319437854 1.1962719861155544
1.000000317190335 0.001703861272014444 0.0005486383284852032 -0.0037938297125066035 -0.0017032553573997408 1.00000136223164 -0.0008629298366420391 -0.025252237531701634 -0.0005502455635287712 0.0008621256646358404 0.9999998643682037 1.1745287440315437
0.9999925595211496 0.001957405911105874 0.002276070213554114 0.004062119032556867 -0.001955628274053806 1.0000032803519603 -0.0006259484322755765 -0.021353784418422304 -0.0022771346915615408 0.0006215437862925869 0.9999967544680043 1.1877267682248576
0.9999911189621078 0.0025537866335838964 0.003910284404362241 -0.007579209027559147 -0.0025504363417154373 1.000008471811508 -0.0007421300319524271 -0.019262987983122072 -0.003912102855413537 0.0007323691672940434 0.9999947490682567 1.1787622663507114
0.9999884155063751 0.0020421696292579348 0.005150276418983386 0.0039256504322765845 -0.0020367283219592017 1.0000068124311605 -0.0009979432519870819 -0.02098403588688954 -0.005152408750425226 0.000987615218204962 0.9999893964289609 1.1722468451986185
0.999986297403103 0.0015756967215722216 0.00610143718695677 0.00023514226139719185 -0.001572355080257689 1.0000136810562228 -0.00047145588774154886 -0.01686156863923656 -0.0061023358587469845 0.0004620897953558189 0.9999814120053716 1.1435080782244174
0.9999800252899306 0.0020887185961743254 0.006387963208767315 -0.023044745992332014 -0.0020916401758023706 1.0000135477268264 0.0005394683195115718 -0.010271222686350898 -0.006386609517747656 -0.0005525834902782202 0.999982557242925 1.0636876888491646
0.999974084222978 0.0007002246659573222 0.007997282748844627 -0.018977958745563107 -0.0007032977581226107 1.000022257865297 0.00048741192612220474 -0.01256389823156949 -0.007996707844488504 -0.0004926334029076591 0.9999720896197266 1.0486286798167455
