1.000000e+00 1.197625e-11 1.704638e-10 5.551115e-17 1.197625e-11 1.000000e+00 3.562503e-10 0.000000e+00 1.704638e-10 3.562503e-10 1.000000e+00 2.220446e-16
0.9999076689449823 -0.005409026634890698 0.012465793832515957 -0.03251129630444255 0.005418741657222932 0.999985040480575 -0.0007456902273581704 -0.11132522174523218 -0.012461573891929813 0.000813170293323369 0.9999220209247369 0.26477395656656205
0.9999851656665992 -0.0023018985227463004 0.0049365686397553985 0.11017250096931432 0.0023023275884617453 0.9999973463407785 -8.123470043794957e-05 -0.004911268909672249 -0.00493636854574757 9.259909354696348e-05 0.9999878117712178 0.3618914820294955
0.999999577380553 -0.00048509662432892034 0.0007809737387158166 1.7657169657189987e-05 0.0004852006553780849 0.999999873442609 -0.0001330228935302043 9.070842991044004e-06 -0.0007809091109212079 0.00013340176628200059 0.9999996861924154 5.809799233230364e-06
0.9999965193740513 -0.0003969666701065009 -0.002608382112630163 -3.2827483004854712e-06 0.0003964683596410014 0.9999999030595135 -0.00019155626738823808 2.0987012916039443e-06 0.0026084579012259344 0.00019052145967501173 0.9999965798186267 1.801853105893082e-07
0.9999492750568526 -0.0006574816117112294 -0.010050623423707803 0.06813229977758492 0.0006464217614211581 0.9999991820769204 -0.001103623303766367 0.017113387294584784 0.010051340815099421 0.0010970703808400935 0.9999488821856836 0.28256600146823696
0.999916396131335 -0.0007395826006313362 -0.012909444809906462 -0.027037175664844558 0.0007394692445464293 0.9999997265007236 -1.355413046651177e-05 -0.003520745996329526 0.012909451303581706 4.006859887673024e-06 0.9999166695535111 0.15509948478899357
0.9999877446769224 -3.3173203522962225e-05 -0.004950696466234115 -3.805945510542123e-05 3.389461325262076e-05 0.9999999888208001 0.0001456350063046499 -1.0249544914671108e-06 0.004950691579709584 -0.00014580102344265034 0.9999877346222523 2.927227840152652e-05
0.9997939649036912 0.0031116581147042667 -0.020058547453239643 -0.0009510459086763291 -0.003114324416255335 0.9999951453095342 -0.0001016896942196543 0.0011995722916017346 0.020058133651638367 0.00016413756666195265 0.9997988019263037 0.24659560555680293
0.9999633111533107 0.0004293090181835335 -0.008555234717643594 9.313631674912827e-07 -0.00042658672457219284 0.9999998578040766 0.0003200243629364779 -2.0232118408526265e-06 0.00855537089046914 -0.00031636307205554334 0.9999633521001323 2.2725011830141667e-05
0.9997704865410987 0.00046133688321223616 -0.021418716340037454 -0.010273569790247182 -0.0004694368317812796 0.9999998201958745 -0.0003731451185699985 -0.015071036259719428 0.021418540343257908 0.0003831142110826525 0.9997705233467655 0.38584712557320605
0.9997270051962007 -0.0002594260597608946 -0.02336338544721431 0.07681549262416001 0.0002683533261141188 0.9999998921838978 0.0003789705597214768 -0.01495218901841107 0.023363284613426082 -0.0003851367449219261 0.9997269670273778 0.6682465982807968
0.9997247412029748 0.0002543848058070098 -0.023460117540532212 0.25418707119209094 -0.0002522799275875499 0.9999999638825182 9.268117678208966e-05 0.017474928782359362 0.023460140269895 -8.673714871854087e-05 0.999724769271615 0.6563577310029359
0.999832187445309 0.00026937070305355526 -0.01831732479792775 0.13478167693099039 -0.0002614823862769043 0.9999998720509897 0.0004330415290272775 -0.022505259467937584 0.0183174391029453 -0.00042817920142363287 0.9998321299534644 0.4664360455256075
0.9998719482946404 0.00030943848756047175 -0.01599972691336586 0.02383193240603975 -0.00029789523689176077 0.9999996936543006 0.0007238437211693117 -0.0007060863375563573 0.015999945997024638 -0.0007189847893073416 0.9998717341684207 0.30478316261762173
0.999896168546953 -0.001546679658245252 -0.014326894539925228 0.08739625127711363 0.001557496884031758 0.99999851040516 0.0007439024917966988 -0.0053109134578158855 0.014325722619805267 -0.0007661393449238354 0.9998970880555281 0.3298469164333601
0.9999875902083669 -0.00037690414248025194 -0.004967632487491435 -2.0945078317868863e-05 0.0003791100439358284 0.9999998299597881 0.0004431207166247253 5.753234472238933e-06 0.00496746462876044 -0.0004449984969595536 0.9999875630584111 5.868508764820461e-05
0.9999578447669835 0.00035346548730719326 -0.009175170359107185 0.0008826456061496518 -0.0003553318115639038 0.9999999165118707 -0.00020178095872962074 -0.020334683743009285 0.009175098270484468 0.0002050326825113962 0.9999578868799055 0.11009761089537189
0.9999491521947625 -0.0020143216388832275 -0.009881069441653989 0.0037903035273333936 0.0020039201649527413 0.9999974277438066 -0.0010624545838306305 -0.09244604337611065 0.00988318415027046 0.0010425996860414493 0.9999506166091137 0.004156027582202727
0.9999229070856372 0.0011087147727171201 -0.012367321333289764 0.10770312607133638 -0.001118756892637521 0.9999990500984124 -0.0008050995516875134 0.011842590643539885 0.012366416959785131 0.0008188735102018027 0.9999231976395742 0.4715066461345135
0.9999401383082169 -0.000615948113943257 -0.01092430355056581 0.07292954561422707 0.0006050025756248558 0.9999993117518547 -0.0010052202248074199 -0.011120893771580391 0.010924915195435722 0.0009985508188391484 0.9999398227514668 0.4552010943157329
0.9999648319427705 -0.0019427786791854952 -0.008158461170483487 0.2135804203384379 0.0019354096352858794 0.9999977120975427 -0.0009110374435817058 0.00601111526169097 0.008160212448841457 0.0008952154398062923 0.9999663041933493 0.3964999240706924
0.9999941437079425 -0.0006620351323750178 -0.003357716382053021 1.3208941706393845e-05 0.0006598255191636342 0.999999565085372 -0.0006591353055895343 1.0080697841100498e-05 0.003358151292462339 0.000656915938545687 0.9999941456235365 3.134717897776922e-05
0.999888514672403 0.0008643222841545572 -0.014906749250082622 -0.02144588872455823 -0.0008802419005945345 0.9999990492816969 -0.0010614188140484514 0.02509416670979845 0.014905817670029468 0.0010744220267158283 0.9998883248727811 0.491336804463909
0.9999264583517896 0.0007663955135674372 -0.012103327061743505 0.11973310411752608 -0.0007971525034502306 0.9999964651449351 -0.002536581463448846 -0.08253423318159704 0.012101340253583155 0.0025460431165345502 0.9999235346907861 0.09660489202586507
0.9999249969263897 0.004620120344395124 -0.0113426191756092 0.10341966845734862 -0.004646701408416111 0.9999865168886329 -0.0023182335863733707 0.009188216425305942 0.011331755723656198 0.0023707654762274767 0.9999329831460088 0.1386243644206976
0.99999120651195 -0.00011004115319532214 -0.004192229683484784 1.0883227880214241e-05 0.00010930836121276601 0.9999999787087216 -0.0001750263933052138 -3.28258096101767e-07 0.004192248854333014 0.0001745666084561866 0.999991197249277 2.1370444543837868e-05
0.9999675398156861 -0.0014305123986754996 -0.007929246448528056 0.20244403889395063 0.0014142493708733611 0.9999968858710911 -0.002056245811402978 -0.009446906342623303 0.0079321632409604 0.0020449651334836145 0.9999664488891222 0.6785157012689209
0.9999538971276418 -0.0002534814064806112 -0.009598925274111922 0.014281308138922491 0.00023917186871917905 0.9999988585711644 -0.0014918623212123775 0.0028905680108862503 0.00959929247698128 0.0014894977491787015 0.9999528163770511 0.47062601831567535
0.9999604453999673 0.0019228224927307766 -0.008683915543152067 -0.06997609280458525 -0.001941621913013382 0.9999957888400962 -0.0021569437685486936 -0.021368530039340076 0.008679731553801402 0.002173719332209977 0.9999599678009209 0.5648635027483515
0.9999427461847064 -0.00041204699212726056 -0.01069273444279026 -0.04279279812943663 0.0003836764335206431 0.99999640142212 -0.002655171407742807 -0.018281592712556954 0.010693790019544762 0.0026509168388338623 0.9999393059055791 0.4300199296380051
0.9999995995066356 0.0004100273570933161 -0.0007955275826586512 -0.11171964694410748 -0.00041364836021147655 0.9999895317808032 -0.0045568875171777615 0.0014442666016953464 0.0007936508063562989 0.004557214760854619 0.9999893008987751 0.3675191985371005
0.9999882145922472 -0.0004836388413325509 -0.004830814639474908 -0.1695803856215813 0.0004591030060723499 0.9999869971959489 -0.005078844697280621 0.009622010554203702 0.004833208151903445 0.005076566999502189 0.9999754339814854 0.8071067332670266
0.9999655795201646 0.005418700831135917 -0.006283108800897847 -0.021218833274297834 -0.005438795999760715 0.9999801354615103 -0.0031856208896339283 0.13170623159185368 0.006265722063278894 0.0032196837860467183 0.9999751868738261 0.2431634296596033
0.9999760538919573 0.004307252615897759 -0.0054165688006453695 -0.0792304926413828 -0.004333441115076581 0.9999789339849952 -0.004832481177900112 0.026969103345662677 0.005395639977930954 0.004855837840727069 0.9999736536069803 0.348021990804857
0.9999747724716201 0.0009914111084642103 -0.007033599671958298 -0.03853585974972553 -0.0010272352268285874 0.9999865106134893 -0.005091500647804413 -0.013612609225873339 0.0070284570227127745 0.005098597363181771 0.9999623018378283 0.41655203511975847
0.9999834330628877 0.004993819083500967 -0.002862755791578896 0.049337077361975956 -0.005006028471599311 0.9999783372384788 -0.00427372585791261 -0.010122738917610317 0.002841351562635994 0.004287986092364967 0.9999867698607663 0.2647659784401451
0.9999854252641639 0.002692362779576194 -0.004679790797931918 0.007645256456788985 -0.0027075887944193306 0.9999910522726772 -0.0032502826806771953 0.007698893705359729 0.004670997984327373 0.0032629062577904386 0.9999837674785442 0.07619607195577047
0.9999801759040541 0.004918212594799449 -0.003931791419878662 0.053141812892103193 -0.004932314246159286 0.9999814100078154 -0.0035849567582403176 -0.009926746067884814 0.003914086748426707 0.0036042785205467743 0.9999858444504462 0.3219298460651769
0.9999833108457621 0.0020460692231201536 -0.005402927973064702 0.017761715834838737 -0.0020545393975261953 0.9999966685438351 -0.0015626161061494015 0.011953511209546278 0.005399712752724653 0.001573690555790849 0.9999841831750254 0.5956355819847605
0.9999906929123831 -0.0003107344433563515 -0.004303200287897502 -0.0821218309755689 0.00030492726314265006 0.9999990421336784 -0.0013500929930539312 -0.02117167711124383 0.004303615686401548 0.0013487682645336107 0.9999898298063797 0.6045220366293198
0.9999679894321493 0.002747352560138593 -0.0075147964001182925 -0.007921183923859394 -0.002740628783528313 0.9999958350554254 0.0009048898680291458 0.0006489957264677339 0.0075172511529033705 -0.0008842656346741088 0.9999713540944019 0.5699569589519956
0.9999808665313296 0.0016563433975984839 -0.0059601256530821805 0.16829173093361016 -0.0016509624335341354 0.9999982252601413 0.0009076340732684657 0.011472430642823727 0.005961618429114314 -0.0008977767635279787 0.9999818263861542 0.8204342697013616
0.9999641003811213 -0.0012177985205280395 -0.008385398961187392 0.07593259585643841 0.0012387514372743285 0.9999961227270463 0.0024939979452224563 0.01936922276690359 0.008382329261698903 -0.002504295836662028 0.9999617317970279 0.5780726116818841
0.9999959206555292 -0.0005392395371149523 -0.0028049764744455257 0.00018536074590503918 0.0005416095792614198 0.9999994969495883 0.0008442509306835481 -6.325717127871403e-05 0.002804519809919885 -0.0008457666888213447 0.9999957096644685 0.00022615823160637117
0.9999498264116781 -0.001656791511336984 -0.009879256102708447 0.13033379137108544 0.0016892436722816258 0.9999932023987869 0.0032774398597849616 -0.04131667985755892 0.00987375891292657 -0.0032939638897250367 0.9999458278761018 0.418861810784891
0.9999582857862054 -0.001695707693824016 -0.008975035539235591 0.07733856811393867 0.001729391480885488 0.9999914859703557 0.003746624067846451 -0.006698382824643059 0.008968605946259237 -0.0037619891303712757 0.999952704654157 0.8424309140886735
0.9999884309585577 0.001858162867284342 -0.004436798372756153 -0.015281264874120883 -0.0018456438360370834 0.9999943091103991 0.0028240654464908184 0.007421540417830973 0.004442020696973883 -0.0028158440251922156 0.9999861696416373 0.6928527707862671
0.9999430839631303 -0.001192695985762315 -0.010602184236742682 0.07055732788405317 0.0012076476139002963 0.9999982852540532 0.0014039502106448468 -0.009505671508033553 0.010600491570909788 -0.0014166740058585282 0.9999428096712413 0.6572540134316597
0.9999665278962574 -0.0006015126507386679 -0.008159734654660883 0.03934215828073883 0.0006031667956911635 0.9999997980426404 0.00020026106730192136 -0.011650754268541062 0.008159612547176984 -0.000205176045148043 0.9999666887581158 0.7322354172458534
0.9999352584979468 0.002524534843719287 -0.01109529343763538 -0.06382374700944007 -0.002513102652776941 0.9999962969889857 0.0010441855069168037 0.03768350286197288 0.011097888434337093 -0.0010162342934072035 0.9999379001418838 0.43312782933773764
0.9999224125160453 0.001416650637682836 -0.012375865588406988 0.06862165186158899 -0.0014067624899832564 0.9999986843553965 0.0008076551075583698 0.021753318982696647 0.012376993471289363 -0.0007901825401398256 0.999923089864498 1.1489200262305466
0.9999568774386485 -0.0032904295562311164 -0.008684257969637985 -0.040615176453945176 0.0033004163531638177 0.9999939084638768 0.0011359080224260768 -0.022135062495316066 0.008680467443836708 -0.0011645207061807762 0.9999616459527242 0.8745176121541068
0.999930646726769 0.0014215601188685514 -0.011691060833553021 0.18399862141203488 -0.0013826087683328262 0.9999934692853873 0.003339128564272638 -0.023154829732938857 0.011695731254569942 -0.0033227328215573834 0.9999260819265678 0.6871078992177453
0.9999645463242384 -0.0026842367932635738 -0.007981288580035557 0.07783759145410725 0.0027060336643267373 0.99999263551108 0.0027214528127053957 -0.011795002987719487 0.007973924778153247 -0.002742953962782056 0.9999644457315422 0.4819659816383673
0.9999365666149054 0.003471448258672502 -0.010715026522709366 0.29410129252339723 -0.0034419512279879987 0.9999902397659954 0.0027700802319041693 0.024221433499968463 0.010724538131740567 -0.0027330239176403125 0.9999387555556223 0.6163864566867796
0.9999559974444945 0.002233614563756369 -0.009111209621499928 0.17221750330710342 -0.002225993326033705 0.9999971641718254 0.0008465234903866312 -0.014202952059925654 0.009113074590871668 -0.0008262047493802057 0.9999581337522153 0.7059058212829921
0.9999581960409759 0.0023151367977353077 -0.008845694550732208 0.10380768087074191 -0.0023099543438207235 0.999997154416647 0.0005960449127369521 0.0028781401136924135 0.00884704930508163 -0.0005755868451482684 0.9999606984368822 0.5058909855899971
0.9999941055359014 -0.0015146610908913674 -0.0030813463343351945 -0.011676422393960975 0.0015211328418408493 0.9999966400841925 0.0020990414963185664 0.007823673812175127 0.0030781566447882977 -0.0021037162607000686 0.9999930496406285 0.4975357125340436
0.9999998328539943 -0.0005753740129307121 5.689225391860208e-05 8.31229117695733e-06 0.0005753373208882123 0.999999627855184 0.0006428658184482537 -7.356232341345993e-06 -5.726212103218127e-05 -0.0006428329787588512 0.9999997917433837 4.788927634578342e-05
0.9999901548979955 -0.0013814035237508266 -0.004216850885144657 0.03598060302872921 0.0013859081298516066 0.9999984719785149 0.0010655042425059727 0.013350562975635714 0.004215372550390737 -0.001071337920432113 0.9999905413899282 0.3522688484344697
0.999999449438225 -0.0004907922748327089 -0.0009274945767464982 -0.07098774452033554 0.0004905462812352365 0.999999844454918 -0.0002654326390162829 -0.006472107677550031 0.0009276247047679957 0.0002649775138637292 0.9999995346495538 0.8368057848969425
0.9999964268948343 -0.002354760922228733 0.0012654242622459452 0.009946177682974072 0.002355207306970367 0.9999971647610573 -0.0003513806881789581 -0.001373902160634949 -0.001264593256952448 0.0003543597691276653 0.9999991376161523 0.48243433898714116
0.999997444484695 0.0008977634988097927 0.0020748601831595834 0.020787489090318047 -0.0008982467449300138 0.9999995696677202 0.00023198525733768633 -0.04038569508411764 -0.002074651022383971 -0.00023384840090151865 0.9999978205666554 0.69863007538453
0.9999985442948484 -0.0016874102557099674 -0.00025309052328697764 -0.0012098413529323896 0.0016876463844796665 0.9999981381672224 0.0009356878590746448 -0.010460846110424867 0.00025151116278519987 -0.0009361136242955795 0.9999995302165983 0.6686596594447234
0.9999972645281425 -0.0008520894513232905 0.0021782745003680183 0.04642821427448361 0.0008518125949597884 0.9999996290125724 0.00012802351510919207 -0.018365145580832465 -0.0021783827797423106 -0.0001261676832497762 0.9999976193622565 0.858157282743683
0.9999994197476476 0.000230236202505474 0.001052376196533875 0.018413393197965432 -0.00022903989029511245 0.999999327668048 -0.0011367515913808836 -0.03029354426431624 -0.001052637210357324 0.0011365098956494955 0.9999988001493604 0.6286349253933924
0.9999955580630816 -0.0008857898997034462 0.002845914678886058 0.0026665723591290298 0.0008867760150535196 0.9999995472121869 -0.0003452589176742107 0.014750851263091955 -0.0028456075634285165 0.00034778107293400283 0.9999958907745172 0.40581248188412916
0.9999999798430419 0.00016218573068136092 0.00011836259795704774 -8.714463985820495e-07 -0.00016225608408010215 0.99999981004915 0.0005946214149091898 -5.3365989494611275e-06 -0.00011826613636531582 -0.0005946406079750769 0.9999998162078173 2.372354497112279e-05
0.9999982959388423 0.00037853765732472305 -0.0018068836857176869 0.10041011944320687 -0.00037497202933276354 0.9999979827615808 0.0019732888147187197 0.015581676535488077 0.0018076270049276458 -0.001972607921271495 0.9999964206448941 1.045615876332898
0.9999953106721721 -0.0016016930893609524 -0.0026102131931381918 -0.1101023432599063 0.0016112273840682377 0.9999920235690266 0.0036546880359510123 -0.018416700599433185 0.0026043386843818783 -0.003658876544895743 0.9999899149703693 0.6561061844314702
0.9999701778940888 0.0010178031641998708 -0.00765554695520246 0.1629500179653366 -0.0010139891040412306 0.9999993598738998 0.0005020735878461718 -0.003930195465165198 0.007656053066773413 -0.0004942959737564086 0.999970569828397 0.8874545863305149
0.9999695095627295 -0.0003546480248165228 -0.00780090825819283 0.04889992045580508 0.0003416487171397426 0.9999985511031673 -0.0016676533573505377 0.0005090149081213222 0.007801488385450825 0.00166493733957152 0.9999681818751169 0.44672889678635863
0.9999796515465087 0.0022277364874361385 -0.005977765725211486 0.09099933016816136 -0.002242381206791111 0.9999944985905158 -0.0024442821494815286 0.02005593473942156 0.005972287622544443 0.002457636841640704 0.9999791456834028 0.5228499877964435
0.9999978174110398 1.565012283380865e-05 -0.002089241065612274 -1.8940652998138697e-06 -1.5417098694957404e-05 0.9999999936593031 0.0001115513631451959 4.828546257134776e-07 0.002089242798157565 -0.00011151890963871612 0.9999978113116363 8.56751417854933e-06
0.9999770904127315 -0.0013275298332537662 -0.0066374930681337724 -0.10085300870716969 0.0013478884016817781 0.9999943985289154 0.003063675513071067 -0.014697996238437238 0.006633388767765267 -0.003072551925452319 0.9999732784320394 0.8454879136581706
0.9999519406792869 -0.00030628937034139623 -0.009799108048668131 -0.08421408641525252 0.0003242202650641437 0.999998276074108 0.0018283134391663418 -0.02221384211991484 0.00979853116275998 -0.0018314026410733363 0.9999503161414665 0.971432504613055
0.9999646353016306 0.004071859887912345 -0.0073585394698964446 0.09633634436468673 -0.0040779330223836355 0.9999913567367251 -0.00081050238045365 -0.008956163683204066 0.0073551756159704615 0.0008404813483822416 0.9999725971159216 0.8733264651017738
0.9999942302946356 -0.0009398377830438571 -0.0032643655403230337 -0.06241081629717788 0.0009318704684407462 0.9999965856903908 -0.002441357202658518 0.000629731225567783 0.0032666488745093664 0.0024383011509015464 0.9999916918118011 0.839377685452827
0.9999999755433175 -0.0001944118351846196 0.00010543909436555928 -1.26308687141719e-05 0.00019455868299516257 0.9999990087453207 -0.0013945089798916533 1.6117494780779769e-06 -0.00010516788079860142 0.0013945294598779261 0.999999022113173 1.9051049459827636e-05
0.9999493975570399 0.0009236657483560895 -0.01001744313176951 -0.01145228148196914 -0.0009373627469831411 0.9999986321908761 -0.0013627059321415127 -0.046992707236771465 0.010016170745024793 0.001372026953904053 0.9999488956269936 1.418931698810626
0.9999946652328711 -0.003265226339954914 8.833315894153324e-05 -0.08130001009927787 0.003265013681990577 0.9999920039194004 0.002309065377681612 0.011178011474291262 -9.587207371435868e-05 -0.002308764650383019 0.9999973302036034 0.8693372708810376
0.9999801129877558 -0.0006749035663339276 -0.006270417384148398 0.16640831380701296 0.0007042186482389798 0.9999888283262542 0.00467410941043847 -0.033141689730645976 0.006267192759980593 -0.004678432201221552 0.9999694168158584 0.8527358916974946
0.9999938004498747 0.0029761351525598913 -0.0018819355381742495 -0.18534670141017956 -0.0029740630617127277 0.9999949692852286 0.0011028840101134916 0.015467875446034528 0.0018852084025650336 -0.00109728017776018 0.9999976209799153 0.5821216061573349
0.9999984797928918 0.00018161905923019537 -0.0017341933060693682 -0.0508909977793696 -0.00018265043296279875 0.9999998065517162 -0.0005945883866598841 0.023056832045530558 0.0017340849820092349 0.0005949042339205869 0.9999983195177018 0.48507485510176906
0.9999875876263515 -0.00029592308090241234 -0.0049736327528256295 -0.12367575656861171 0.0002925208719630228 0.9999997227658107 -0.0006847626165848376 -0.02261442022731366 0.0049738340110277715 0.0006832992256656996 0.9999873969592811 1.049361235200271
0.9999407815619681 -0.00462600135865829 -0.00985055737865941 0.1192635401712209 0.004611984552589302 0.9999883204492576 -0.0014451863407910742 -0.021291820814754257 0.00985712776255068 0.0013996701406485356 0.9999504377496767 0.7870405151836422
0.9999735030243015 -0.0015580797731863556 -0.007110951886179589 0.13609198570102057 0.001559459343450727 0.9999987662828301 0.00018846584244481442 -0.002122628009022687 0.007110649468459103 -0.00019955008902969852 0.9999746991018815 0.73607164806883
0.9999873169693302 -0.0014812125098467356 -0.004813721011959343 -0.0727340450503012 0.0014841345691900022 0.9999987165582659 0.0006035117244523156 -0.019231199936804246 0.004812820904712802 -0.00061064827985489 0.9999882318625641 1.0874991436209331
0.9999785434152078 0.0007896352580682055 -0.006503013559780322 0.10955332621544964 -0.0007927123842236555 0.9999995750615255 -0.0004706207011918608 0.00027565019682942006 0.006502639177700823 0.0004757656226624929 0.9999787444394991 0.9716794511038654
0.999988161908516 -0.0017013053241244915 -0.00455868435203762 -0.008735889808302009 0.0017011028019687016 0.9999985519570085 -4.830262113536793e-05 -0.02045344327731972 0.0045587599283732 4.054725859997795e-05 0.9999896079779205 0.7461263902472104
0.9999624647292337 -0.0026659752606409738 -0.008243889163850552 -0.057933929298867995 0.0026603619551149355 0.9999962219390462 -0.0006917961415992662 0.014512168150366746 0.008245702329333707 0.0006698384457500839 0.9999657792692471 0.8971071617087923
0.9999880089624318 0.00278809187511518 -0.004025975043050688 0.09962531481373386 -0.0027992711540455978 0.9999922349493734 -0.0027738280342011856 0.033442304114706535 0.004018210093745534 0.0027850645689299395 0.9999880486300771 0.03681426088793762
0.9999565720413881 -0.0007446924068392303 -0.009289750505557038 0.08944872788173329 0.0007390339119181093 0.9999995393181147 -0.0006125295383933885 -0.00035603780040269293 0.00929020237203347 0.0006056374968290815 0.9999566617324518 0.8601016165513228
0.999982063122866 0.0010701725339256354 -0.005893060604145014 -0.0008667754633125469 -0.0010773696533348622 0.9999986775722026 -0.0012182481176223328 -0.022217459305570144 0.005891749075322873 0.0012245752707156971 0.9999818936902006 0.9791786725190632
0.9999790887529806 -0.0026008834969739633 -0.005920934199402275 -0.04704985196332445 0.002596236333387746 0.9999963158062279 -0.0007924208931756281 0.0178756443805166 0.005922973379957092 0.0007770321781705013 0.9999821571444835 0.9112330378753836
0.9999548451065696 -0.0013543397475184603 -0.009406035920878226 0.15110892348519686 0.0013586020459306078 0.9999989772979393 0.0004467701381271396 0.007675445633371752 0.009405421222749838 -0.0004595290239153665 0.9999556624594407 1.1891248372391472
0.9999578632800228 -0.002434006047679271 -0.008851399833422778 -0.060382987029342076 0.002447682510830721 0.9999958268962014 0.001534614123688119 -0.0008172611223770162 0.008847627635554599 -0.0015562148766511547 0.9999596480260992 0.6867793497817893
0.9999823043627568 -0.003918161205281598 -0.004476491273324429 -0.044940608078862666 0.0039146518896994815 0.99999202374059 -0.0007924366105313735 -0.014442210756639876 0.004479560462053815 0.0007748986828382327 0.9999896664816583 0.4042345048407477
0.9999933826182178 -0.0019687038219009024 -0.003059236021672703 -0.0015194425123907854 0.001966898800136788 0.9999978898750618 -0.0005929203436808614 -0.035138739816878595 0.0030603968508491693 0.0005868992124402174 0.9999951447484281 0.2600653697921952
0.9999561299659381 0.0015811348218489475 -0.009232451257334334 0.05413539493050412 -0.0015908112852545879 0.9999981929810942 -0.0010408429281716554 0.0020493463909924403 0.009230788861122555 0.0010554843540076738 0.9999568383134243 1.2491497399510412
0.999984151662738 -0.0021872729307336643 -0.005187702813444863 0.02305962932210734 0.0021921032240262983 0.9999971689688599 0.0009256012751464133 -0.004886693956046029 0.005185663584282873 -0.0009369585859678774 0.9999861154045084 0.9541316946940398
0.9999883587552549 0.0019225167417584476 -0.004425639315310442 0.06371895818721991 -0.0019203070504366284 0.9999980294582322 0.0005034883161245611 0.003021577349883018 0.004426598559120352 -0.0004949838685139665 0.9999900800588806 0.7326139499163514
0.9999893319510093 0.00174932839170461 -0.004275024485573978 0.014110225857648135 -0.0017504323344552334 0.9999984356062607 -0.0002545027975348793 -0.00036089177664463875 0.004274572588782941 0.00026198322357670346 0.9999908296549394 0.733816560316931
0.9999937761027197 0.0016418374744606697 -0.0031228393380661836 0.040807410667797694 -0.0016477929086458482 0.9999968270303815 -0.0019054416022201133 -0.004331039380157127 0.003119701003963919 0.0019105755354634128 0.9999933085609969 0.7894346820024974
0.9999991255254704 0.000787876152318185 -0.001062167342340835 0.09792952732306714 -0.0007887816906401893 0.9999993256278986 -0.000852389108676174 -0.01748298865957578 0.0010614950489935908 0.0008532261814356435 0.9999990726162422 0.8229687684067855
0.9999996732020103 -8.203680532582713e-05 -0.000804279699476673 5.5916872405708575e-06 8.200682256230637e-05 0.9999999959413503 -3.731193295862966e-05 1.757040442130971e-06 0.000804282757164164 3.724596434255953e-05 0.9999996758709397 7.731933000091744e-06
0.999986710006542 -0.0013696955076065358 -0.004970286159609823 0.07091208650418603 0.0013696057251502203 0.9999990618592123 -2.1467484324628305e-05 -0.012018654643581246 0.004970310900698488 1.465986664206556e-05 0.9999876478210312 1.1951891607459604
0.9999999488157657 -1.833433126377279e-05 -0.0003194249806726177 1.6675195244029558e-06 1.8384731164990385e-05 0.9999999873835794 0.00015778099576530845 9.912455030220595e-06 0.00031942208383357434 -0.00015778686023180605 0.9999999365364175 1.3334889270127106e-06
0.9999887915470784 0.001434602928836824 -0.004512061020232607 0.1029483059706831 -0.0014370640272213112 0.9999988204030664 -0.0005422540524690092 -0.0103567722225036 0.004511277778567418 0.0005487320952207943 0.9999896735796286 0.9219101692273525
0.9999842361016096 -0.0003640371799200166 -0.005603126378368603 -0.015033379044292106 0.0003636261267163239 0.9999999311218286 -7.437995623300935e-05 0.002210442552989594 0.005603153069505013 7.234134057246876e-05 0.9999842995979538 0.6056055254505274
0.9999860319913275 -0.0023629169820075747 -0.004727837304290135 0.03461716259223607 0.002362004203637718 0.9999971907354017 -0.00019863898556311303 0.00300365923232196 0.004728293389976445 0.00018746903938519148 0.9999888039858135 0.9098195995858711
0.9999976668397462 0.0015012624617047254 -0.001553230853752116 -0.0004345076621318916 -0.0015012961764266962 0.9999988728433044 -2.0540485248296057e-05 -0.014785389004740145 0.001553198266358111 2.2872296865898306e-05 0.9999987935252739 0.37975574148202973
0.9999848916762358 -0.0031120215381865548 -0.004531196443835369 0.06871355627872837 0.003108563472006021 0.999994871944673 -0.0007700113620167143 0.008436448904340187 0.0045335694995525515 0.0007559142166859646 0.9999894376148629 0.6485163241180719
0.9999947543622382 -0.000784559268531698 -0.0031425649971175145 0.04507388253606551 0.0007789806152727642 0.9999981194660159 -0.0017760218559734343 -0.010961550197919901 0.0031439524818254586 0.0017735645423911314 0.9999934849945803 0.6936111986126361
0.9999934123093125 -0.002358047575822336 -0.002759519814670545 0.004655484198128863 0.002353436487608685 0.999995831143679 -0.0016730307712224067 0.007174416613096365 0.00276345339678328 0.0016665253951930502 0.9999947929956591 0.8998477215232401
0.9999460317805023 -0.003770394990604458 -0.009680787573405267 0.05006482305243004 0.0037742098278606083 0.9999928070224591 0.0003758237860949354 -0.016625274841708084 0.00967930093559723 -0.00041234082715533205 0.999953069452982 1.0250892239459144
0.999962970265146 -0.0019761933557997215 -0.00837572434641299 0.06458170803361307 0.001972355203337223 0.9999979461023761 -0.0004664825622576432 -0.007982351046581009 0.008376629003272788 0.00044994538503568296 0.9999648141988257 1.0544235925296173
0.9999663801337525 -0.0028470103194836506 -0.007689807178355797 0.047237413633480295 0.0028586943765020844 0.9999947755943418 0.0015088573436968968 -0.0015397691177160022 0.007685471271255531 -0.0015307894246519664 0.9999692946361283 0.6397188904963159
0.9999480949090417 -0.0026040332814866664 -0.00985020296476773 0.03806646383768143 0.002626702179017291 0.9999939301484664 0.0022891268830865777 -0.01222676195213402 0.009844182212909055 -0.002314881615338814 0.999948865392459 0.8147528280753217
0.9999956708144977 0.0009450113691447661 -0.0027866298238107337 0.011105135514457458 -0.0009458164381170504 0.9999995113584896 -0.00028760049950206005 -0.007258751856503041 0.0027863566764059263 0.00029023489472045457 0.9999960759823898 0.17134278033731254
0.9999467190665613 -0.0018163668894000695 -0.010161684867312186 -0.05438691055693642 0.0018056952469101494 0.9999978087135287 -0.0010592605043888198 -0.007379969823709276 0.010163586605857032 0.001040855159934887 0.9999478077019026 0.9639264683490486
0.999948818939983 -0.00012719144765637673 -0.01011648767452328 -0.19705487896007076 0.00011120049581198163 0.9999987436739042 -0.0015812289723828605 -0.021410897074669845 0.01011667608371789 0.0015800230849626414 0.9999475768219392 0.6493854696993402
0.9999372932818656 -0.0006968415987032794 -0.011176936786187976 0.03467423931315269 0.0007009552927957183 0.9999996880322399 0.0003641388473817774 0.019434756004333493 0.011176679552247484 -0.0003719505464272345 0.999937469788475 0.9716611287465167
0.999963046222122 -0.002600112547721074 -0.00819424218055564 -0.01563256176548861 0.002604821897989793 0.999996448343829 0.0005640945023119979 -0.034238649884787094 0.008192746368231273 -0.0005854181983584002 0.9999662675272996 0.8257451630219971
0.9999529460604517 -1.6929297377233952e-05 -0.009700792669781839 -0.08758377888382055 1.476890336629298e-05 0.9999999750767169 -0.00022277442655024743 -0.0032332414178507574 0.009700796199420754 0.0002226206740663312 0.9999529213883686 0.9122418168519283
0.9999298716778662 0.0008254571281898396 -0.011813989453855865 -0.047552472555538884 -0.0008236764868187575 0.9999996486746555 0.00015558795140739858 -0.003624693061479996 0.0118141137344855 -0.0001458461349567563 0.9999302002867868 1.1973005625005575
0.999964832792039 0.0016229342007239962 -0.008227956232851852 -0.0724157727327579 -0.0016362700806633451 0.999997358278372 -0.001614328498307623 0.004573332752873144 0.008225314547950812 0.0016277348854904284 0.9999648467219885 0.8853745634534461
0.9998977864957472 -0.0006032327441586627 -0.014284700597549794 -0.07964209109587934 0.0005752243771266959 0.9999979044304262 -0.001964752318288983 -0.01062371562614987 0.014285855865898403 0.001956334586065875 0.9998960381345484 0.9924788273317448
0.9999471942438651 -0.0003759740339348602 -0.010269730636566504 -0.1281606962623796 0.0003712567006281868 0.9999998247102923 -0.0004612459723359736 0.005170844585055749 0.010269902252897279 0.00045740890958116833 0.999947158546293 0.7830162328596847
0.9999490549482551 -0.002338583543398704 -0.009819294022584557 -0.0011478880223558777 0.0023432758532070746 0.9999971457659218 0.0004663885563552119 -0.01882463680309045 0.009818175307418213 -0.0004893741107447381 0.999951680805934 1.2305732336587312
0.9999654085423911 -0.0025867117360130346 -0.007905102215870548 -0.1613324492518494 0.0025948119997936244 0.9999961187575859 0.0010146035924111026 -0.047565174615606554 0.007902447047232648 -0.001035080749883282 0.9999682394648876 0.8142013263042857
0.9999884552760998 -0.0011120040536143378 -0.004674693733755162 -0.07735421001466675 0.0011231874090653628 0.9999965122747195 0.002390374121509128 -0.045216248797658974 0.004672019323994876 -0.002395597082442868 0.9999862165800361 1.0825014361539416
0.9999322680124872 0.0008256744875716287 -0.011609377633792856 -0.0730225790227606 -0.0008357101852605965 0.9999992813182268 -0.0008596228918672774 -0.0057815975238553405 0.011608659521654005 0.0008692667430333969 0.9999322394039708 1.1716282929945534
0.9999776229144167 0.0006534990351671556 -0.006657823176065148 0.14656341257894273 -0.0006573508012625197 0.9999996178491812 -0.0005763604911005072 -0.04744244034908558 0.006657443980747728 0.0005807241192319216 0.9999776703502637 0.8903212178074212
0.9999832610307818 -0.0014611519679816817 -0.0055984545340251 -0.06405931758582786 0.0014513385720371901 0.9999974040923372 -0.00175653776963224 -0.0033940935305410845 0.005601006569573008 0.0017483831139915565 0.9999827857927827 1.1557897966997264
0.9999536677249542 -0.0025576708175612107 -0.009280125182389652 -0.09319927711958018 0.002543964976784248 0.9999956564346448 -0.0014884065441091558 -0.024046772933522607 0.009283891727541953 0.0014647292694036013 0.9999558309858284 1.0394584247666145
0.9999950863523885 0.0005485467431624184 -0.003086481418951976 0.15549918406242147 -0.0005546168637295894 0.9999979132902028 -0.001966167687238816 -0.022961303240746963 0.003085396443479614 0.0019678698408281945 0.9999933038861191 1.229047861530799
0.9999922502443485 -0.0028740045390797607 -0.0026906410302526607 -0.02627341484691916 0.0028738643182820273 0.9999958688765769 -5.5979104909498746e-05 -0.018197245236935833 0.002690790799084081 4.824613383496539e-05 0.9999963786520359 1.3672426091091148
0.9999685205007636 -0.004372482135259975 -0.006621133399261327 -0.1338677201410349 0.004382406811867994 0.9999892943279943 0.001485173368780053 -0.005524025771693187 0.0066145686215560925 -0.0015141431163773341 0.9999769771612613 1.1980662691127895
0.9999913556845622 -0.0034889071241598272 -0.002261876042231938 0.00404527791156343 0.0034941997449411994 0.9999911569499654 0.0023402115314929226 -0.020943838897035945 0.0022536912596646573 -0.0023480947486561087 0.9999947036493531 1.10901071441717
0.9999944905599707 -0.0031047436948987497 -0.0011744855442468222 -0.10093713199833783 0.003105570540837578 0.9999949307112814 0.0007028394946252225 -0.01685179720309726 0.001172297453951039 -0.0007064830700800292 0.9999990632997369 1.6098460694264791
0.9999999988052205 -4.883988980311945e-05 2.0552546798899107e-06 -1.6799820428653181e-06 4.883924179680957e-05 0.9999999494716356 0.00031412012757758503 -7.653027373806689e-07 -2.070596168457084e-06 -0.0003141200268252005 0.9999999506621594 6.300802678742876e-06
0.9999988449493208 -0.0013187090817386405 -0.0007557158076620486 0.12130833485454759 0.0013189347521732606 0.9999990857442393 0.0002981975938950598 0.02597195896312275 0.000755321880869296 -0.00029919398930321856 0.9999996699858521 0.5102049982388157
0.9999922491086845 -0.0035162783722386794 -0.0017713014886581988 -0.1109898619679173 0.003516453444358511 0.9999938126759974 9.573346266914403e-05 -0.014814640318590047 0.0017709539035376991 -0.0001019614198702691 0.9999984266618325 1.1707119147176588
0.9999971618910249 -0.0012269770149426493 -0.0020422383063518857 0.03588610475177083 0.0012273870985981617 0.9999992268480827 0.0001995598826717446 -0.017338863683178777 0.002041991872002281 -0.0002020659332485298 0.9999978947170605 1.355210364399545
0.9999980880520767 -0.0009802735957618164 -0.001692027147726204 -0.14483532178986164 0.000980268033509024 0.9999995195287025 -4.116648427519761e-06 -0.012895801808819796 0.0016920303701974811 2.4580004319568995e-06 0.9999985685125677 1.0924564031380197
0.9999973895750145 -0.0017860809898457503 -0.0014250466148249589 0.11241872483172043 0.0017868148192033816 0.9999982716269445 0.0005138442618105704 -0.01646575320488668 0.0014241263843450258 -0.0005163892148680956 0.9999988526024518 1.4840975180453937
0.9999990887008452 -0.0008536781339799554 -0.0010458638165023642 -0.056688829004458235 0.0008528341999787201 0.9999993106268414 -0.0008071057361485514 -0.0537835906355788 0.0010465521040306813 0.0008062130522025427 0.9999991273742233 1.423829578237728
0.999999823524875 0.00020118029215472762 -0.0005589961615954298 -0.07568675712742721 -0.0002010408479672512 0.9999999486662532 0.00024949963600632386 -0.022243812210517903 0.0005590463273097266 -0.0002493872109135069 0.9999998126365939 0.9781968678588037
0.9999976530400427 -0.0013206681493377075 -0.001717483637644799 -0.1405626299039015 0.0013186850720983817 0.9999984632192007 -0.0011552614065384287 -0.015607033968150311 0.0017190067151926962 0.0011529938751516319 0.999997857808224 1.0557294895902114
0.9999788566020906 -0.005658648629557387 -0.0032040668630150806 -0.31808223069138725 0.005659035179335936 0.9999839813059253 0.00011159027652279038 0.019642637324216602 0.0032033840878828894 -0.0001297198442199179 0.9999948607383677 1.0750602911988243
0.999986108119088 0.0034415202930782 0.003992431203185519 -0.04242098983965775 -0.0034318884751095226 0.9999911904090499 -0.002416866935853602 -0.03290318316801198 -0.004000713728105132 0.0024031317823920684 0.9999891095643503 1.1099899584199397
0.999998317441292 -0.0017999286901744609 0.00035407809203740273 -0.4556283364134223 0.0018004154010043789 0.9999974282852934 -0.001379103760926768 -0.0007452697961649393 -0.0003515948930235466 0.0013797389281537881 0.999998986350247 1.0176786854163278
0.9999959703477562 0.0007161583258307155 0.0027470721690338136 -0.09136703924940835 -0.0007123374758710481 0.9999987780016757 -0.0013916071557180025 -0.028757850339798028 -0.0027480654231670796 0.00138964470557018 0.9999952585007702 1.1120421441518102
0.9999952052983918 -0.000640092653391179 0.0030297956403487493 -0.1424742429452025 0.0006448095072846427 0.9999985813830294 -0.001556101740921487 -0.017584351579471077 -0.0030287952929369433 0.001558047920911994 0.9999941994260515 1.1301411550921319
0.9999871743255889 -0.0020677464389904036 0.004623376362373801 -0.11351732823228329 0.002074804376732413 0.9999966888867428 -0.0015223016617319748 -0.051740493131113 -0.0046202133200109186 0.0015318747386984402 0.9999881534241606 1.027257965793804
0.9999826157114305 0.0029831658826493185 0.005086157315881089 -0.0625082582567631 -0.0029816806472210836 0.9999955099082032 -0.0002995729470680543 0.007977632700697167 -0.005087028154362906 0.0002844024423680103 0.9999870205456706 0.7219787825999822
0.9999679749369839 -0.002435677102539967 0.007623422950334771 -0.04362897643034858 0.002442006642870836 0.9999966812124257 -0.0008210771526028477 0.0015714362029576948 -0.007621397770993397 0.0008396673070414259 0.9999706041953582 0.7637815422845357
