1.000000e+00 -1.822835e-10 5.241111e-10 -5.551115e-17 -1.822835e-10 9.999999e-01 -5.072855e-10 -3.330669e-16 5.241111e-10 -5.072855e-10 9.999999e-01 2.220446e-16
0.9999907309903786 0.0034758315729530413 0.002540969933998979 0.009802281753498399 -0.0034640049573020195 0.9999832166013567 -0.004644048369701988 0.003253683322453793 -0.002557069217837245 0.0046352033915249636 0.9999859880451 1.000431081918507
0.9999997896015428 -0.00048738150927361514 -0.0004280842605392334 -0.0170916979873752 0.00048715683820122044 0.9999997436438057 -0.0005247766550534389 0.008301414856015654 0.0004283399172354998 0.0005245680004667603 0.9999997706766377 0.9645100287568392
0.999999347929846 0.000750234439868969 0.0008609809338184042 0.039485829000323935 -0.000752664412299322 0.9999957250558117 0.002825485158958053 0.014125555080215624 -0.000858857476897645 -0.0028261313462520795 0.9999956376632091 0.999990570692381
0.9999987580623086 -0.0011604806654293006 -0.0010663763248363806 -0.007808946325263522 0.0011649391863368527 0.9999905436337472 0.00418993553376583 0.021330505181977988 0.001061503901614938 -0.004191172593694706 0.9999906535972011 0.975687725275004
0.9999984525686351 -0.0009864542835294617 -0.0014566290819200444 0.004991699336281519 0.0009869506899962085 0.9999994551260054 0.0003401117879761131 -0.005060020253097597 0.0014562927835104107 -0.0003415488827537009 0.999998881277219 0.9543428671504017
0.999997957175711 0.0012898265417369905 0.0015562750065725485 0.051702016114576255 -0.0012848786447593999 0.9999941305855331 -0.0031761425270611923 -0.004535299952587835 -0.0015603625450811285 0.0031741364142393595 0.9999937450438136 1.0242481367788954
0.999997593389792 0.001284593078220199 0.0017784924087948808 0.04239242003378818 -0.0012790230006082556 0.9999942851091792 -0.003129512605695256 -0.0022409469510515923 -0.0017825023951363213 0.003127230341481057 0.9999935215368166 1.0621685319941694
0.9999971282896981 0.002208292212709815 -0.00093105201782815 -0.11129978297712828 -0.0022091723363260036 0.9999971129465992 -0.0009453338308310286 0.010953607107831886 0.0009289617564941115 0.000947387970466982 0.9999991197426562 1.0230963604028789
0.999991802852716 -0.0036919835247187 -0.001662373311692733 0.00511243869610567 0.0036939083977581967 0.9999925089439975 0.0011563289486607813 0.04458447676466404 0.0016580917113331887 -0.001162460124798369 0.9999979497070656 1.1087220919075693
0.9999996182573586 0.0008376898590096068 0.00024851727880581054 0.13024634045383765 -0.0008381281893103601 0.9999980841725525 0.0017689523352486462 0.012960781696966017 -0.00024703496925745867 -0.0017691599493009787 0.9999984045221263 1.0649697631875619
0.9999980908285955 0.0019010940306355365 -0.00045186353158448037 0.008118099536228662 -0.0019007907020818504 0.9999979685306184 0.000670767727879102 0.022687142331211496 0.0004531378061610376 -0.0006699075492683682 0.9999996729449488 0.9515581700699147
0.9999997906525324 0.0006470503473337195 -4.5540661261855115e-06 -0.029324776625379467 -0.0006470488920610301 0.9999997418002371 0.0003126134855614183 0.012167920298797208 4.756341614368423e-06 -0.0003126104734129647 0.9999999511260332 0.9258119854850174
0.9999989432633657 0.001138981174552919 -0.0009034345769720958 -0.03150467124912826 -0.0011393485240180975 0.9999992684413731 -0.00040620396291622793 0.011389309653845436 0.0009029712573901384 0.00040723286051756486 0.9999995094020325 0.9003256701630667
0.9999989042607781 -6.559389713194064e-05 -0.0014789099649792543 -0.03130852147303176 6.385076125434837e-05 0.9999993033191865 -0.0011786790167919857 0.015905096999575097 0.0014789862488013626 0.0011785832957406496 0.9999982117689472 0.9216038357574682
0.9999952992386879 0.0021085518235724183 0.002226097422456479 0.06122502244094008 -0.0021023988319178698 0.999993973526852 -0.0027627575221226713 0.008814710095491951 -0.0022319094243519826 0.0027580643904379374 0.9999937058107613 1.043166124282362
0.9999993527926546 0.0009504934569437208 -0.0006252811048289685 0.005680949003965541 -0.000951333616853046 0.999998643333067 -0.0013447291084919125 0.015409075107551407 0.000624002100312204 0.0013453230891084576 0.9999989003629777 0.9285428930212225
0.9999878748744422 0.0042661317282571545 -0.0024597203448675875 -0.016775635867989802 -0.0042658394735780375 0.9999908935710792 0.00012405040019275129 0.0023350571555954547 0.0024602271609474456 -0.00011355612392504879 0.9999969671890628 0.8321317265235582
0.9999956130798899 0.0021891238716740848 -0.0019953840858131446 -0.03861082989699005 -0.0021899171275490503 0.9999975239391314 -0.00039544731918983515 0.016003232341337492 0.0019945134619543687 0.00039981531017965023 0.9999979310297435 0.8656570791973883
0.9999967565216896 0.002137229703289803 -0.0013853502430431516 -0.007073311481132549 -0.0021371528142577006 0.9999977146629822 5.697949035394205e-05 0.008109589271364293 0.001385468855310047 -5.401860037178005e-05 0.9999990387785589 0.8791104135669143
0.9999989717554212 0.0009228054806741641 -0.0010976876359214645 -0.007726921394104913 -0.0009222805252983559 0.9999994601474197 0.0004786475766496608 0.0072110165858165765 0.0010981287419390459 -0.0004776347085534926 0.9999992829889188 0.9094663402061158
0.9999999659445413 -5.726292040897237e-05 -0.0002546210379332259 0.009964860059855862 5.745787498775456e-05 0.9999997051824357 0.0007657242528550601 -0.0005250566322154704 0.0002545771152597893 -0.0007657388567618734 0.9999996744171943 0.9307445175229176
0.9999990346773503 0.0009098112703293919 -0.001050184660248133 0.009908395761476285 -0.00090961347117538 0.9999995684771003 0.00018880928998469938 0.005858298888521074 0.001050355987889278 -0.00018785384560863875 0.9999994307314539 0.8994941460519223
0.9999987531568474 -0.0008592326065732857 -0.0013249166309427455 -0.008042874321351867 0.0008595713796289071 0.9999995980187931 0.0002551456389044778 -0.004107485216851781 0.001324696868898565 -0.00025628418119398203 0.9999990897478979 0.8849950403614955
0.9999973029728993 0.0006514780800478421 -0.002229265178948791 -0.018581281612293665 -0.0006524008627055679 0.999999701803635 -0.0004132381342245885 0.006619761567898785 0.0022289952986040908 0.00041469139423546515 0.9999974298022003 0.8311897049090824
0.9999996877765046 -0.00031336467044475793 -0.000725430545379361 -0.015375665578965858 0.00031375579302740604 0.9999998054597856 0.0005391082374487217 -0.0014566886615487995 0.000725261466778794 -0.0005393356771622635 0.9999995915563324 0.8568314735390441
0.9999997465752244 0.0006881833413688631 0.00018235453093295924 0.019729835099687953 -0.0006883539488622968 0.9999993239346895 0.0009371760793548864 0.005280646567690117 -0.00018170945868330277 -0.0009373013663128047 0.9999995442238065 0.9059857839651952
0.9999994374563351 -0.0006921246874483841 0.0008037726241320917 0.028198674946652957 0.0006905025749821681 0.9999977281607886 0.002016650554478077 0.0005630783007801732 -0.0008051665717247965 -0.0020160944129571806 0.9999976435322793 0.9036321179773523
0.9999996925308375 -8.048361516752033e-05 0.0007800388570180802 0.021984222882411864 7.972906579627543e-05 0.9999995289814391 0.0009673056275811094 -0.0006665265839198575 -0.0007801163418590389 -0.0009672431383952267 0.9999992279293043 0.8964456928757101
0.9999999520101948 -0.0001171722691293099 -0.0002867930743920666 -0.012627169197223509 0.00011696024335471983 0.9999997199488714 -0.0007392039495052742 0.007024972036556054 0.00028687960827964836 0.000739170370643619 0.9999996856635768 0.8220091173869144
0.9999997319460856 0.0006598100964965879 0.0003174246262694364 0.046146898583979024 -0.000659061716757752 0.9999970168227259 -0.0023520168585761453 0.0017437991232971406 -0.00031897556380582114 0.002351807025690223 0.9999971836251861 0.8795113221024375
0.9999996467014229 -0.0007678140541867389 -0.0003421382861805935 -0.0010640969414890122 0.0007673343796834918 0.9999987257062676 -0.001399922779952351 0.011526035772357557 0.00034321273058122054 0.0013996597508917307 0.9999989615782621 0.8194111642779109
0.9999998301429129 -0.0004988521788692078 -0.0003014310035527027 -0.01652630441746883 0.0004987435870776899 0.9999998107474329 -0.0003602220619094109 0.005825515824044003 0.0003016106440663914 0.0003600716639433417 0.999999889689702 0.776693805528744
0.9999993814577129 -0.0008622891760025429 0.0007025251377725607 0.00552543516823345 0.0008625229416029436 0.9999995727437103 -0.00033251552076428903 -0.0037470635304039934 -0.0007022381130799781 0.00033312125913694977 0.999999697945884 0.8136461333476532
0.9999987784518105 -0.0001744706462671123 -0.0015532723135405525 -0.006998390375897223 0.0001740181341660019 0.9999999423847766 -0.0002914586299954716 0.01284881978794905 0.001553323075023771 0.00029118797641470646 0.9999987511977141 0.7574782721300046
0.9999955508823761 -0.001233047668465546 -0.0027162122340131318 -0.016825358700377713 0.0012333136786566435 0.9999992348352582 9.626144631391121e-05 0.01036560126088315 0.0027160914607114385 -9.961095973798448e-05 0.9999963064555956 0.7959908548484509
0.9999987146627826 -0.0009128081026746922 0.0013181252411301136 -0.002840790742977717 0.0009119930284712447 0.9999993926604885 0.0006188274165118737 0.013256662551578646 -0.0013186893112605408 -0.000617624500079092 0.9999989397986769 0.7095196742138916
0.9999984054412917 -0.001612031387223219 -0.0007684202489641397 0.05075332070226146 0.0016131468284295216 0.9999976429803136 0.0014532003032799185 0.0040474989728674915 0.0007660758332814842 -0.0014544375607546598 0.9999986488686862 0.8132339119619663
0.9999992684506688 -0.0008880296651937031 -0.0008212803673364231 -0.007209711601398716 0.0008888752682531528 0.9999990746808637 0.0010298243422878918 0.00038182504893780056 0.0008203650928240686 -0.0010305536047267613 0.9999991324798152 0.7990653096114038
0.9999995268990571 -0.0008935922455405106 0.0003843104994206025 -0.06278586770222017 0.0008935927469097844 0.9999996007452793 -1.1328875480461721e-06 0.004532493874930155 -0.00038430933364334195 1.476304087010558e-06 0.9999999261520752 0.7404839877504612
0.9999975274034443 0.0006639293013906995 0.0021223536183949216 -0.06546553180018932 -0.0006625285089727736 0.9999995622964823 -0.0006606533271639433 0.014052781374044865 -0.002122791316535089 0.0006592455738560742 0.9999975295730984 0.743851188210523
0.9999985044251615 -0.0002861996794353859 -0.0017056486110766421 -0.061690109871029186 0.0002855708717405391 0.9999998911832187 -0.0003688940617902963 0.00984024630847491 0.0017057540028356578 0.0003684064265203084 0.9999984773388345 0.6578410922779541
0.9999995333834766 -0.0008071067591720287 -0.0005308592170926952 -0.03308999556001968 0.0008074619073383184 0.9999994501332843 0.0006691325701358154 0.0001721342257826608 0.0005303188637708783 -0.000669560906503503 0.999999635224981 0.745792043975043
0.9999990005621272 0.0011952243513407169 -0.0007551910334183238 -0.007301351909715592 -0.0011942768672088902 0.9999985007976532 0.0012538361980991841 -0.00096024188458399 0.0007566885167908233 -0.0012529330377861693 0.999998928790072 0.7723214441080959
0.9999998521630891 -0.00033530920518025267 0.00042806721141744195 -0.07828764362769736 0.00033501312157311816 0.9999997047554834 0.0006915599427617276 0.012159281275868183 -0.00042829897144766913 -0.0006914164323908679 0.9999996692515993 0.705881139783691
0.9999954636176136 0.002384184820096958 0.0018407625970278667 0.0330908233344509 -0.002381409732749988 0.9999960269550833 -0.0015082976279635653 -0.009880913990006346 -0.001844351343904007 0.0015039071757841347 0.9999971683116549 0.7305410066560096
0.999997868159836 0.0014401253912452176 0.001479768441739593 0.024746354512596547 -0.0014360196064976017 0.9999951270878391 -0.0027719394411171838 0.0001767262723587626 -0.0014837531713301874 0.00276980855529001 0.9999950633063613 0.7475673479944591
0.9999963544839483 -0.0002962735898380998 0.002683885387653321 -0.07002954782411841 0.0002995118424296112 0.9999992276477152 -0.001206232411686695 0.011865793601688157 -0.002683525939941601 0.0012070318698041388 0.999995670871927 0.6551544162532483
0.9999918090290278 0.0007030145187410943 0.003985930937548307 -0.029224937748552726 -0.0007052839154885827 0.9999995899895714 0.0005679747256465644 0.001960190681963958 -0.003985530008796794 -0.0005707812863600929 0.9999918948467897 0.633224284540133
0.9999873597865622 0.003352507217558166 0.003747127227257879 -0.039732361309668285 -0.0033604303093479246 0.9999921273521621 0.0021101520878660067 0.012343474367083052 -0.0037400234273402117 -0.002122717375000268 0.9999907531051022 0.7004880514027265
0.9999842294947636 0.0040697736488253256 0.0038701039019625205 0.03056228778570169 -0.004081052285306153 0.9999874358148274 0.0029108804051670724 0.008396996588455496 -0.0038582086528932704 -0.0029266285954856206 0.9999882744667837 0.6682163858271668
0.9999807108634987 0.0043280736237990705 0.004454849002914155 -0.00956006811455623 -0.004333847393160359 0.999989780353724 0.0012872275951461584 0.0005610038627162917 -0.0044492322601308015 -0.0013065094013753773 0.9999892486249435 0.6010469629068567
0.9999745328112962 0.00407956371566805 0.005855842272395926 -0.03138075508138538 -0.0040829828518120165 0.9999915009695971 0.0005720486019563482 0.005868351716743603 -0.00585345879469431 -0.0005959433370675808 0.9999826907860344 0.5360581825033908
0.9999813392323913 0.0028286440216659966 0.005414790853926932 -0.025467090254082336 -0.0028377546566974742 0.9999945697365461 0.0016756031540959132 0.0004933765907738641 -0.005410021765341588 -0.0016909377340160086 0.9999839360680142 0.6079465908409398
0.9999730503182336 0.004394549599154396 0.005881034863653508 -0.021899988894182876 -0.004403195171194899 0.9999892430879415 0.0014579371342345654 0.013841200984151647 -0.0058745646248297674 -0.0014837931876061407 0.9999816437556464 0.555422003504352
0.9999670073622311 0.0027774817311807497 0.007633464630052478 -0.03327271113778352 -0.002781106554013905 0.9999960249347233 0.00046428556821775035 0.007673336334492409 -0.007632144741848682 -0.00048549972872447553 0.9999707569007472 0.47097324519634265
0.9999667531310139 0.0020888989529201075 0.007882203612111718 -0.06665645718294133 -0.0020929021636894754 0.9999976850448569 0.0004996653507813 0.008580016609639918 -0.007881141614736062 -0.0005161454194676533 0.9999688101139732 0.4549060043964932
0.9999616701195985 0.004087160833923923 0.007742958603825064 0.021666050547818116 -0.0040886143741084655 0.999991626805677 0.00017190414473692553 0.006095382501942415 -0.0077421911706408745 -0.00020355552751758388 0.999970008070754 0.4631211463343754
0.9999680366097123 0.004327294508715363 0.006723115434933338 0.029771824395374846 -0.00431261480116597 0.9999882884487876 -0.0021964332088520977 0.0014209775898459398 -0.006732541310186309 0.0021673687962654397 0.9999749873871885 0.5607339474802866
0.9999701708896167 0.0014642831738350117 0.007583746157244624 -0.003365738012801156 -0.0014477282358065792 0.9999965584078653 -0.0021879797483073207 -0.023076676262793305 -0.0075869238790133315 0.002176935279373126 0.9999688492842379 0.5320674860843968
0.9999609073033767 0.00031923943791940785 0.008836399220781074 -0.06272294734584971 -0.00031699018412504644 0.9999999170050607 -0.00025594354030980093 0.012739299264180381 -0.008836480194676633 0.00025313248297062073 0.9999609255074495 0.40709360999369615
0.9999823095589853 -0.000598589183029152 0.00591796080306283 0.051460729646760406 0.000590211646239522 0.9999988215154475 0.001417257184528973 -0.005709216501330938 -0.005918802183657501 -0.0014137392632363683 0.9999814843895889 0.49135941727791277
0.9999595883657998 0.0007970425688129803 0.00895468360377241 -0.043557939880875196 -0.0008053761411053713 0.9999992459541087 0.0009270709162130083 0.010703448975545093 -0.008953937936545588 -0.0009342453402869696 0.9999594762694497 0.36248309619931396
0.9999533659647847 0.0023032534950085037 0.009378748265894033 -0.06574005518379122 -0.002309153444708916 0.9999971427559331 0.0006182963174149934 -4.8492598922256214e-05 -0.009377297375367057 -0.0006399244526276588 0.9999558274197053 0.3403194495507029
0.9999609185807313 0.0047146784340536835 0.007478844726474759 0.02541687531708625 -0.00471431570996858 0.9999888853654394 -6.612843616780303e-05 0.0061584416497849626 -0.0074790733761608335 3.0868216588220974e-05 0.9999720308631566 0.3004115454660181
0.999958782883793 0.003127842555009694 0.008523446164226492 0.021484328230526484 -0.0031340036869530337 0.9999948372420071 0.0007095845420730714 0.013283062645178423 -0.008521182691009389 -0.0007362678067491174 0.999963423008694 0.29814922318351433
0.9999655537253098 -0.00038910694212701346 0.008290956435824356 0.00027388882526378777 0.0003836664348789184 0.9999997100639169 0.0006577781892181777 -0.010012259645309274 -0.008291209978037246 -0.000654574569512173 0.9999654130864887 0.3283516743024073
0.9999492342742824 -0.0009179541602490131 0.010034253058195365 0.05392891611363754 0.0009227783489592741 0.9999994608791513 -0.00047615283949203126 0.0010104716109555767 -0.010033810562040741 0.0004853880587174582 0.9999495422490268 0.2201631814273035
0.9999470479738174 -0.0011464392138996892 0.010226774935275301 -0.004525310707772068 0.0011761939829192274 0.9999950917888337 -0.0029039569481656533 -0.0009856352539794333 -0.010223395529983414 0.002915831848905153 0.999943488457456 0.3147048196294455
0.9999182485026552 0.000608337139281459 0.01277208821249695 -0.06033798039189764 -0.0005739056456733996 0.9999961921147434 -0.0026993310884121983 -0.0025899569677105827 -0.012773681681202905 0.0026917804405218117 0.9999147900568164 0.2895265729776999
0.9998576165845549 0.0009365498134566549 0.01684842521721462 -0.09216787432043572 -0.0009186602027908893 0.999999006110317 -0.0010695054038232907 0.010125672467458102 -0.01684941011682535 0.0010538751462637432 0.9998574832074272 0.1712419969024106
0.9998562866633839 0.0009562767341350565 0.01692606139999137 -0.0966886758763077 -0.0009518833772894946 0.9999995111496909 -0.0002676161688505712 0.002789238693436502 -0.01692630904079662 0.0002514660723484874 0.9998567081472572 0.21257062183707465
0.9998534441511112 -0.0005941692540589 0.017109564052223924 -0.04566717606081902 0.0005990502960000196 0.999999781325155 -0.0002801577837826594 0.008154434644730202 -0.017109393849651152 0.0002903662144297761 0.9998535814455829 0.23105040532041032
0.9998419915439303 1.0357013033283563e-05 0.017776159264559707 0.06918131999334515 -1.1803377273994276e-05 0.9999999966287082 8.126048043854644e-05 -0.005935768573333 -0.017776158363015482 -8.145745930908364e-05 0.999841988295419 0.2596499000628696
0.9998263357015728 -0.0005722614059223888 0.018627156370465674 0.08674595951826414 0.0005662323240056558 0.9999997855883376 0.00032894411979108765 0.0021167424456175477 -0.01862734061861031 -0.0003183396959001947 0.9998264453600517 0.3187076000234019
0.999786626375533 0.00029520109685218565 0.020654650249830674 0.011744307640466856 -0.0002952889052212204 0.9999999564015072 1.2013941283913834e-06 0.0021358411827564483 -0.020654648994665868 -7.300226843371313e-06 0.9997866699559527 0.21421322070005866
0.9997431366470495 0.0014004733943785044 0.022620773669112266 -0.0965949846390188 -0.0013916174509026583 0.9999989487805007 -0.0004072330562218789 0.00664567421685891 -0.02262132020877416 0.00037564898958311827 0.9997440346207868 0.1442888167042491
0.9997088226121423 0.000699025790811136 0.024120144161827135 -0.05947553869679892 -0.0006889870229729243 0.9999996725455298 -0.00042450643378708476 0.0037589725460456247 -0.024120433004523757 0.00040776436079220386 0.9997089768727195 0.18614856289292092
0.9996837396666092 0.0009817521606055495 0.02512880436625824 -0.03381948759909292 -0.0009871569511113024 0.9999994922209826 0.00020267937774527206 -0.0014479706361788525 -0.025128592625461577 -0.0002274213522008636 0.9996842011916522 0.23686844849518662
0.9996325033755937 0.0021344040790061917 0.027024109870084776 -0.08450893099878959 -0.0021461576579741245 0.9999976146102089 0.00040593250662408 0.0055564043076159475 -0.027023178983051406 -0.00046378132814570963 0.9996346996300848 0.2506446949937877
0.9995712044221634 0.002261464837649621 0.029194058758823485 -0.09173609743552114 -0.0022811374038068793 0.9999971930386148 0.0006405677444496745 0.0020619423971283135 -0.029192528190797633 -0.0007068887312376561 0.9995735573764198 0.2711065150874159
0.9995231296482551 0.0007692822504321604 0.03086942667068816 -0.043905071032419585 -0.0007845988375481898 0.9999995750435161 0.0004840634801302871 -0.002749357308271305 -0.03086904117108201 -0.0005080527608894625 0.9995233084723794 0.26296502136542377
0.9994857148053272 -0.0007777184809444998 0.03205777681076069 0.12218749780425675 0.0007676743377906818 0.9999996523235697 0.00032562071809668665 -0.005764889828349551 -0.032058018906277456 -0.00030084332359804617 0.9994859643422213 0.2822578165393259
0.9993815654286702 -0.001934509662448758 0.03511045932063458 0.13838257660276176 0.0019500481438213448 0.9999980152910627 -0.00040832116413993744 0.00035328989484995077 -0.03510959973535505 0.00047653573024303297 0.9993833543341221 0.32780280624503755
0.999273762455309 -0.0005400396348427876 0.03810060400575195 0.14040863467980091 0.0005880594060722681 0.9999990469098127 -0.001249145948172564 0.010107521714599943 -0.03809989310411874 0.0012706441900485635 0.9992731276326792 0.20707291481042733
0.9991506738050039 0.0007590785064295962 0.041198966429124705 -0.014374957629503471 -0.0006889090215963408 0.9999982880448322 -0.0017173560391268293 0.011083931484724086 -0.041200199506398534 0.0016875151040028151 0.9991494862398753 0.14713814403964753
0.9991117071277611 0.0011819063711139412 0.04212362493401653 -0.010525886763678216 -0.0011218329392690893 0.9999983198827441 -0.0014497318880546518 0.0109772396543244 -0.042125267608742294 0.0014011884315797774 0.9991113544044385 0.14795838724082988
0.9990401252001588 0.002361219775892381 0.04374074623528984 -0.02843787765643635 -0.0023227995206536764 0.9999968706205355 -0.0009291671109678942 0.005864973725292932 -0.043742803321653936 0.0008266742424846915 0.999042483464672 0.23800451132782108
0.9989509779948831 0.004383500229916341 0.04558210711235079 0.021362772285936082 -0.004369984064938908 0.9999903730987321 -0.00039616805899785816 0.0028690928395629367 -0.0455834049006839 0.00019655938825887323 0.9989605170185992 0.33928232663338553
0.9989303837638578 0.00538795273312174 0.045924485394370974 0.06915570468102761 -0.0053748539003666915 0.9999854718471751 -0.00040870543440753245 0.018098996630779185 -0.04592602028199108 0.000161430876994592 0.9989448306093436 0.3509112313691629
0.998791113135946 0.002072651643280053 0.049112283960561526 -0.04320153183095177 -0.0020945712753594864 0.9999977284276925 0.00039485519697083623 -0.0032117323922373764 -0.049111354001184625 -0.0004972470409612237 0.9987931856263086 0.3501027948284319
0.9987364919108802 -0.0005663379802403034 0.05025036305182055 0.09299934276740762 0.0004790876033060745 0.9999983568877986 0.0017483411482807816 0.008414700008793963 -0.050251270636830825 -0.0017220577790975106 0.9987351222002705 0.4857063288120229
0.9987147135033553 0.00039363327262753486 0.05068299601204786 0.07772066860579363 -0.00045727897377786497 0.9999991214668773 0.0012441709733386722 0.003165056376220443 -0.05068246173826513 -0.0012657481255917888 0.9987140160996191 0.45346907940123393
0.9985756607738544 0.0012447651539268963 0.053339481341412434 0.04241512477600873 -0.0012763565710960881 0.999999029656981 0.0005582105325893212 0.008141302857048616 -0.05333873474279956 -0.0006254956489399528 0.9985762805771173 0.48664616788687987
0.9984464128452724 0.0006530016233696668 0.055716552884107956 0.11548229445671754 -0.0006547924048997988 0.9999997855270277 1.3885362105238332e-05 8.554362269908022e-05 -0.05571653186724959 -5.034656564085767e-05 0.9984466262860064 0.39110155480283615
0.9984484925958275 0.0009696622335927362 0.055674656606697216 0.07975973954954751 -0.0010178425503231231 0.9999991316791027 0.0008370409679305042 0.0014533867013420965 -0.05567379661621494 -0.0008924103271399251 0.9984486125856171 0.5075340492811352
0.9984452164390211 0.0019298849937469382 0.05570839536324651 0.06193315228615326 -0.00204925232370923 0.9999957252596421 0.0020856719195858457 0.009866958934630077 -0.05570413211738138 -0.0021965897098201754 0.9984449031662667 0.529660529873559
0.9985464402366674 0.0023210270508045344 0.05384811532551307 0.19579452466332037 -0.0024842409253387817 0.9999925208033669 0.0029642679290741492 0.007477321463054465 -0.05384083243882069 -0.003093730880328571 0.9985447379018806 0.41992216855271847
0.9985607100096104 0.005316632231289109 0.05336892210659182 0.12073027820124982 -0.00541939975104658 0.9999837288104886 0.0017810728813779883 0.018610497634028667 -0.053358584421258945 -0.0020677369241859553 0.9985732751944504 0.47842581350227986
0.9986280572349384 0.0016536438052210615 0.05233802408706262 0.00392604127358287 -0.001651514922720082 0.9999986327266941 -8.392379238896423e-05 0.014598583081548377 -0.05233809130673876 -2.628374056138362e-06 0.9986294228548743 0.5102345587640379
0.9987931073129912 -0.004883850650901629 0.048872045044995524 0.13315987546535002 0.004808894011171447 0.9999870739613816 0.0016511960943797947 -0.021701423950869603 -0.04887947751817448 -0.001414182793158628 0.9988036827948608 0.4966188443476194
0.998794286099975 -0.008501836610144508 0.04834969315617619 0.12217845847248254 0.008394001474884463 0.9999618100764553 0.0024329257818684934 0.004625490079353423 -0.04836853102257327 -0.0020241449737723105 0.9988275066515961 0.506263171074574
0.9990198110660797 -0.005439645968078182 0.04392980024125558 0.055726515535604815 0.005419964511603852 0.9999851510720784 0.0005671155494242928 -0.01657373755418179 -0.04393223283863017 -0.0003284617107288017 0.9990344593810153 0.5311029200220585
0.9992205597771718 -0.001330014134407763 0.039452553542177034 0.09373333626201674 0.0014216631680767902 0.9999963557916228 -0.002295054969364525 0.05511047071502484 -0.03944935731330229 0.0023493543534656 0.9992188092413443 0.44877593954508654
0.999422407481391 -0.007016859427640351 0.03325079108642346 0.015500170590744045 0.007034193557638496 0.9999751779975271 -0.00040436345986252895 0.010228037212988816 -0.03324712837364937 0.0006380224029999503 0.999446957763302 0.5213109850106783
0.9995630986681269 -0.005602238782126434 0.029021142320760786 0.06930524482783618 0.005589138365264296 0.9999842388590124 0.0005325090587990158 0.0006234401598278483 -0.02902366815734615 -0.00037007322493366746 0.9995786561009099 0.6250276147994263
0.9996843787506602 -0.003953707643528622 0.024809495717896066 0.06824092088123646 0.003934101821859547 0.999991909416259 0.0008390142320913659 0.014516514810331782 -0.024812612211575612 -0.0007411463390680078 0.9996918450089219 0.6015001588083835
0.9997974090191023 -0.0038913590046548547 0.01974837319343428 0.014252587563963637 0.0038837888273218274 0.9999923691601135 0.0004216703574518807 0.0030204481203728317 -0.019749863367502955 -0.00034488641967392216 0.9998048929417798 0.6039207317281039
0.999877564328391 -0.0009268474743918855 0.015620413134209147 0.14744195294553286 0.0009383802412038485 0.9999992925400769 -0.0007310005955794668 0.010634890579919398 -0.015619724557337015 0.0007455689820751601 0.9998777266904421 0.518964933280361
0.999897570361797 -0.0009335829324646544 0.014282058937167398 0.07274552912159127 0.0009367549793260382 0.9999995380437877 -0.0002154119847602451 0.023338062927340752 -0.01428185123452899 0.0002287687100128231 0.9998979829913616 0.5089680402342194
0.9999338900259988 -0.0007354048706236661 0.011474962185173196 0.007708827963300635 0.0007450466462137635 0.9999993730108696 -0.0008359924426600269 0.030964178269780374 -0.011474340197582662 0.0008444865573125712 0.9999338109892503 0.5917739895976615
0.9999495550109039 -0.0034229447041992486 0.009443033572313627 0.004547983200070327 0.0034479204636909994 0.9999905977527035 -0.002629876550155128 -0.01702374980584609 -0.009433942864566645 0.0026623027147549792 0.9999519552789944 0.7002804468781494
0.9999710293551688 -0.0045958582852508485 0.00606782802870135 0.04810067690714348 0.004603756118132534 0.9999885728348283 -0.0012882660308111413 0.010229971028965945 -0.006061838002516998 0.0013161635093241063 0.9999807607317489 0.7034283212516166
0.9999876712521596 -0.0006294192094474198 0.0049255634339575175 0.028154712559702588 0.0006291816142996595 0.9999998008258785 4.978654900217767e-05 0.026368287240242094 -0.0049255937895231515 -4.668686124370446e-05 0.9999878680994876 0.6258015803953123
0.9999942026316152 0.002292187736417756 0.002518050543596349 -0.0026324427323807242 -0.0022977389613721704 0.9999949316059316 0.00220389612119432 0.0034296779052200854 -0.002512986037462198 -0.00220966916723678 0.9999944011159996 0.711760046900487
0.9999950878039726 0.0016565503868424176 0.0026608661638301387 0.020704976986166912 -0.0016711710972602378 0.9999834678643788 0.0055019255806822345 0.013628390619043418 -0.002651707957080881 -0.005506345316771744 0.9999813241286876 0.6949389915171418
0.9999991499381176 -0.0011460213695526679 0.0006218987553406135 -0.02382962770314201 0.0011427987269468046 0.9999860455197646 0.005157787976678622 0.007653976451757805 -0.0006278010123072805 -0.005157072887133416 0.9999865051415071 0.6850444595976217
0.9999970540176318 -0.0021153482006306926 0.0011904864752137153 0.09532220700923588 0.002113299045452168 0.9999962879329053 0.0017199091702730712 -0.00016752833147648527 -0.001194120262816514 -0.0017173882495194808 0.9999978123248063 0.7068859518088058
0.9999926085630514 -0.003816722086146762 -0.00046416783741293487 -0.0221575183790943 0.0038161175317412647 0.9999918782214599 -0.0012964328365328043 -0.007539454756172681 0.00046911219138515663 0.0012946519350087533 0.9999990519046098 0.7538853246993069
0.9999976554470179 -0.0009460966716206473 -0.0019478196928529106 -0.046260032770868875 0.0009335731657787549 0.9999789532283169 -0.006420400419481381 0.011072297212962656 0.001953853017004369 0.006418566934315371 0.9999774919751439 0.7346731124218433
0.9999972364287804 0.0002498199316341396 -0.002337675084888789 0.12349024546007392 -0.0002654897449025367 0.9999774842907305 -0.006705253669695146 -0.01370328800076781 0.002335947344462949 0.006705855768010899 0.999974787106366 0.7209292905336033
0.9999952331405952 -0.0012504514638752664 -0.0028231307485988206 0.010373267963347033 0.0012474278169945145 0.9999986467974161 -0.0010725330667507242 0.02155619057731828 0.002824468078874142 0.001069006302309689 0.999995439792401 0.7058839939845067
0.9999962434269226 -0.00035071180033221654 -0.0027184799568631224 0.06411615029366757 0.0003601729987143701 0.9999938777652708 0.003480618822306469 0.007518818203790301 0.002717242619597485 -0.0034815848701862887 0.9999902475321135 0.8142740319173254
0.9999951399949364 -0.0004968262616151357 -0.0030778483023961288 0.027178250371184376 0.0005139223012141893 0.9999844318963096 0.005556244134432439 0.007674416084993418 0.0030750398981325964 -0.005557798905940214 0.9999798272970036 0.7449926325079415
0.9999933551000034 0.0010948031983940775 -0.003477234791382507 0.008331941878491733 -0.0010893366579404747 0.9999981685639062 0.0015735992111394052 0.009735035744607878 0.0034789512044987874 -0.0015698008754035195 0.9999927162853374 0.8072426295079174
0.9999784981262275 -0.005857567741389044 -0.002948251239365007 -0.014981097188819348 0.005844915924436926 0.9999737513476308 -0.004281772248106374 -0.027506485575928497 0.0029732546227399423 0.004264447901361556 0.9999864870292225 0.743091997396709
0.9999923751409514 -0.002594528051273288 -0.00291857570586546 -0.05211229077053403 0.0025798857085807645 0.9999841240489195 -0.0050095748167915555 -0.0007889710789512616 0.002931526853087335 0.005002007027736559 0.9999831928967623 0.7213398942253537
0.9999857581313155 0.004363021143370041 -0.0030736917608077123 -0.05011803971026296 -0.004365080934250205 0.9999902527071197 -0.0006637463266909415 0.036717094017482355 0.0030707658613769212 0.0006771537870054422 0.9999950559176644 0.7874315572606485
0.9999855317750724 0.003501382895103725 -0.0040836942034832785 0.017485906410588115 -0.003489580357781478 0.9999897245684448 0.0028937149910538964 0.030268362011332983 0.004093784245936058 -0.0028794227450556565 0.9999874748491614 0.7692093128369923
0.9999782090220415 -0.005420717721707365 -0.0037679305264000777 0.031930444035852545 0.005434689067475032 0.9999783584462343 0.0037076669100256886 0.012476900325055329 0.003747750766803895 -0.003728063647176363 0.9999860278552063 0.7749164805829949
0.9999841281297591 -0.004823824477597319 -0.0029110489475365664 -0.03868382994582653 0.004821693198891347 0.9999881027211952 -0.0007387088464737036 -0.0031204843714744968 0.0029145777157911 0.0007246609368701665 0.9999954900414626 0.7618256854916163
0.9999948836515906 -6.24667608314688e-05 -0.003198244603769057 -0.03194893883892824 4.9824883853391954e-05 0.9999921868807679 -0.00395268198823962 -0.009747882413229991 0.003198466526743 0.003952502412774934 0.9999870736847325 0.778854127552866
0.9999891626529096 0.0028461253846588123 -0.003684310929743639 -0.028731266259969246 -0.0028510170883407886 0.9999950604868644 -0.001323141501062143 0.02788692665633341 0.003680526904427588 0.0013336311951375396 0.9999923375454135 0.7567496038198067
0.9999939850412992 0.0010471505950533217 -0.003306562694647743 -0.07735940479208914 -0.0010450174180050814 0.9999992447963924 0.0006467961355767897 -0.0004137259941878746 0.0033072374904780776 -0.0006433368295153956 0.9999943241328447 0.7386412323680362
0.999975033031338 -0.005471849005457554 -0.0044712618393707515 0.005866033166480378 0.005480180327559172 0.9999832665301575 0.0018531819269567156 0.012834127468361878 0.004461046687961636 -0.0018776389797934665 0.9999882866985541 0.8499476846911502
0.9999648812190488 -0.0062231183712390115 -0.005613299057625061 -0.07178315236003385 0.006224348753169493 0.9999806082022952 0.00020174728461445297 0.021261184184472204 0.005611934708432106 -0.00023667933048630635 0.9999842249614352 0.7892076503746788
0.9999690484961923 -0.004602544543539889 -0.006381115368340144 0.008352750281693133 0.004598003888385796 0.9999891655362745 -0.000726064946267739 0.013483898121316229 0.006384387978633837 0.0006967020801900275 0.9999793768855182 0.9057447233796632
0.9999961770321194 -0.00046449585048445526 -0.0027258328547296456 0.05366709201405939 0.00046550077897705835 0.9999998239257293 0.0003680455616003379 0.005666738050612907 0.0027256614191444035 -0.0003693130318914699 0.9999962171817013 0.7068006285387618
0.9999941382903699 -0.002336345468763694 -0.002502973182095204 0.016744559375805323 0.002338282981537393 0.999996968653435 0.0007714380339555527 0.022378603374219486 0.0025011632489609845 -0.000777286171604895 0.9999965699984226 0.7263089256445889
0.9999889348876629 -0.003399953934828486 -0.0032512175377858903 -0.034525306076959694 0.0034034366551281385 0.9999936398202734 0.0010662729173008397 0.0004114091815512477 0.003247571580657463 -0.0010773264318134426 0.9999941463061609 0.7721123762277857
0.9999915155450912 0.0013423297333361212 -0.0038944818292726132 -0.0006459229542805645 -0.0013428592629833468 0.9999990894719711 -0.00013335752228964517 0.004325714460741259 0.0038942992734705218 0.00013858613182178234 0.9999924075847036 0.7062113647089365
0.9999897668687997 0.0021133543033027176 -0.003999986408993201 0.02357033449617596 -0.0021165909373070807 0.9999974359242253 -0.0008051010985692389 0.009405910828025 0.003998274688853496 0.0008135591948465496 0.999991675925829 0.7929809817816391
0.9999969667881738 -0.0005702739169611129 -0.002396080572932504 0.08108454253427766 0.0005698990993581234 0.9999998252658245 -0.00015710931661929375 -0.024794735120780897 0.0023961697496008953 0.00015574331591231412 0.9999971170531198 0.71382886969708
0.9999967400077169 0.0008587190938253755 -0.0024046986205208732 -0.027308601225293216 -0.0008566705142049094 0.9999992694172398 0.0008528074898448758 0.017080159757459912 0.002405429185764348 -0.0008507446752946143 0.999996745066667 0.7256393810084658
0.9999980219807516 0.0006133936778622488 -0.0018920313898505773 -0.045166000072287105 -0.0006137409082068605 0.999999794926159 -0.00018294735816036048 0.012068346874285929 0.0018919187830915719 0.00018410821335066411 0.9999981933721099 0.685174396719451
0.9999971657848706 0.0009721836050774993 -0.002173311128930917 -0.04997486495275183 -0.0009715194233196205 0.9999994810598903 0.00030664304756350646 0.010133347734232134 0.0021736081144560155 -0.00030453076449684545 0.9999975913414878 0.6286867420472815
0.9999952732547679 0.0019583293940998443 -0.002370319410342237 -0.00195973923008097 -0.0019615584962707345 0.9999971503204489 -0.0013607495178921103 0.007562951692022368 0.002367647859912552 0.0013653926061543843 0.9999962649663466 0.7728924435938005
0.9999948481067581 0.00032180493633554515 -0.0031937754344613474 -0.025315373908451733 -0.00033127545751094234 0.9999955488534757 -0.0029652200271338817 0.0013029550578678162 0.00319280699605678 0.0029662627700553267 0.9999905035892421 0.8374924038760909
0.9999942744435555 -0.0008045599591116477 -0.0032869078751578715 -0.006432105198108218 0.0007987726450842361 0.9999981292734442 -0.0017616503271542508 0.013957703225181861 0.003288319079567305 0.0017590147486283847 0.9999930463881964 0.784838803085707
0.9999814593499056 0.005434913701842965 -0.002746392085316407 0.04918343457400631 -0.005439188714311466 0.9999840038656918 -0.001551527914083001 0.002473830663649479 0.0027379157333408473 0.0015664372925818571 0.9999950250334474 0.8075597284110758
0.9999906202427057 0.003624077024199669 -0.0023718120354190636 -0.004134217788209327 -0.003622935931815772 0.9999933194234015 0.00048522551634550335 0.023352781456401628 0.002373554684992187 -0.00047662804200063435 0.9999970695276398 0.7973646783735928
0.9999930661308375 -0.002317906985129349 -0.0029146178917800365 0.021386724946514946 0.002318175782512457 0.9999973090798315 8.884895647407526e-05 -0.007350046716909753 0.0029144041051593792 -9.560493701932262e-05 0.9999957485451664 0.7776149565137107
0.9999954546287946 -0.00011357906016602263 -0.003012942340505546 0.026875326391074594 0.00011105361181602826 0.9999996424146986 -0.000838354083900235 -0.0032758648472929197 0.0030130364825907436 0.0008380156751407888 0.9999951096584838 0.7375405400405493
0.9999871483022186 0.004207152464853309 -0.0028289748203913193 0.02676578525990614 -0.004208841094375953 0.9999909680188278 -0.000591216888432435 0.005235642205558055 0.002826461929554595 0.0006031159957702738 0.9999958236733075 0.783167846920926
0.999992835206024 0.0002473698474370475 -0.003777346261167868 -0.04738425039319161 -0.0002416608094074347 0.9999988280747448 0.0015117702179454897 0.027015511851486873 0.003777715800768727 -0.0015108465498678638 0.9999917230687622 0.7835493589785267
0.9999918786811698 -0.0018620320757137881 -0.003574270310695444 0.024959506354271355 0.0018647812489314259 0.9999979679322163 0.0007659780240714505 -0.011035176024410731 0.003572836771885646 -0.000772637035573841 0.9999933189123877 0.8370593076088539
0.9999777437484453 0.004687911411033776 -0.004747156451065722 0.015566102097713141 -0.0047042665031881165 0.9999830181506427 -0.0034399545052612415 0.02189986393635457 0.004730949633591166 0.0034622098338465265 0.9999828154616611 0.8686503924656659
0.9999896162099573 0.0016302689498622046 -0.004255548779462909 -0.006536785414148483 -0.001660231630398178 0.9999737925034273 -0.007046838812369093 -0.013172123416827941 0.004243949009672255 0.007053830836163035 0.9999661156095931 0.7820798092997343
0.9999758267895291 0.0009313105243471864 -0.0068904642300323385 -0.013000721051417585 -0.0009587273121302444 0.999991633259584 -0.003976713815594384 0.009943831765003686 0.0068867030238776465 0.003983223761905171 0.9999683531241996 0.8039451847548338
