1.000000e+00 -1.822835e-10 5.241111e-10 -5.551115e-17 -1.822835e-10 9.999999e-01 -5.072855e-10 -3.330669e-16 5.241111e-10 -5.072855e-10 9.999999e-01 2.220446e-16
1.000009881536937 0.001442828229769392 0.001435875278332261 0.0038993920131676794 -0.0014361032009130744 1.0000457939473966 -0.004019277773838913 -0.00875365240464596 -0.0014407725521827686 0.004016468983484398 0.9999969098563058 0.983167584890977
1.0000025949637243 -0.001555610859656291 0.0005330380208696272 0.012846208055931903 0.0015561878352561738 1.0000067991627897 -0.0009199058223863817 -0.004408266551452011 -0.0005309800765386583 0.0009206578849953349 0.999999357256379 0.9893009362664559
1.00000384942297 9.069402090569918e-06 -2.0395048746491917e-06 0.008789564838354125 -8.761446873608338e-06 1.0000115421927875 0.0029468042270530763 0.007158788338745169 2.1219052770864528e-06 -0.0029469824588415805 0.999999505141913 0.9858978266979641
0.9999998247692258 -0.0025664153603223547 -0.0010722935322293062 0.004431893961758968 0.0025711918061026395 1.000005706823024 0.004193842690369606 0.012291743578830009 0.0010614529933554073 -0.004196728318289206 0.9999928847031224 0.9693172457677265
0.9999989831710999 -0.001168501522140908 -0.0014595001430766574 -0.001575650012839141 0.0011690791933692145 1.0000071057722784 0.0003085076730517828 -0.0129524744811848 0.0014589446314944954 -0.0003102597545618424 0.9999987718369187 0.930880338861051
1.0000091705310472 -0.0009625246137961003 -0.0005651380139076342 0.015592806539706442 0.0009611667535590688 1.0000175219102283 -0.0027438459944228197 -0.007251106576645098 0.000568707916033858 0.0027431364574131115 0.9999996012357191 0.963067111415172
1.0000012055269192 0.00048195205651111367 -0.0009837748698062739 0.00649983104910174 -0.0004844381713751113 1.0000075222773726 -0.0027670083251317124 -0.010893915602284181 0.0009825119896709525 0.0027673643182533933 0.9999951135029588 0.9653332821623136
0.9999983960135165 -5.141281598504175e-05 -0.001310246235634642 -0.004991983107881219 5.051747706859421e-05 1.0000013441948647 -0.0007335840580391338 -0.0014635151433779474 0.0013100372057349876 0.00073350992587229 0.999999132238246 0.9511780100211038
1.0000089714925295 0.0005578051457089473 0.00012656455880241137 0.013277734158204813 -0.0005577422928337968 1.000016007150784 0.0011677752066272 0.0029445754568400207 -0.0001254314875837391 -0.0011680793711734427 0.9999982022303123 0.9674865749850898
1.000009245729146 -0.0005075818957996005 -0.00035635398414871045 0.012481542461415866 0.0005088867453847131 1.0000306754861406 0.0022368050189223126 -0.002096866419153516 0.0003561284438572715 -0.0022373178334971497 1.0000014516162263 0.9758300041721012
1.0000044076528658 -0.00018301220261325116 -0.00024887012100845515 0.008243976406942768 0.00018349953126878968 1.000017430598872 0.0010262102576633026 0.0012452058877665607 0.000248831895030755 -0.0010263947921240113 1.000001775850029 0.9485942847275092
0.9999993968518158 -0.0018765363044284554 -0.00035174628364289867 0.009012898019101493 0.0018771441537602687 1.000013349148855 0.0009107238790321757 -0.0053131180977503065 0.00034999200020418853 -0.0009114669057538613 1.0000004128104163 0.92576308113386
1.0000008468188621 -0.0015913843567879951 -0.0012516348613948068 -0.009898124392607063 0.0015919927815295403 1.000012085580479 0.0002953761388775167 -0.009111285777745578 0.0012510851159696435 -0.00029745726967830914 1.000000536695273 0.8987293400300629
1.00000230018543 -0.0018909498223040552 -0.000265282664126025 -0.012054464505381512 0.0018910443377991627 1.0000142626126787 -0.0008554398005526071 -0.008665181373998177 0.00026605296546831805 0.0008548503771025573 1.0000030898983814 0.9493950359840886
1.0000015240756615 -0.0009476187273229691 -0.000535344838149401 0.010890034643654374 0.0009469986535301145 1.0000100555584395 -0.0018760649366779303 -0.013839155992538451 0.0005371785875798273 0.0018754676875442763 1.000001987838413 0.9553609147461568
1.0000040021551349 -0.0015903243093000536 -0.0013829108570823823 -0.0026225820074263543 0.0015897765394312165 1.0000233114629022 -0.0008865518305142873 -0.005435334165279651 0.0013840324641786607 0.0008841543087045022 1.00000312203134 0.929561021028696
0.9999982750537527 9.081679467012993e-05 -0.0017525312685008666 -0.016770497621591864 -9.095774210468603e-05 1.0000172132238072 -0.00040528467272702925 -0.0019840739216590076 0.0017514155760712691 0.0004053406645115756 1.0000034005285632 0.9043325984463276
1.0000034691839723 0.0011851556785338058 -0.0015263904192470252 -0.007925685642637724 -0.001185680109137011 1.0000151075420805 -0.0006090752632835889 0.00041269162399310694 0.0015272591681525691 0.0006107174860402768 0.9999968186821943 0.9144869436239931
1.0000019181512916 0.0009620297595088121 -0.00188380156129792 -0.014434036169542664 -0.0009612626568197783 1.0000167664228579 0.0001579769464667534 0.0010411667060211916 0.0018834186397380644 -0.00015627784525856702 1.0000023856929543 0.8523634524831132
1.0000027271905727 -0.0003622535491319362 -0.0013254888502644592 -0.006754989877689371 0.00036365463018006404 1.0000100716271827 0.0007914508192734583 -0.004274698486634108 0.0013255434190258871 -0.0007920134008717753 1.0000029899505647 0.8820714189890365
0.9999992142482385 0.0002296966813870053 -0.0008458433070623726 -0.004753179216022904 -0.00022856283330518044 1.0000048769114471 0.001040217733294657 -0.00391631232733169 0.0008458626994950479 -0.0010400489106757193 0.9999996994714904 0.8959458991664481
1.0000028696900705 0.0005292274889821942 -0.001158792512655038 -0.003254291393245849 -0.000527836619004469 1.0000162831216222 0.0006330045587486679 -0.002468727795392762 0.0011597351671573117 -0.0006324912003751484 1.0000012932802396 0.8641919507261704
1.0000004105445934 -0.0007245942680620465 -0.0015364884759387495 -0.0027878849730699853 0.0007251106115594503 1.0000092266788285 6.713218629642881e-05 -0.010244422351363067 0.0015361342728689054 -6.828463658694344e-05 1.0000018428784014 0.8660746412444412
0.9999994964398395 0.00048801368758987065 -0.0014994632505783364 -0.0014777923541284285 -0.0004879791834737714 1.0000082629312412 -0.0002421003304881153 -0.007252100167831971 0.0014988867751907719 0.00024281377044444688 1.000002161024533 0.8592546646959838
1.0000024752398202 -7.709886576786564e-05 -0.0010624033568068594 -0.0056655897985926984 7.785846663935679e-05 1.0000096434709935 0.0003871503765304875 -0.0008557136252342355 0.0010621755010268292 -0.00038730915613286257 1.0000006618596218 0.8688717181169398
1.0000016494209965 0.0007199245500959425 -0.00012697267075938956 0.01640358333460929 -0.0007193625779634517 1.0000084338296031 0.001353151762066497 0.004481211502598599 0.00012735237828237313 -0.0013531407967683365 1.0000014894532019 0.8862202647186267
0.9999982404436556 -0.00044502453928903246 -0.00023469740622317136 0.023956302016324326 0.0004458032813220757 1.0000025468350768 0.0020358722083779848 -0.007664085309125138 0.00023324401434047127 -0.002036062928634023 1.0000021059778186 0.8842508599919123
1.0000036371131766 4.260060957047092e-05 -0.00017933574454891054 0.018016286631120097 -4.223194669059488e-05 1.0000055988347838 0.001033578929249341 -0.006077388605478471 0.0001800668366608267 -0.0010336117631170318 1.0000005194799466 0.8575651466582824
0.9999994547964438 0.0008759678650729344 -0.000585010003632276 -0.012880905352648511 -0.0008762991470383871 1.000001970867853 -0.0006584777436546117 -0.009309725746647058 0.0005841114383537487 0.0006589753913031259 0.9999993502990283 0.8424503054757548
1.0000056686018906 0.0012837451648617087 -0.0005049576783301679 0.013901980854181439 -0.001284021856509954 1.0000168421313154 -0.0021256518348168646 -0.0052795179988633385 0.0005035095597017517 0.0021262011734850266 0.9999992214283784 0.8603492454820443
1.0000037402320825 0.00020005573054393127 -0.0005309784992904943 0.0018778300763024204 -0.00019915125258943323 1.0000352913300536 -0.0014065016645065955 -0.0017590082814267617 0.0005300879940118679 0.0014064223697413554 1.000001285884976 0.8441458342664481
1.0000021279226778 0.0009266865829194088 -0.0007319271748239684 -0.010891187282069075 -0.0009263543385563966 1.0000061722504408 6.180561761910153e-05 0.002501045385690128 0.0007330203103742796 -6.122437781349475e-05 0.9999985289491171 0.7856205987066818
0.999998238177186 -0.00010824580893319692 -0.0012151728165048154 -0.00791680479473015 0.00010813329145498454 1.000001857065506 -0.0002139733751509419 -0.008207154719093026 0.0012151459076631954 0.00021383887722278093 0.999998789475093 0.7921012561623735
0.9999997722776346 0.000516620909530699 -0.0018252202565908228 -0.0022931494128157195 -0.0005166680781803802 1.0000112008218018 -0.0003622811543281662 -0.0014199791008836934 0.0018250881088757356 0.0003631524827844611 0.9999999945412861 0.7731667981116717
1.000003555440998 0.00041478032845089377 -0.001747268396075271 0.0011725577437993527 -0.000412967716969693 1.0000279966389125 7.6045083150322e-05 -0.006066594583615041 0.001747225513170417 -7.556181617679984e-05 1.0000065117009318 0.7605159048601554
1.000003687542825 0.0005666116083040234 -0.0017360097621654876 0.00040426417112562 -0.0005639728356073533 1.0000170538396533 0.000948953824876091 -0.0008983340984377499 0.0017366808448349591 -0.0009481741045513907 1.0000008740446333 0.7570399022739694
1.000003267920471 -0.00014107113036081152 -0.0017233132401226713 0.031510374900867374 0.0001454569702513168 1.0000224243338285 0.0016610490516903102 -0.0010047921118337584 0.0017231671120948452 -0.0016614805541798612 1.0000008791646315 0.7737665889035872
0.9999988511935671 0.0009594416336692324 -0.0011412901353857166 0.0016894812781354444 -0.0009579587807535839 1.000001800493329 0.0011265663003167607 0.001574099706938134 0.0011425175111015218 -0.0011255051749277526 0.9999975857135418 0.7734751618633737
0.9999983508131812 0.0009320340084057851 -0.002207621850347541 -0.03441934595458609 -0.0009304866251567548 1.0000091984256987 0.00044609951332101177 0.00011060761385481116 0.0022080111078560537 -0.0004440888155950282 1.0000014550196974 0.7014600203579223
0.9999951443158537 0.0029241067025945226 -0.0015671058956387427 -0.011435772713864785 -0.002923932057368982 1.0000065283589257 -0.0003009561978797675 -0.0008740570667210905 0.001566231667070768 0.00030548558538096775 0.999997829786683 0.6949917663849831
0.9999947370286326 0.0013799723465662535 -0.0018701272963547188 -0.02597863500798362 -0.0013802780918822288 0.9999972572792433 -0.0003049703522358681 -0.0027680675057025757 0.0018692683991841153 0.0003075876456926227 0.9999990553781614 0.6782503953905846
0.9999987960672794 0.0009613758172030566 -0.0012983506914419436 0.002577165448639716 -0.000959651451207899 1.0000082925783702 0.0008769919069261632 -0.002602762579601067 0.001299113836467929 -0.0008757975985096066 1.0000022019799732 0.7009891120453163
1.000005643061448 0.001234876599910593 -0.0008503955497046663 0.013011168586732971 -0.001232472071627947 1.0000275242052477 0.001212799867869025 -0.002083593153172554 0.0008521237451758981 -0.001211855618534818 1.000003187812625 0.7351549050507659
0.9999964639072724 0.0023003965156971036 -0.000348409509712836 -0.044757493601720384 -0.002299883426676839 1.0000008055468173 0.0005569523508744187 0.010784622354376144 0.00034951804448567875 -0.0005561527531439634 1.0000016618492442 0.6612702771966704
0.9999960893408133 0.003316397382752859 0.0009980491634060545 -0.0001627673159578937 -0.00331455084281824 1.0000002841239886 -0.0014499962158240327 -0.010857036045116208 -0.0010029682752033353 0.00144668284624364 1.0000008393787427 0.7061183593843717
0.9999936700241179 0.0022569830753503585 0.0017965032608803935 0.015948529291542158 -0.002252078450491858 0.999990529709445 -0.002857881934361453 -0.0009218684473483155 -0.0018030221812338622 0.0028538153544522427 0.9999922041989848 0.7212161874072152
0.9999956922548373 0.0008885806406097875 0.0019783236826983316 -0.006177021673223589 -0.0008857041568635413 0.9999907848161961 -0.001580202863235558 -0.002563826351506218 -0.001979685130911222 0.0015784553199454671 0.9999948425542641 0.6621459127432241
0.9999913947296906 0.0010669215313611324 0.003381422388240712 -0.021696992037280975 -0.0010683149204602656 0.9999997265224817 0.00043833570964278104 0.00483299620367154 -0.0033808002044071416 -0.0004419444042927057 0.9999932658071028 0.6523068255173537
0.9999884383006838 0.004083204266996476 0.0035014411822897715 -0.02597681614999153 -0.0040893870375379796 1.0000012522840056 0.0019056173621250986 0.010028784033819049 -0.003493873193796252 -0.0019199433887415256 0.9999938038082268 0.6941526665681506
0.9999842676606276 0.004725622663095731 0.0037311987839454015 0.016373854266222534 -0.0047363483273116 0.9999953811178117 0.002984972139765208 0.0035904985549323693 -0.003717209543036903 -0.003002585613921647 0.9999890173644588 0.669899662188418
0.9999777994056066 0.004455907360145556 0.004522427784070829 0.006175770734010862 -0.00445968284772917 0.9999934777005866 0.000871166329545979 -0.0027838881754635664 -0.004518305364580449 -0.0008913191885043123 0.999990647165782 0.6039462334034034
0.999972437377555 0.004108952707216658 0.005890598727925139 -0.0016150305059359732 -0.004111010871082445 0.9999948020755047 0.0003704986486610804 0.0013768876173937325 -0.005887914465026736 -0.00039471938151627503 0.9999843204404789 0.5698003832971902
0.9999869974522175 0.0029491170895038503 0.00535716955391588 -0.028825763461220143 -0.00295655675520219 1.0000137596330665 0.0014641615513664205 0.000213917270867992 -0.0053545317334641315 -0.0014798743292642196 0.9999817692617574 0.6070262160903112
0.9999752518128217 0.004638804903990199 0.00639827593750813 0.013652437163692018 -0.0046448398158988385 1.0000063986735563 0.0009822975003562118 0.010861081407765186 -0.0063945961881439785 -0.0010119037940728999 0.9999807580635023 0.5668530766037817
0.9999685644317784 0.0032304231622629406 0.007727611726551093 -0.010815195721236001 -0.003229907951092745 1.0000125220773144 -2.4957162254727596e-05 -0.00354066078141803 -0.007726168675919917 8.26003598723019e-08 0.9999732119615622 0.5040513307855716
0.9999728306956703 0.0024259317703724886 0.007506717271903126 -0.02628786706228534 -0.0024274531884254857 1.0000062705073678 0.00021460463602443632 -0.002425852994243267 -0.007506255553026434 -0.00023277856900565878 0.9999720372117225 0.47853495089202824
0.9999663913803406 0.004164886287905369 0.0078542319539601 0.0007148544947312875 -0.004162444357765873 1.0000252222144257 -0.00023253305693315696 -0.0012293565089200806 -0.007851451740311566 0.00020001594916937987 0.9999762227345621 0.4812551362621005
0.9999677292842604 0.0041953514956528945 0.007238666956524818 0.011760809608612734 -0.004179767393504281 0.9999990468919719 -0.002144839686264744 0.0002039233330796763 -0.007248415524665366 0.002114558948354886 0.9999723178151537 0.5389469992474074
0.9999830736417264 0.0015922343410356928 0.007459297420622826 -0.011826075937228762 -0.0015738223815805483 1.0000422404030447 -0.0023933778353939176 -0.01907621280362941 -0.007465138194257503 0.002381794171166174 0.9999765593795648 0.5069092575723371
0.999972904311721 0.0006878767216954737 0.008014596390446722 -0.03386929437333292 -0.0006872770030223595 1.000022670151501 -3.580447800175889e-05 0.009337643447073636 -0.008016437125095068 3.0335434575307472e-05 0.9999721127974508 0.4268997825483778
0.9999824407562524 -0.0005916363650443546 0.006859644394458593 0.04320225287494003 0.0005840523853617386 1.000012402069403 0.0011240969526417758 -0.00910686966738704 -0.006864192329010405 -0.0011199802331987824 0.9999762490644873 0.46836664611611917
0.9999772855304193 0.001464392103295782 0.007756320261104688 -0.047496475355302284 -0.0014700848708898752 1.0000458076273082 0.0008053006043986416 0.0051696651419422595 -0.007754365984450894 -0.0008165985363310204 0.999977321748193 0.3924798433842381
0.9999612627299426 0.002173556356865431 0.008955566931479957 -0.04683872751487003 -0.0021765772396903495 1.0000230008617388 0.0003623598773045949 -0.0026070974214709147 -0.008957610478591196 -0.0003817409953904719 0.9999629208967032 0.34807920629513406
0.999958127253362 0.004373276773279772 0.008626976358199884 0.03923292907304042 -0.004370571887762682 1.0000099107187888 -0.0003082705827225724 -0.0005383335261327586 -0.008626991060996594 0.00027063147487555367 0.9999656015467933 0.3129026227575392
0.9999559486745947 0.003511748719266643 0.00891762004689831 0.026144349729662734 -0.0035151705515606615 1.0000032955987743 0.0003800114390956721 0.0044241649426297325 -0.00891834030684458 -0.00041130376867272087 0.9999611750460751 0.2970020821258685
0.9999623668644835 -0.00043980980863880494 0.008608069555883105 -0.004373308196591606 0.0004356733551885846 0.9999995768293322 0.00048232514146897345 -0.007663358478289215 -0.00860690309800112 -0.0004785579741789839 0.9999633305788382 0.34967814360102717
0.9999526563827705 -0.0008745560347033027 0.01063352174338669 0.04910690344872958 0.0008817563642228998 1.0000465676713892 -0.0006507005538242763 -0.004201686875624994 -0.01063891387119001 0.0006601458503245616 0.9999443501290425 0.22767838766676593
0.9999418574807409 -0.0010730858541931035 0.011254573232646713 -0.0004969990466655937 0.0011081379292696533 1.000017650331401 -0.003099401813994616 -0.0061706393004333 -0.011252489865901884 0.0031117172403621446 0.9999328864604827 0.3007727757463063
0.9999137205230421 0.00048369563225927545 0.013142026539303499 -0.033443473401257716 -0.00044712214410292284 1.0000011336750285 -0.0027835948007291903 -0.0026991970890955313 -0.013146429004505397 0.0027774892630201887 0.9999104664928468 0.2793254385319253
0.9998776697288086 0.00123894274249967 0.01585148792623692 -0.038329733597578484 -0.0012205937189679788 1.0000213725523714 -0.001162966479477483 0.00344899307789198 -0.01585379343367112 0.0011434635983991208 0.9998760998713478 0.20921275522947047
0.9998609025222978 0.0009875177370947561 0.016929410674349853 -0.05899722773819971 -0.0009820508600876922 1.0000171687619555 -0.0003271346025427306 0.0017847605909081872 -0.016930390459531677 0.0003104195750875105 0.9998597612069122 0.2288075854699525
0.9998517970229924 0.0004377898533564057 0.017390623331345997 -0.032360810028743074 -0.0004363659132977528 1.0000141369482658 -8.370211789623697e-05 0.003165779071648881 -0.017390302958297972 7.606713026500499e-05 0.9998502865503223 0.22759366998001518
0.9998443261459773 -0.0003579393555748873 0.017829118149524942 0.04660243021250669 0.0003565112248333377 1.0000174811899107 8.348317849740794e-05 -0.002424596090075721 -0.017829990399551625 -7.716242436308636e-05 0.9998434576673352 0.2692845327378123
0.9998316652227492 -0.0007475078761496943 0.018850873350364773 0.06871704546221875 0.0007407292946679861 1.0000395354251568 0.0003631466824506452 0.0012882736860049954 -0.01885628852949721 -0.0003492367241595167 0.9998245859332593 0.3259752564008961
0.9997912005892992 0.00024122875537283366 0.020535279052205906 0.00852568919835452 -0.00024007251061686222 1.0000115322113479 -5.8565444432648147e-05 0.00798903820554266 -0.020534829933901176 5.359563948681159e-05 0.9997893077418077 0.23564478908596365
0.9997512976040249 0.0015964604170630482 0.022413079375884843 -0.03725173527720102 -0.0015844002065523266 1.0000218583451974 -0.0005530929043522535 0.004355479087472036 -0.022411639661805153 0.0005173761647293139 0.999752190087408 0.1921576850185018
0.999715495964369 0.0008281472367180355 0.023991828824810265 -0.03657026433111299 -0.0008155899550817432 1.0000176066126703 -0.0005328580059093287 0.0019011809388152336 -0.023991837554272533 0.000513055180278502 0.9997152470082034 0.20894392234728637
0.9996853900539582 0.0011219338765600351 0.025133253486420103 -0.040987438534820994 -0.0011285921644853146 1.0000114292628421 0.00024992866470924176 -0.0012653309359128436 -0.025131642706610165 -0.00027826916798097504 0.9996848615372613 0.24945867123411242
0.9996415689114596 0.0020744690189716027 0.026778110468333515 -0.039033864305050965 -0.0020846429536687102 1.000015575047299 0.0003522566122141944 0.001961835693280087 -0.02677727802492192 -0.0004080608320803823 0.9996435006246254 0.26569911123394707
0.9995826720694194 0.0018707302234751946 0.028838679206127333 -0.044252659367121076 -0.0018860166707468167 1.000007845597082 0.0005027123247173268 0.00039360437669695535 -0.028835295727685863 -0.0005569329576841225 0.9995849174647222 0.2807727354563906
0.9995433229594117 0.0006066374221282963 0.030374878895013342 -0.0307344781167128 -0.000614845814368625 1.000031544465738 0.0002571322277660807 0.001418171256980723 -0.03037423401222963 -0.00027592636099743373 0.9995404213237841 0.2684175705809126
0.9994723668416142 -0.0008352950637649931 0.032547706989443564 0.07680798667503262 0.0008280024574460458 1.0000100882504468 0.00023809766991145142 -0.007557109336435706 -0.032549300828038 -0.00021107773883359985 0.9994710425796361 0.28917758047750397
0.9993582921447106 -0.0022602138023337316 0.035822852354191886 0.0776174092107313 0.0022732219778071753 1.0000159512367308 -0.00032234396951531476 -0.004450813509558953 -0.03581886737875091 0.0004034463191097314 0.9993603923446615 0.3041904425346969
0.9992648521620866 -0.0010290849142887302 0.03839738801838993 0.09289206322681956 0.001082171614884322 1.0000115746166354 -0.0013619098636421384 0.0013216399587087444 -0.03839480135073531 0.0014023545946350473 0.999265001085089 0.2238598765512419
0.9991775410330105 0.0008921705870331575 0.04056586893219384 0.011846967676955197 -0.0008089362098580497 1.0000030775953397 -0.002067353223139543 0.0021362874668585064 -0.04056680162137014 0.0020327909657063496 0.9991742227874637 0.23130101649935525
0.9991297876117311 0.0012486854144529564 0.04182529388511519 0.0241667426227203 -0.001179897700303577 1.0000226001136638 -0.0016691517774563341 0.0009476310486750069 -0.04182463374618293 0.0016180991476369864 0.9991242833951419 0.19692329330023392
0.9990575555978508 0.0023177510840999248 0.043449595557225086 0.022466881501159226 -0.002269142064072735 1.0000192670317416 -0.0011680710549540972 0.0007982203225306733 -0.043451688410149576 0.0010680754432161974 0.9990581659038916 0.2794559792483732
0.9989711340965598 0.004052502211147576 0.04519448337907607 0.02444954939608535 -0.0040433861430455645 0.9999954687628164 -0.0002924412385716273 0.0001066515391452638 -0.045195692233886024 0.00010936340811704045 0.9989755466176026 0.33270144158971277
0.9989306229639568 0.005147676529923015 0.046119643824927836 0.051824603573073606 -0.005138206528474265 1.0000257430628894 -0.00032593481789813165 0.010546429373258392 -0.046120743213551 8.79721146134761e-05 0.9989404637034346 0.32200710566599355
0.9988278276645138 0.0017950473833826149 0.048534694887743916 -0.01266887372482447 -0.0018168078683950147 1.0000184790480493 0.00040148051550013196 -0.0022135155724939525 -0.048533871918867 -0.0004895702346128415 0.9988244401826355 0.351169189078045
0.9987001574968194 -0.0006916216967851124 0.0510576854556736 0.06563658690245187 0.0005980340157603444 1.0000226372086816 0.001845764087754876 0.0019997795620630456 -0.05105903434707276 -0.0018131921321672562 0.998696854978852 0.4572794452366375
0.9986572259708548 0.00010294686101821322 0.05181444545142836 0.043582282393137946 -0.00017285827611700973 1.0000067982023557 0.001344170209133737 0.0007476474813371932 -0.05181410803853795 -0.0013514470825868267 0.9986558413389401 0.4259306981366342
0.9985671780341796 0.0009393002410393054 0.053562978585954456 0.040320486578239285 -0.0009669616840766867 1.0000099456571372 0.000490234338981157 0.009556415849438884 -0.05356230101617391 -0.0005414934121635664 0.9985644609017359 0.47625456407812033
0.9984250602258322 0.00028520058172451084 0.05625953280615991 0.09390354705120271 -0.0002854830569147367 1.0000328182669105 -6.0576755363458146e-06 0.0014112264338607579 -0.05625941950841774 -1.0534121088880548e-05 0.9984181314350055 0.3954038984178298
0.9984253333991301 8.431372531170533e-05 0.05623951726759277 0.0561931583559446 -0.0001350360361856228 1.0000177728037316 0.0008973333074864312 0.0055762571262332585 -0.056238777476932025 -0.0009038194799140867 0.9984168057612379 0.49945561982274256
0.9984710364083516 0.0015752971173864476 0.055383361486544144 0.05621586092225732 -0.0016974552574434084 1.0000147151859722 0.00215856918204297 0.00658067847466173 -0.05537892654087548 -0.00224949308365868 0.9984610464643416 0.5134872984750588
0.9984537983037475 0.0029108218341078744 0.05552816752250092 0.10499949757380124 -0.003096876982764294 0.9999987797763483 0.003265082043692549 0.003906252813438066 -0.055518361725841923 -0.00343210690228422 0.9984538097603302 0.42050465343596427
0.9985366520213006 0.005026829540806136 0.05391228771895316 0.06694572336547906 -0.005133456642429377 1.000001738842344 0.0018385002377481073 0.01707950159259819 -0.05390248517453991 -0.0021127289941427784 0.9985466276406777 0.4880106689180366
0.9986265459158417 0.0013980143048715036 0.05245982286941613 -0.00025114420406184416 -0.0013828950266833756 1.0000143743753278 -0.0003271268378034181 0.015390383361633649 -0.05245995574449383 0.0002539788881540637 0.9986242250699785 0.5065053952726253
0.9987536837701425 -0.00569299884343429 0.049655610338413425 0.0757982906936719 0.0056352464771807905 1.0000062538163859 0.00129759560727599 -0.021045621862485923 -0.04966252505632327 -0.0010163767711023318 0.99876804119478 0.5005774104567172
0.9988834076720599 -0.008734833336887233 0.046553013611597825 0.07319549724905614 0.008623669627480816 0.9999779134762461 0.00258491832675898 0.011187423162854686 -0.046572158495901086 -0.0021808011449583635 0.9989146603395975 0.4967902633855709
0.9990221166158096 -0.005066407260991572 0.04403248182185907 0.068615081312619 0.005045631159983208 1.0000063399616548 0.0005812949974864488 -0.016480447712517613 -0.04403412632305248 -0.0003587932645862803 0.9990321315661249 0.5501540392670945
0.999216888483931 -0.0005532780950303105 0.039698983666132004 0.09440527816255535 0.0006514713570574705 1.0000184587176986 -0.002462437620242134 0.03447978492958385 -0.0396961251096908 0.0024860280731248885 0.999209987084772 0.48410671441399955
0.9994377678273578 -0.004774860213165713 0.03356284172423143 0.009552762383077878 0.00480185024834452 1.0000238229499652 -0.0007267816568782015 -0.014724310701084507 -0.033556365422563836 0.0008868691015179593 0.9994388089273956 0.5511864243009454
0.9995545987203295 -0.004729990798116558 0.02966433560379289 0.07253512196026128 0.0047171946433385405 1.0000045336752441 0.0005006911591830781 -0.0038076980364615816 -0.02966277110551724 -0.00036085922109358923 0.9995588353520907 0.5999121631809716
0.9996640882771197 -0.003687980888536054 0.02573079693796439 0.03927137559313555 0.0036680496536495694 1.0000016275918386 0.0008226452627219358 0.010360747405282887 -0.025732402684472983 -0.0007281751969072597 0.9996697488127619 0.5745679306675722
0.9997869414482888 -0.003411295014206901 0.020495221084098167 0.0068186936640760015 0.0034038525201152956 1.000005933892051 0.0004002489283198926 0.002173606441372901 -0.020497598636615384 -0.00033060271262240997 0.9997919643167876 0.6114993427992039
0.9998653305432824 -0.00029619444032530964 0.016865305751420707 0.08925976191178482 0.00031517184400282503 1.0000283277248097 -0.001113384203279586 -0.0025370286076360792 -0.016864691443545195 0.0011180441183517682 0.9998603083288419 0.555950140322686
0.9999051254132568 -9.205197174202944e-05 0.01400692094602374 0.06529463617489693 9.579129996683673e-05 1.0000127563338153 -0.0002636051643507309 0.012802927814270944 -0.014006376196843232 0.0002646383803304457 0.9999027689015764 0.5386559902963145
0.9999359012279541 0.00040729080078154273 0.011958850858714247 -0.0078173352566355 -0.00039902896248314006 1.0000240004849248 -0.0006885100873198945 0.014430837159662122 -0.011957283183360755 0.0006831439784358919 0.9999308564642344 0.6038576969021909
0.9999524082062532 -0.0032112719318604733 0.009420993901873315 0.012011028635529003 0.0032360355891208766 0.9999984434725684 -0.002612782913681176 -0.014085055710253782 -0.00941292508033676 0.0026429272158687168 0.9999537811705883 0.6759901251749552
0.9999846259567172 -0.0029333421468693633 0.006876173113631083 -0.0002808210211528356 0.002943860135452262 1.0000300526391053 -0.0015030032268681412 -0.010115929444023692 -0.006869434997988871 0.0015224360146949784 0.999979552056108 0.6751661010939956
0.9999861259774715 0.00014073220037877707 0.0055400525697367736 0.04379298887370035 -0.0001410456181540497 1.000004239285836 6.141562802625893e-05 0.013874276316474126 -0.00553978517722087 -6.230013590911184e-05 0.9999839235474242 0.6195139175256978
0.9999981551341731 0.002418237132392707 0.0038179521660936543 -0.03015352466268248 -0.0024264543132904246 1.000016824280875 0.0022064037141493495 0.004694956592552242 -0.0038105488808598802 -0.002216129952621029 0.9999911895931762 0.6937050543391887
1.0000008791076662 0.0016971679750653979 0.002872050642351763 0.01699052910621378 -0.0017135151379328107 0.9999969286981881 0.005764685912812473 0.021308807895623477 -0.0028623055318917068 -0.00576990967956788 0.9999815419542696 0.6822554834605429
1.0000004160432885 -0.00021043342303455625 0.00125201575021903 -0.008485716883767671 0.00020376130142954767 0.999990556415538 0.00534293133756282 -0.0018968694264837516 -0.0012540106738982782 -0.00534272641691954 0.9999866273936038 0.6999884532992031
1.0000051488640702 -0.001766030593310825 0.0010496443469945708 0.08490617675314813 0.001764219227328828 1.0000137548513044 0.0017895863052618654 -0.0036049574403429806 -0.0010494774357264914 -0.0017879143538259861 0.9999986681868924 0.702001409076852
0.9999990764190722 -0.003222718982059494 0.0002481449191699195 -0.011984021062231601 0.0032233579996953556 1.0000217148847959 -0.001669533769785883 -0.015534091132782377 -0.00024208323520318698 0.0016700314979365954 1.0000035807023686 0.7410160879106894
1.0000004812280328 -0.0005226094308589102 -0.000814392400573827 -0.008423212112226365 0.0005173723010762509 0.9999850298527099 -0.006487432596127673 0.006171203460140182 0.0008176130043386543 0.006486916484043693 0.9999792903835908 0.7050055592316227
0.9999954640379535 0.0006592770626504752 -0.001992411804435569 0.0047990394860372414 -0.0006729985072166583 0.9999752312412374 -0.006903611780946314 -0.00539333996019573 0.001987524674052544 0.006904999547084151 0.9999747999121793 0.7377876015711348
1.0000012997414576 -0.0007080015453782807 -0.0019012433633883272 0.006810366488144366 0.0007057304401334836 1.0000093922315774 -0.0012291102239222374 0.014016466677500127 0.0019020229670169743 0.0012275734761828657 0.9999970751131195 0.70278367450852
1.0000002922064086 -0.0001333265529062291 -0.002392866089097287 0.030891588420469553 0.00014234644782613163 1.0000039277879464 0.0037379172733673803 0.009761415037390891 0.0023920141631216816 -0.003738474606310423 0.9999902295262669 0.7768663372490489
0.9999990883430493 -0.00013598826808231606 -0.0028137089338554255 0.009468212948883548 0.0001517732562343737 1.0000017553339036 0.00555795578048466 0.012738480122014744 0.00281203589143493 -0.005558651559138404 0.9999844367363747 0.7373342878201029
1.0000007919179792 0.0018647533355353016 -0.0026777026996839463 -0.029808840021827224 -0.001860367208374151 1.0000249962652372 0.0015764226236267517 0.008218273576208341 0.002680652773904589 -0.0015719240251984468 0.9999960480172198 0.7956524480240985
0.9999859791699546 -0.005936882702331153 -0.002937551241657717 0.0021730878860734878 0.005924364802494784 1.00001464156511 -0.004310808734997307 -0.021708943127901184 0.0029630204295624575 0.0042927408661522694 0.9999921101088235 0.7664718828758399
0.9999994586001483 -0.001669826143335312 -0.003092382733834512 0.008587001910502153 0.0016553515353612362 1.0000132480886528 -0.0047525749184518734 -0.013759059524728093 0.0031002992591111908 0.004747022584253209 0.9999900987782272 0.7235580960800688
0.9999893558009043 0.0056068652203010395 -0.002453216500835458 -0.004767737025720421 -0.005608887581160494 1.0000083007534375 -0.0008844004163529627 0.01997883068816602 0.002448220561486777 0.0008976581435140759 0.9999990521804561 0.7572117317068421
0.9999860263156355 0.004863792141879801 -0.0037574058594038668 -0.011382196501512263 -0.004853540154377372 0.9999915235869827 0.00272606146871053 0.017051755382201973 0.0037705941949249316 -0.0027079657137720316 0.9999908287321273 0.7617691117466425
0.999993778572448 -0.00465926912704605 -0.004024816635925432 0.030924685721542066 0.004673735222014634 1.0000338668618256 0.0035421203611178077 0.000889147025691995 0.004008177488529488 -0.0035618197184893873 0.9999942499260053 0.765063826568431
0.9999898619485842 -0.00443245946623438 -0.002749613630698773 -0.006637195929737318 0.004429777217214678 1.0000092167524637 -0.0010320695711325994 -0.007173485993374582 0.0027542117116345407 0.0010195873809334705 0.9999981208569362 0.7666374054996861
0.9999980973950144 0.0004919750420961226 -0.0028983883227421676 -0.00828276720400793 -0.0005028502512646677 1.0000016540209282 -0.003782791836703379 -0.015953735860035054 0.0028967410488683924 0.0037840802136334902 0.9999905337285987 0.7535168073442551
0.9999911224803636 0.0038134901375859362 -0.0034699671698283276 -0.0005322433112367433 -0.003818158815393442 1.0000054031620833 -0.001364167367335969 0.014864794170002716 0.0034644143723281456 0.0013771233754764425 0.9999944481165628 0.7310888353459277
0.9999940681834611 0.0012807062380479647 -0.0034050244103815824 -0.0567862588571565 -0.001277070045377578 1.0000039110889984 0.0010616844831921454 -0.005456910878677346 0.003406367638951826 -0.0010574313906486408 0.9999937238432938 0.7224418550561535
0.9999943720967008 -0.0036810824356650843 -0.0035435095416428437 0.026109708032080726 0.003686979464010757 1.0000234001030397 0.0015904906785012016 -0.0022480223452890904 0.003537094376943893 -0.001604193799437017 0.9999971963146855 0.8024558756581092
0.999987153079572 -0.004000358944936627 -0.0034704719395409 -0.01886127548426801 0.004000972453968632 1.0000010139337643 0.00013690262083366255 -0.01009356355725269 0.0034696665475889826 -0.0001509906238245521 0.9999938166223666 0.7507756648950651
0.9999961147707291 -0.0021207036988138053 -0.002952181184888004 0.0031207591528423055 0.002118559180699853 1.0000145498260622 -0.0008193249669495161 -0.01152431517840964 0.0029543507219769345 0.0008128018059622915 1.0000010748393682 0.7631574056160413
1.0000021303567925 0.0005281972724173401 -0.0021551929807435894 0.043433543563521713 -0.0005274199818600516 1.0000152968235223 0.0002630499343807665 -0.005209787268403027 0.002154475672163388 -0.0002622870662028472 0.9999992708583859 0.7013222781629793
1.000005555670191 -0.0008968999508677534 -0.002267734912073623 0.024461017013930653 0.0008990456701887349 1.0000277844225682 0.0007573871989635735 0.004997194904376117 0.0022667662025554983 -0.0007599299452952222 1.0000012963278944 0.7128430826467177
0.9999938619221479 -0.002910760393836891 -0.0029724930452416937 0.002034643735745131 0.0029141017631542513 1.0000131501191072 0.0010312332372334509 -0.008554750796042126 0.0029703113652205593 -0.0010401877035682227 0.9999986980666035 0.766753318843099
1.0000010831366912 0.0017334602382789524 -0.0024605007267218455 -0.016554775061358093 -0.0017338854865033928 1.0000176490279522 -0.00032150932425467973 0.013279307795195415 0.0024595081587094627 0.0003254408758688657 0.9999986818290926 0.6635657084786125
0.9999938912792953 0.003277226603440263 -0.002976844065463539 0.01866500673787221 -0.003279675798633575 1.000011591511953 -0.0009009552322385959 0.0002370908536271802 0.0029739966792640972 0.0009104223501283891 0.9999952369309464 0.7907618667497486
1.000005668956958 -0.0009856889923476476 -0.0018165076254949195 0.016698601137447443 0.0009861509481231259 1.0000369416052546 -0.00012501259030100884 -0.006442109588187745 0.0018166365522656754 0.00012259853161844842 1.000006877911298 0.6866164936004143
1.000002098093917 0.00177624440989993 -0.001931564303600773 -0.027679069102841822 -0.0017744921995620614 1.0000278488857357 0.0006564110785330117 0.0078005306710998415 0.0019326361503508402 -0.0006533955523993362 1.0000027948708454 0.6865506941211242
1.000000543618959 0.0016964346734712897 -0.0014489046815117773 -0.011779795685957262 -0.0016964037470997796 1.0000230876702039 -0.00021190970061417817 0.002294455641418263 0.0014490513581212497 0.00021400805523875418 1.0000032423856726 0.7035704010876621
1.000001885442634 0.0015152514169227158 -0.0029189548529289693 -0.03359943611916954 -0.001514371416676673 1.0000370394183404 0.00014854013511405426 0.006298246352080021 0.0029184073515224423 -0.00014464457988034145 0.9999990919522197 0.6777587821198698
0.9999999585273758 0.0025963601559977007 -0.002562792509213086 0.04564500275993551 -0.0026001298695021765 1.0000259389215111 -0.0015763341856867587 -0.004011915071906822 0.0025581136274590932 0.0015825007044592955 1.0000001478580647 0.788661052784849
1.0000004151140105 0.0007325067751033291 -0.0026368135317579866 -0.006334835821176689 -0.0007404145131275398 1.0000133386662438 -0.0030348585506138155 -0.004902463273430861 0.0026342751757402433 0.003036517778230579 0.9999956575516218 0.8145773826534283
0.9999984916401222 6.608214246590177e-05 -0.002980154675401799 0.002910142522779243 -7.203453890214232e-05 1.0000198214821765 -0.002037607974465087 0.004735476614993609 0.0029801971035576767 0.0020374518832329174 0.9999985961246223 0.795095249463909
0.9999880222948067 0.005431037426174305 -0.0028888709731304846 0.03094906265097905 -0.005435687011567744 1.0000237838760428 -0.00164006044416517 -0.00046848264741877846 0.0028800559589199463 0.0016549396549763058 0.9999992863036498 0.8265741752476553
0.9999942107661833 0.004226019442526352 -0.00232545330815962 0.007831225750293849 -0.004225292454528153 1.0000160601949188 0.000334913664383574 0.02126480922622115 0.002326248476364929 -0.00032558480522086976 0.9999966318437956 0.8078721105623029
0.9999954340165239 -0.0022207312209446928 -0.0028156726866701708 0.025309971339337337 0.0022201140584756727 1.000008312428053 -0.00021338393256956978 -0.013390365012083566 0.0028160342626818505 0.00020689597453515862 0.9999976107247709 0.8071680449774824
0.9999991143801814 0.0002139715775000675 -0.0031081608272651036 0.016940891426126942 -0.00021690717409093485 1.0000176106072909 -0.0009320301875243751 -0.0067672593045840935 0.0031082823418723746 0.0009324230725159277 0.9999952576013373 0.7647450399722033
0.9999938569171694 0.0043348985219425545 -0.003140834815624501 0.026514764720202554 -0.004336998176767409 1.0000209821823494 -0.000621162999608628 0.004747355206187422 0.003136759680220323 0.0006342085520000711 0.9999984829864649 0.7982205676478292
1.0000032615826244 0.0006752782863000158 -0.003497995179936478 -0.02879794103528501 -0.0006708761152549559 1.0000374607765594 0.0013408707195545274 0.02333987683314756 0.0034977469679730016 -0.0013393132909791227 0.9999945204020694 0.7554381605293008
0.9999944124706757 -0.0020982790737776574 -0.00391789415640065 0.039702902782876345 0.0021016745295571824 1.0000213113047485 0.0009003340565255759 -0.01737069679335601 0.003917497217461902 -0.0009089053166458755 0.9999974309585877 0.834494562465428
0.9999804792121608 0.004459699628260649 -0.004680464377824641 0.006502022687239158 -0.004477356064189982 1.0000001479532794 -0.003737161069096199 0.01955335979587193 0.004665052947549294 0.003757774999815562 0.9999861354972652 0.868367108409197
0.9999916991637081 0.001825735021137985 -0.0047633329120780575 -0.020022092760576957 -0.0018583778902240499 0.9999995975834459 -0.006806948398653612 -0.003961361028778782 0.004750797043279127 0.006815286814090189 0.9999694252296898 0.7551320972418115
0.9999805273549605 0.0009164831020915615 -0.006664224508010539 0.007480328258091268 -0.0009459174746708246 0.9999974800990138 -0.004406797520345655 0.014803604897386434 0.006659455384255958 0.0044128334738999225 0.9999680720700321 0.7964229557619921
