1.000000e+00 -1.822835e-10 5.241111e-10 -5.551115e-17 -1.822835e-10 9.999999e-01 -5.072855e-10 -3.330669e-16 5.241111e-10 -5.072855e-10 9.999999e-01 2.220446e-16
1.0000016135723497 0.001197056941218935 0.0013520329687928075 -0.0007373075506645127 -0.0011914087021035076 1.000002800071071 -0.00401146503572914 -0.010474777010199103 -0.0013565193383281774 0.004009676620272268 0.9999923264071986 0.9749801255194793
1.0000086782737585 -0.0006862325827621466 0.002109228780111283 0.014328121818404623 0.0006962043351158874 1.0000283877815233 -0.004476389839248127 -0.011902324182199862 -0.0021056134846133274 0.004477213917223065 0.9999896001992422 1.9467718290062295
1.000008193094597 -0.0014649908894358717 0.002302829712431007 0.023054840143102197 0.0014692739594210993 1.0000447187422086 -0.001545161722667802 0.001613616312181809 -0.0023001846413866376 0.0015476674324879866 0.9999984122812335 2.918259608271495
1.0000091025243567 -0.004547117527085745 0.0013058928743724268 0.010878230242630234 0.004544541680200096 1.0000706336329863 0.0030099968320431167 0.02826550008165148 -0.001319047950904304 -0.00300547802073346 1.0000004950919696 3.8848745278836274
1.0000067130274768 -0.005853638221443794 -7.094815287714792e-05 0.008884839348884939 0.005855769095370301 1.0000891528779947 0.003443180863160353 0.01888668613265139 5.151655135224636e-05 -0.0034451295540836534 1.0000034640842175 4.8342867202512565
1.0000004773704647 -0.007459213182241659 -0.0006998431018547815 0.01656574878350317 0.007462199049717169 1.0001048140697606 0.001157905638519552 0.0043259294364705846 0.0006923041592728986 -0.0011645409536406466 1.0000080394195452 5.7783207314098215
1.000007070242832 -0.007074686484014208 -0.0018432377107679499 0.008855806145373032 0.007075365388026399 1.0001202356730565 -0.0010108350731390032 -0.014294925413510934 0.0018516632624412748 0.0009965047697090962 1.0000094026804247 6.721362200848175
1.0000080223215686 -0.006849009918749912 -0.00273011990148769 0.005151879509302628 0.006848005367820748 1.000129746674473 -0.0014109417180620538 -0.018311808051893922 0.0027418267239946764 0.0013908461763227722 1.0000043295258108 7.6650362364883655
1.0000079789154426 -0.006826702600813483 -0.0033660252335363685 -0.005017050830611436 0.006828666317161597 1.0001430101932038 -0.00039387180033202744 -0.010394266602954704 0.003370783689392817 0.0003691805707738597 1.0000069160351277 8.619494438699075
1.0000027772095368 -0.007379698611368318 -0.00441255328125216 -0.027096599825837037 0.00738951557319235 1.0001478841914473 0.0014143293724580694 0.004566290266214246 0.004404136385523622 -0.001448906948160652 1.0000043249522292 9.559227390021366
1.0000005075108658 -0.007366554842670836 -0.005015236982964661 -0.02535077211680802 0.0073816301712714616 1.0001563529388382 0.0022401997551694977 0.010221689836802422 0.005000447998710258 -0.0022793466166250854 1.0000007238217279 10.489567657600332
0.9999937111300429 -0.008944941124366381 -0.005582153428045021 -0.02127931687015617 0.008965604229640354 1.000179764305791 0.0028927288953510847 0.008138976226829131 0.005558049480670308 -0.0029450776301408674 1.0000009048348901 11.42461118297973
0.9999915014390668 -0.009291324058497797 -0.006533738087206477 -0.03357537657764206 0.009316643093526143 1.0002124508660593 0.0030517723493097967 0.0070877477656112586 0.006507301044043161 -0.0031150556259302636 0.9999992624737378 12.346082136881629
0.999985870166657 -0.010083667145207914 -0.007100413495177374 -0.04177896743177281 0.010107398131167292 1.0002323223551248 0.0025170000702371053 -0.002845782597767836 0.007077212597248819 -0.0025911474998499486 0.9999970576041408 13.266522065374886
0.9999647638382642 -0.011332272329243631 -0.008058588014466487 -0.046934879258521564 0.011349370280185952 1.0002337112674968 0.0013475483316968244 -0.028552548507788586 0.008044269763468385 -0.0014411709301309994 0.9999957553980608 14.171522167700804
0.9999396220774048 -0.0125873202291145 -0.009800867272117292 -0.0662283907704151 0.012603049902186391 1.0002433412557963 0.0009020273985018447 -0.038503424987242935 0.00978991555902636 -0.001027741128346374 0.9999834460074963 15.073377714165941
0.9999290791719053 -0.012325229240746657 -0.011445506894045814 -0.09229749879847395 0.012340368110028364 1.0002665262345374 0.000635176655976905 -0.041452368089322046 0.01143762978108374 -0.000778685784057726 0.9999689094831256 15.978203010914882
0.9999249633973449 -0.011467099269120843 -0.01273756087352682 -0.12503512713891748 0.011479925027167874 1.000291555099851 0.000317408340193984 -0.051250944785315306 0.012733912184502571 -0.0004659406444108143 0.9999546605475121 16.881862457633133
0.9999124913122253 -0.010494358961776303 -0.014536207029106034 -0.15536971237192887 0.010508737668402943 1.0003118035237857 0.00033123153851526306 -0.04831224937574213 0.014533735684068714 -0.000486394272334698 0.9999289883958999 17.775241895772293
0.9998901156518818 -0.0107218450951724 -0.01605444237478776 -0.1876659187415669 0.010747301358641667 1.0003332306602948 0.000910790543991452 -0.045252103737204875 0.016046194861315873 -0.001086027779922203 0.9999112520001308 18.66756477240824
0.9998758602225781 -0.01036509207618968 -0.017228745282197533 -0.22049548292162433 0.010403875505759927 1.0003475735707172 0.0015739578644199499 -0.03551843312053957 0.017214341633608687 -0.0017560816525110524 0.9998922140031936 19.572598319233553
0.9998608878285533 -0.009900946032648584 -0.01881258282323302 -0.25207242891180615 0.009950189848404902 1.0003728622915913 0.0019365009840575087 -0.03398228824619558 0.018796695491810057 -0.0021267159419303514 0.9998653073866914 20.454505629648327
0.9998232608575023 -0.010394744937518349 -0.020347310622651882 -0.28773766303323994 0.010449031054889504 1.0003791087936766 0.0019948674970190453 -0.04036189727270058 0.020327831361704123 -0.0022104147112354654 0.9998394233522528 21.333292499948172
0.9998027271541625 -0.009878593856329046 -0.021838161755610166 -0.31409112212874873 0.009934373453811199 1.000408612347198 0.0018595426614895804 -0.0476385569499989 0.021821249250319412 -0.002079447978908164 0.999810084548667 22.20671042836235
0.9997763486225346 -0.009662631740521618 -0.02306310771972054 -0.3375187978862027 0.00972762864172633 1.000426794061223 0.0021099683936213923 -0.04448298104595523 0.023043493633752996 -0.002337331139878594 0.999784872783935 23.083402601485986
0.9997647903611288 -0.00920449607203415 -0.02372210614407361 -0.34592457431294776 0.00929435325587741 1.0004310728153991 0.0030793811990049765 -0.018024988315140315 0.023695892988020058 -0.003303001895290571 0.9997660959399309 23.96379904387649
0.9997397048746245 -0.009846300946059827 -0.024550537226638032 -0.35620854229723786 0.009982977695645713 1.000423517901084 0.0048698040915286294 0.01881624691804955 0.024504816894986747 -0.005118162156285516 0.9997414577198284 24.82604123183705
0.9997288068512581 -0.009802779195150576 -0.02512617785175855 -0.3676825413192741 0.009965232379537827 1.0004379535260135 0.0057419820299561795 0.035766960978428894 0.025071910734628985 -0.0059956430862769085 0.9997254871244187 25.671654211673797
0.9997304292108542 -0.009157281427869262 -0.025478378819567504 -0.3803350128351436 0.00931328832277701 1.0004663865462413 0.005369165815851 0.016890282233372713 0.025432539602138857 -0.005609709433519372 0.9997227342665178 26.512397792125796
0.999723627623711 -0.00815180993237442 -0.02620358401673074 -0.3958670735661002 0.008268505083271168 1.000495412615088 0.003688166768797825 -0.031866047910948804 0.026177815699401186 -0.003907871393536632 0.9997121408877475 27.340800236447652
0.9997094850538701 -0.00803477180603675 -0.026781026880929162 -0.41601289258014984 0.008131040355692102 1.000521872903914 0.0027924987194706094 -0.0559182704320973 0.026761962954539472 -0.003013168167636611 0.9997047735335046 28.151047148444334
0.9996975838748283 -0.007485975028267942 -0.027600829305440666 -0.44913373886243113 0.007584884149160594 1.0005526051027749 0.002746380809964253 -0.05369480061432208 0.027584041837512722 -0.0029587088574872323 0.9996841682135631 28.95855527663882
0.9996525677749294 -0.007649552922351604 -0.029134557369273874 -0.49061610826477187 0.0077510185323465385 1.0005670222363074 0.002645654330016496 -0.06698131719671481 0.029117999129471283 -0.002874347082924753 0.9996425327227807 29.754153792763233
0.9996040242211174 -0.007258494654147794 -0.031033576668750805 -0.5536277276997454 0.007359253501277967 1.000592831979483 0.0024124268855591122 -0.0744099157125819 0.031020079065137412 -0.002643625790481265 0.9995895435791915 30.534767931028846
0.9995421623670411 -0.006921556261342368 -0.03308709622747861 -0.6095300040658789 0.007031337419655835 1.0005993984920851 0.0025139981841356624 -0.07778052129701948 0.033073733860595325 -0.002749276159427572 0.9995232685776203 31.321584925795182
0.9994766349143964 -0.006688985914006176 -0.03515789793517397 -0.6765348970446409 0.0068307776923705295 1.0006141789799705 0.003236965607707694 -0.056773764467613945 0.03514022951017494 -0.0034796100346734336 0.9994528578169883 32.083524305921976
0.9994064698850831 -0.006725292560020716 -0.037072894989010986 -0.7194185943072282 0.006924193568645699 1.0006102141952942 0.004594489433433476 -0.016963472968666956 0.03704582881153205 -0.004853243506587131 0.9993766839916081 32.84198677202609
0.9993548537193345 -0.005979293178546044 -0.03864440711077339 -0.7827593166064906 0.0062180762721045476 1.0006153119639547 0.005427331874452173 0.01202405206703967 0.03861588005733404 -0.005669257405776093 0.9993126868669819 33.599438103341896
0.9992731491289333 -0.005225050786066208 -0.04080815424663255 -0.8820158307495071 0.005489528118804473 1.0006206248296468 0.0057605073310631446 0.020062815373075013 0.04078216135644169 -0.005985571549172194 0.9992271906812363 34.32105615708663
0.9992149097614194 -0.002925579000027535 -0.04247004869321184 -0.9607557144498426 0.0031948564573813436 1.0006381689183497 0.005645415073527089 0.018020724768637995 0.04245817578142441 -0.005781752192919208 0.9991600824951115 35.04036685209386
0.9991351062008468 -0.0019355457042781242 -0.044347653542754606 -1.040253007778864 0.002203493368948476 1.00064162696108 0.005379775541203461 0.004953252832687548 0.04434206529796757 -0.005477748915584224 0.9990806282149814 35.751220058332144
0.999075211319055 -0.001358812025601864 -0.04576049779120753 -1.0971902771843691 0.0016662796945989082 1.0006510027464781 0.006067176765267457 0.03061235703191665 0.045757063598641644 -0.0061430032129577246 0.9990122655680713 36.45016091993766
0.9990318082896769 -0.000488769977088017 -0.046692037845014495 -1.1252131588162442 0.0008518461687189961 1.000649622113003 0.00713731935839784 0.06587838080503836 0.04669263172088199 -0.0071758250164823964 0.9989625803774932 37.15063820573871
0.9990218874364537 0.0015466095259680937 -0.04694520573195415 -1.1459754454237012 -0.001157603016265199 1.0006538141926191 0.007665024442964677 0.08882961379024767 0.04696106255474192 -0.007608958972566147 0.9989472240257565 37.82303321226027
0.9990715281897956 0.004255231081092338 -0.04577661687797161 -1.0927446269715082 -0.003927511608063384 1.0006759200667141 0.006525230458496001 0.032533980724440234 0.045807349991007384 -0.006344437628490043 0.9990149558762319 38.50969715735252
0.9991487050665444 0.006088530153380312 -0.043777599213610074 -1.0097158694854282 -0.005883577442684807 1.000683757685758 0.004024037307402885 -0.06758794196966193 0.043804977951089306 -0.003766884461241312 0.9991201146234843 39.18049834597389
0.9992332095776142 0.006612772694624245 -0.04171973938216349 -0.91858154982091 -0.0064559149090958525 1.0006877679032986 0.0030555479386017476 -0.11049163364401644 0.041742813903653204 -0.0027872852810510245 0.9992117506686727 39.846754351882446
0.9993542782412957 0.007365687663116398 -0.0385350124638169 -0.797092141645507 -0.0071972650975077376 1.0006903707329442 0.0035780742463345115 -0.09072216371545497 0.03856424753132131 -0.003302198592793063 0.9993374422865504 40.48435456849355
0.9994489330779848 0.011600299336771062 -0.035027890600547444 -0.6688118446250305 -0.011365768164905816 1.0006582970325215 0.005778259510144534 -0.00025388204301957096 0.03509579306029367 -0.0053818871942246955 0.9994589457057407 41.14401146882816
0.9995080099461608 0.016346749068533284 -0.03135134080026099 -0.5240487577228408 -0.0160328835652644 1.0005957227959383 0.008885131420050294 0.12932130219799218 0.03149487190991687 -0.008384574501617195 0.9995616999658721 41.77521743335234
0.999550936474989 0.020871301066685475 -0.027040003018479114 -0.3510109282610536 -0.02056325272616085 1.0005086586041412 0.009947590414006932 0.1686470616459484 0.0272436921877477 -0.009394185514592994 0.9996784223911727 42.3843849625389
0.9996027312486739 0.024611029088987334 -0.02152690681368296 -0.11458804966687282 -0.02434282428822646 1.0004385353529612 0.010420966094196649 0.18937755763487363 0.02177878474314481 -0.009900108421905127 0.9998115028103535 42.98093360588299
0.9996469340892565 0.027260951142566266 -0.01582282057934213 0.1110375382777268 -0.027024023065809265 1.000380601571657 0.011899283333434903 0.2519759492245959 0.01614060386942985 -0.011475455309701569 0.9999042778099227 43.566402350369316
0.9996008248146504 0.031894554246348315 -0.009179939096406377 0.4201793191870998 -0.03172036689016473 1.000264177867357 0.013006557886667844 0.3063719027437206 0.009586568397548517 -0.012718447465571039 0.9999746205347015 44.12040084911783
0.9995610978957973 0.03449698760125842 -0.00179507319101869 0.7398083861601435 -0.034415282138497115 1.0002054704113439 0.013085889856504626 0.30858991368718713 0.002239282046044025 -0.013026445680484505 1.000016749584791 44.64575103551658
0.9994792993418814 0.03645524232028068 0.005328682888460102 1.0459118406209236 -0.036466925587423586 1.0001345653196552 0.01334784189240943 0.31826862134986833 -0.004843725663998034 -0.013543710821888141 1.0000015326179044 45.140136242298674
0.9992725782366743 0.040205526879174225 0.012862585313213944 1.3822068821476252 -0.04031441990536756 1.0000120528792142 0.013089474869507336 0.3022752852351891 -0.012332665597755513 -0.013606834251658088 0.9999392666416952 45.62424864395487
0.9989590701551233 0.04463170640018744 0.02058114333688963 1.7413412602899412 -0.04480352323797257 0.9998672681395351 0.011051904550547541 0.20705824731186823 -0.02007195928434459 -0.011969533834428997 0.999838317682737 46.11782635853624
0.9987072459489452 0.04596596800630082 0.02859790002812333 2.125222667242318 -0.04617801041130787 0.999848715027106 0.009024548065684788 0.09565005943455243 -0.028162194729543424 -0.010339392161121156 0.9996646863877144 46.56957308540314
0.9984190760605272 0.04647796734607956 0.03677647259899765 2.4967530165469283 -0.04677348124071938 0.9998395270630346 0.00894089060419571 0.09824103435078518 -0.03633685635486312 -0.010653237375619183 0.9993951097720327 46.953919386004635
0.9981376334846515 0.04611505850684897 0.04431375636795497 2.891328907327997 -0.04653030872766245 0.9998801081704785 0.009788077206215351 0.1292262378851022 -0.043835502853761456 -0.011838728588104122 0.9990857941439575 47.344941888506014
0.9977172790950164 0.046939826971510744 0.052282771833041614 3.2263401665575775 -0.04748284367775108 0.9998498078366979 0.010384654904286998 0.1632876601704559 -0.05175805065660442 -0.012851034904987249 0.9986968979165196 47.6857221055588
0.997144329668035 0.04854675497577324 0.06104385941831995 3.609752727939615 -0.04922400165948415 0.9997866062618721 0.010671192373211298 0.1774629822999884 -0.060468097312817944 -0.013653314737422184 0.9982025571861968 48.006454197087486
0.9963622321864168 0.05278654309859244 0.06969278168119411 4.036204674727702 -0.05355535908749246 0.9995728234391584 0.010164551740428955 0.1496314523818386 -0.06907275145842348 -0.013868027624807752 0.9976415768280089 48.30038961579073
0.995536536065256 0.055575568669115685 0.07878673579939997 4.487183235513136 -0.056487874019067644 0.9994256227222067 0.010268307120125254 0.162501836816185 -0.07810513578223541 -0.01468135152723801 0.9969632732690666 48.56042376006257
0.9948021223378837 0.0551528045775356 0.08792806530138791 4.933344099233439 -0.05623775058235817 0.999466954542497 0.010672610924775129 0.17056526261307098 -0.08720144674579448 -0.015569879494641156 0.9962000841566654 48.81768372999618
0.9938429281659646 0.05450114729505502 0.09858364673834488 5.501833590266486 -0.05572307150012733 0.9995196518312419 0.010350498640956093 0.15147138660102138 -0.09786752398189046 -0.015787930191166217 0.9952060767817491 48.96822636633923
0.9926883548755464 0.053070262055160515 0.11034431827691617 6.0789297652198675 -0.054170443985304635 0.9996600938839004 0.007567932009792039 0.014065002932493641 -0.10978003669196851 -0.013495338747781215 0.9940014566823769 49.189238964724744
0.9911101394039487 0.053478024137709024 0.1235451302032523 6.7447535761087405 -0.054473917363389295 0.9996778782664961 0.0052032304950054 -0.10762421083960402 -0.12308110572607622 -0.011890718691612614 0.9924678965714661 49.395873939553276
0.9890199386281655 0.054071583073282664 0.13911662515349282 7.5048736355004575 -0.05513136802622176 0.9996886267744718 0.004217167961208899 -0.14815010873390355 -0.13867268723622003 -0.011843700206791355 0.9904154322755573 49.504493563510685
0.9865218894976681 0.05447069751251696 0.1557284393177633 8.300945838725168 -0.055698245083821124 0.9996653398003951 0.003926260050846789 -0.15955837001647397 -0.15526879992806641 -0.012550881062727528 0.9879402649900398 49.59294324001154
0.983659644057474 0.05454434926925195 0.17295795759032115 9.144941646664245 -0.055985434341832 0.9997068396577279 0.0038102284050282992 -0.1656559816011844 -0.17247868584781734 -0.013435246221271045 0.9850769874447799 49.64697576247374
0.9803723077132738 0.05417819317120276 0.1908210150531462 10.09193493268281 -0.05587190450024833 0.9997271872906563 0.003815122960014278 -0.16743915106171642 -0.19031817757832495 -0.014406719497634361 0.9817739221086731 49.71127161039753
0.9765423212201859 0.05355106106838554 0.2097298317130805 11.107650904278515 -0.05556513379774273 0.9997713971505542 0.003994997117229751 -0.15779658645861142 -0.20919644336042012 -0.015560663459480043 0.9779120022953889 49.78109560528891
0.9719705368986593 0.053615607519488365 0.22998997127918291 12.150025868886658 -0.05595956766589104 0.9997683506017779 0.00392709539791599 -0.15785691380191044 -0.22942487570369852 -0.016693625535703617 0.9733495730530229 49.75090090705549
0.9665580325114923 0.05430736210560622 0.25161542550870813 13.228257710363305 -0.056928133677305544 0.9997228997550321 0.003374703719422987 -0.18196002097529385 -0.251030386255079 -0.017592909031631788 0.9679875134083257 49.64932875201524
0.9602750656682095 0.05451841076845054 0.27462365497151064 14.397924765533636 -0.057470372873247834 0.9997490127852436 0.002915181271880947 -0.20486044997859074 -0.2740180388571744 -0.018589133499992923 0.9617201514383075 49.517469204404875
0.9530184741909552 0.05465304394035797 0.29882311576565007 15.619239594817323 -0.058090414354585014 0.9997279820709138 0.0028164190048902606 -0.2091333874814742 -0.29817168362301727 -0.02005080130591442 0.9544812009716642 49.368263487746844
0.9446018419916288 0.05562147512243661 0.32430276655560547 16.910229181728347 -0.0596180629431487 0.9996704647235054 0.002569896794746276 -0.2179777319130877 -0.3235917977688833 -0.021770738471912267 0.9461325926824803 49.18754079307303
0.9347963687742121 0.05636428946083517 0.3514673083555936 18.299047180369456 -0.06109074843869422 0.9996016717197029 0.0025293413502858373 -0.21926802762924202 -0.35068300469437985 -0.023846429495538703 0.9363812674344695 48.94421562713015
0.9236878410486167 0.056195424437115206 0.379729654090684 19.75787705492392 -0.06171281824189133 0.9995841922514008 0.0025141049331800103 -0.22169694079095068 -0.3788804217882476 -0.025768164098268036 0.9252838869454806 48.609665879618504
0.9107942228964816 0.05496603444507649 0.40987222637031245 21.41134938012876 -0.06149110370916429 0.9996290956159607 0.0028812821052150665 -0.2115092597195294 -0.4089563814543827 -0.027840521105892812 0.9123358271163334 48.181245032761254
0.8956432575966843 0.05268579056000152 0.44229538497485527 23.201697732868414 -0.060195165096983354 0.9997435339852778 0.003068184837609131 -0.2074409059091274 -0.44135108692930086 -0.029385020950618505 0.8970714707327969 47.65624306208158
0.8782568666789332 0.050897707002020655 0.4760825922340013 25.06168104436196 -0.05910371457320908 0.9998333838159009 0.002376103501070135 -0.24041987716352964 -0.4751516706850266 -0.030237694287257116 0.8796119262807583 46.96309809778036
0.8585809843611604 0.050310341524044316 0.5107762080143632 26.944100776957782 -0.05887110754955047 0.9998757856338056 0.0006918876950621361 -0.3271180882342369 -0.509882378173767 -0.030675784763380214 0.8599369300464633 46.230099125338825
0.8365293907590525 0.04980953635480557 0.5461909523800046 28.87766977479967 -0.05894258569937788 0.9998925547986451 -0.000705361291671298 -0.3988534258707838 -0.5453069147196545 -0.03161539895080025 0.8378929046941137 45.271087792860676
0.812002658171826 0.05005132560151259 0.5820119411216473 30.845609720992705 -0.05986131212683063 0.9998585234224655 -0.002273187941494205 -0.4775546616999701 -0.5811142761311745 -0.03300590670402287 0.8134209193022957 44.25178020929188
0.7846496147540264 0.05260260415139516 0.6181858246487997 32.85672728369771 -0.06304801117067202 0.9996786255416421 -0.0048414455852492135 -0.6143585292951712 -0.6172408051911557 -0.0351893581905057 0.7862746243659023 43.16210307742885
0.7549666418868876 0.05592141977965827 0.6538291074289564 34.86300637696247 -0.06691667374669309 0.9994299359381471 -0.008009349077992042 -0.7694848603061625 -0.6528322940592404 -0.03771949958412957 0.7568717709713467 41.91380551868217
0.7221258404051782 0.05563632883723561 0.6899530672087835 36.877881981081465 -0.06834277006368969 0.999348899303418 -0.008861966128136535 -0.8186317698780624 -0.688850263514784 -0.040769961196778025 0.7240893406184149 40.50392370873749
0.6859674959006977 0.05294022727542727 0.7261150157822077 38.97067676427449 -0.06899785495433815 0.9993445791144123 -0.007502281451258772 -0.7394220476785295 -0.7248102073489555 -0.044973134880098686 0.6878448351522629 38.98218721875238
0.647147793709825 0.050947700118631326 0.7610526303402342 41.000531148945996 -0.06994126603820476 0.9993077939503701 -0.00726140415385882 -0.7270034780620985 -0.7595922036400777 -0.04855108671202735 0.6489890077895146 37.27448886856361
0.6052131918489108 0.04910820335807904 0.7949222190962496 42.991702990461704 -0.07063535975774414 0.9992788018247049 -0.0078029096470435926 -0.7467275823524193 -0.7933515724774527 -0.051449824168978316 0.6070313814958443 35.43355846907449
0.5595619718852368 0.04688338793761502 0.8278186881610989 44.99829274991376 -0.0710164061863661 0.9992671207017101 -0.008449148979221874 -0.7838300062761966 -0.826155438819057 -0.054084652053618246 0.5613399615754351 33.30266581273918
0.5120358738774022 0.04385562177017033 0.8581858330777952 46.866320431280435 -0.07151191573586047 0.9992618675643121 -0.008269183662874617 -0.7675958311855311 -0.8563871491592406 -0.05716159124103552 0.5137271951562631 31.151654613424057
0.4753145196424757 0.04224575142853779 0.8791363550236161 48.130759438941304 -0.07393297661499885 0.9991110939995165 -0.007916442015759952 -0.736494655826415 -0.8771033980868546 -0.06126270039423576 0.47700639898281727 29.468672328777227
0.426223455560054 0.042307583957778096 0.9039502305251117 49.750576788573596 -0.07891304888126315 0.9987401472347169 -0.00941363581461679 -0.8026311090566449 -0.9015615358356822 -0.06735503356487343 0.4281008864657534 27.16828875711538
0.376633785778857 0.04423907176942065 0.925616254188613 51.19187995155996 -0.08316452209449975 0.9983626106669465 -0.013746845746546986 -1.0132880965120814 -0.923006394705135 -0.07183850020628095 0.3788615893363803 24.909567675702142
0.3278652998385842 0.04193498284949793 0.9440955607897547 52.444739520668556 -0.08358003119621502 0.9983278107616329 -0.015195558664306568 -1.080078896509263 -0.941399409957057 -0.07396354511895145 0.33007715353670564 22.675033627671205
0.2811833643045017 0.03211310715960154 0.9594142038250117 53.576551138383955 -0.08289938905623295 0.9984869513002093 -0.009034823478406263 -0.7474120168628728 -0.9564440653813977 -0.07703385706120336 0.2827627441268765 20.533364743530285
0.23720281662550996 0.018664389551660446 0.9715750101090477 54.542379042356444 -0.08299075189523851 0.9985482194501379 0.001124377159023655 -0.15302277567723474 -0.968285194272181 -0.08094042318275288 0.23783482593276292 18.5161095867061
0.19503515347098865 0.009409879557008324 0.9810430470934106 55.3755233594825 -0.08241849706926331 0.9986015622466142 0.006822920358949142 0.1536296130906202 -0.9777030651587966 -0.08222783944104459 0.19504767982657648 16.661164494612347
0.1566321443784249 0.005816859228347485 0.9879317894507311 56.04722719979474 -0.08012228919378658 0.9988151926744258 0.006829033334536888 0.17805902112567862 -0.9847771047088595 -0.08026082867502728 0.15649973401314868 15.005390204190546
0.12369202005394735 -0.0017749254548288344 0.99261351214273 56.54441140225497 -0.07876912407405937 0.9989098789889019 0.011584705350833236 0.42804062486607986 -0.9895650928847699 -0.07965262194760046 0.12307261192208942 13.65825125477795
0.09459268086385365 -0.009309413925923288 0.9957724226220004 56.9839644440995 -0.07870186506619548 0.9988761692413464 0.016773155095295634 0.7260452277905143 -0.9927778304896748 -0.07998591553802675 0.09347047302004292 12.547315428463655
0.06970989056571703 -0.015134924840243834 0.9977549383023746 57.28580811226837 -0.07945028651078542 0.9987582793615897 0.02064076900766267 0.9629149369288011 -0.994777248290783 -0.08074098733262432 0.06819388064641181 11.672046603361167
0.049716149494008634 -0.020619111304795892 0.9988587411446777 57.50742000261001 -0.07983890343545515 0.9986651423964577 0.024510601063920227 1.190675122150169 -0.9959487446403409 -0.0809951128709692 0.04782189613464608 11.100039872269075
0.03336526032356898 -0.021942475604596067 0.9995170038579222 57.72298159705186 -0.0787861274703587 0.9987807508667256 0.024475042624811177 1.1768798586243598 -0.9967184384897413 -0.07958925810998518 0.03144964619209235 10.768246921170196
0.019810340409107143 -0.023092636576010205 0.9998540087391485 57.90503919839804 -0.07853809805601682 0.9988118294578695 0.02454061724846056 1.1925415931179082 -0.9970982890751287 -0.07903558643764844 0.01785965676480547 10.543552286529629
0.00790456723998945 -0.023881944940899288 1.0000047742856495 58.010155738308605 -0.07803293336192418 0.9988648256785463 0.024385837032369975 1.195855949171802 -0.997303622218813 -0.07824686087773418 0.0059462546719616345 10.466116508693196
-0.0011805528174616627 -0.028149483869959552 0.9999261573843277 58.11957221259377 -0.07551595735900599 0.9989699822647685 0.027932759942743905 1.3663523711975774 -0.9975298662917688 -0.07549393245573718 -0.0033681434788642712 10.560430430096874
-0.00785004250140826 -0.03165805932091334 0.9997982154367117 58.185307037719916 -0.07412941642384631 0.9990119735264451 0.030938056875285884 1.5148981437023985 -0.9976039726738725 -0.07388386499011353 -0.010235159655418123 10.828914305633534
-0.012887676673964489 -0.03195570391253586 0.9997414521696212 58.26984626553049 -0.07414812970498154 0.9990250558509796 0.030863340252997227 1.5274466917048688 -0.9975511060344401 -0.07374244083471834 -0.015277771086191778 11.145812829648474
-0.016786231199562334 -0.0301897570602369 0.9997473248423947 58.268808459243246 -0.07613491755920468 0.9989694431212711 0.028781653331838682 1.4363912800947425 -0.9973463678987274 -0.07564469496339779 -0.01908899450337766 11.584656695583226
-0.019515976660429996 -0.028831715904374482 0.9997433543411558 58.29180799984257 -0.08227228211684201 0.9985438140812228 0.02709013364402561 1.4401001859273463 -0.9968099848821603 -0.08174297751580259 -0.021872862916245177 12.075217836175776
-0.020862635693864266 -0.029452530920032943 0.9997067827605739 58.30145137855551 -0.0877306823733132 0.998094000833819 0.02747082100938139 1.5394243993431955 -0.9963189237894212 -0.08715855928592643 -0.023414213767906082 12.6829051641127
-0.021473182741522944 -0.03143180690877791 0.9996432688548125 58.33773972133592 -0.08970553278096069 0.9979034313966965 0.029339095395119787 1.672830224117076 -0.9961356397074578 -0.08907000866398229 -0.024252630385004744 13.343963912615825
-0.021469264084050414 -0.034787471011192964 0.999542991678111 58.340920528001334 -0.08821455391965499 0.9979602652862667 0.0327133776422514 1.835173446492455 -0.9962713877081912 -0.0874929624949244 -0.024496509883105085 14.041639309945664
-0.020443199031750924 -0.035600802200946 0.9995403907989944 58.32155936743647 -0.08165642368163745 0.9985100736051161 0.03376685229628152 1.8011597030056534 -0.9968551405191215 -0.08093705043498518 -0.023323895471765693 14.818377118073137
-0.01841054624059987 -0.03475118574550256 0.9996147255987785 58.29470559452888 -0.07441831991201361 0.9991234067335113 0.03324007001725338 1.6445653987200521 -0.9974658198552913 -0.07377248435057657 -0.020990289182342685 15.677266042433077
-0.016373929034977395 -0.03555804881229294 0.9996279286807985 58.24935277877023 -0.07332324831928345 0.9991923129651505 0.03421462705090148 1.7026533552720384 -0.9975818090760429 -0.07272715375102269 -0.018981690022833553 16.530885110877964
-0.014219132741128878 -0.03557456131454634 0.9996690550034063 58.233692923799666 -0.07718393406550643 0.998921923615416 0.03432277111886152 1.7878129195189876 -0.9973253148111769 -0.07666647060825928 -0.016967130465767484 17.413997037370553
-0.011625436738553156 -0.03566913043261564 0.999707738796139 58.17769866493483 -0.08309629383343503 0.9984604200026839 0.03453008522334364 1.9211388063322905 -0.9968860409603113 -0.08267494701342651 -0.014595082244853109 18.304696547535187
-0.009267238080813912 -0.033612619131999984 0.9998049424845061 58.106813510036545 -0.08457401257290596 0.9984079063631588 0.03266180125995164 1.8478966800398173 -0.9967858809243303 -0.0842610481628872 -0.012125201193111253 19.212211619656607
-0.005642060244849678 -0.03957849253231902 0.999618808254408 58.034954184917616 -0.0802948459208365 0.9985620073175886 0.03893804626042197 2.1087572406921473 -0.9971731874405333 -0.08004184500721248 -0.008849821297398286 20.14328439990684
-0.0025463467088007894 -0.04124314117362699 0.9995677286190419 57.97906060614126 -0.07543668983799735 0.9988800898920909 0.04087002225474502 2.107699392491888 -0.9975679417014568 -0.07528799228011566 -0.005700523499818291 21.044196904005155
-0.00045330162433173445 -0.035366756817154725 0.9998010644832414 57.93698812664 -0.074571571261128 0.9991840407429058 0.0351837273939021 1.7759145788736603 -0.997641314742422 -0.07452613279926935 -0.0031425362079478447 21.944623864176098
0.002684242960641996 -0.029975947644625828 0.9999772768235593 57.85441351406026 -0.07741010174340522 0.9991428875256859 0.030054038109843216 1.5568867040336412 -0.9974226174441796 -0.07747891292347525 0.0003002040681209202 22.888319866988624
0.007389344873903403 -0.03444817792038032 0.9998122947183298 57.75924852829613 -0.08106861926141998 0.9987162657998423 0.03488462361956009 1.923255067577792 -0.9971069878486695 -0.08130594673640827 0.004514623278346698 23.903465227818135
0.010632893872503622 -0.03925117027049884 0.9996082729264617 57.69153241768731 -0.08003470528644359 0.9986190940717204 0.03991736809589927 2.1824331342038055 -0.9971609903704607 -0.08042021243458425 0.007396747326279785 24.82563171793178
0.013480314846100143 -0.03875708240602066 0.9996016153810712 57.61478181466334 -0.07641460295027307 0.9989469657474224 0.03961800581796143 2.061027325670584 -0.9974134114366862 -0.07690189697621073 0.010416085140613745 25.730283172208047
0.016739617592092023 -0.0347137180973391 0.9997063070464708 57.51654036145376 -0.07512070429624117 0.9992131979781784 0.03582793547496985 1.82868015556769 -0.9974628767143376 -0.07567795437327418 0.014020181976380209 26.68948937495951
0.020235875431547742 -0.03392499421206449 0.9996707672181788 57.39628265041037 -0.07615116901208097 0.9991668536085316 0.03532577985439297 1.824243714744364 -0.9973210191047426 -0.07682165806254967 0.017527489918060562 27.650095777117546
0.023995742012660803 -0.0374925685896598 0.9994658281868516 57.294370301244484 -0.0775025905575261 0.998939848371058 0.039193343155618884 2.086461173482742 -0.9971332686624315 -0.07838341965251396 0.02094656546234188 28.624719870326466
0.027989650690279075 -0.04188937278569924 0.9991987600124987 57.16224291906455 -0.07757722733870515 0.9987757194400524 0.043884315076992905 2.354705932183317 -0.9970274907281358 -0.07872283836005832 0.024576578831801556 29.60734059799584
0.031132894136903247 -0.04381910482675067 0.9990311922950219 57.06190580778514 -0.07664632903175965 0.9987735828814951 0.046026832114362565 2.444276034620169 -0.9970080460899332 -0.07798124282658062 0.027597697300473015 30.547582699725602
0.03374983552932367 -0.04339861793783423 0.9989724329428928 57.008052831421246 -0.07672468574873352 0.9987975144227199 0.04581533070311318 2.4328499876195417 -0.9969183758310245 -0.07816682229505921 0.030232549416562927 31.435311012296328
0.03651241444837379 -0.04394670611551409 0.9988609030663835 56.93378378168219 -0.07740761504103354 0.9987368575689621 0.0466004002905869 2.5035361901599154 -0.9967686574554777 -0.07899464294845188 0.032907393103004084 32.30576943250534
0.03995475659306872 -0.0468492538663295 0.9986093347838324 56.81999257589611 -0.07814477229994383 0.9985606646699228 0.049789325723241476 2.707379874237958 -0.9965839250924948 -0.07999806466531909 0.03606812217086912 33.25555859918248
0.04287075979979121 -0.04513843653993125 0.9985722892745558 56.70509595403361 -0.07784561375475178 0.9986838562193382 0.04830942621410495 2.62234082154884 -0.9964908261542744 -0.07977587218507926 0.039123978259143675 34.13812199183463
0.04563480400934209 -0.041989848580541354 0.9985940469631874 56.61092966076217 -0.07734182848878686 0.9988819110850227 0.045375069786786765 2.44004591113086 -0.9964084186617502 -0.0792711782870312 0.04214946844788182 35.09782058909632
0.04821289516526488 -0.04330658838694382 0.9984223458312029 56.523259929392175 -0.07733731263105337 0.9988315371768153 0.04689104851946238 2.5228430298718743 -0.9962893931900256 -0.07944214175398823 0.04461157670478497 35.99530607334587
0.05070802735373496 -0.04163740455308331 0.9983818091912812 56.388846376473325 -0.07783894673916054 0.9989010976287223 0.045452871129425816 2.465692953990712 -0.9961308346192868 -0.07998135805444027 0.04720415462555192 36.84658098396768
0.05242055739481274 -0.04027669316838994 0.9983541103711335 56.3222786562346 -0.07772607564150927 0.9989905655999436 0.044230497003688696 2.392771855060582 -0.9960541734724424 -0.07987814361553253 0.04902324108226 37.723518598878265
0.055741191055615084 -0.038948944420227116 0.9982343220654321 56.16239359986462 -0.07792273511224854 0.9990547366313438 0.0431852805669752 2.346164965957539 -0.9958632971472472 -0.0801517971165034 0.052428019411772234 38.63575301503999
0.058701589881283836 -0.036543749306559875 0.9981609943846004 56.05475543778773 -0.07696227079995914 0.9992418843704906 0.0409740968461388 2.1845315349517023 -0.9957686117589015 -0.0791816352958151 0.05560792637986678 39.60830855611811
0.06155225093570151 -0.03601589728312501 0.9980100675659752 55.92476641760181 -0.0744705177416902 0.9994603636261469 0.04052806909886747 2.0639386777109587 -0.9957873848194507 -0.07676679689657388 0.058591461312277576 40.543394205277544
0.06485452306644095 -0.035906837845212716 0.9978108208926387 55.76374857550449 -0.07297848482064126 0.999598672063945 0.04058145711970408 2.020542164964919 -0.9956935385396996 -0.07539563769323465 0.061950893405552064 41.50085584486704
0.06759397865419287 -0.03046723724970068 0.9978153795481278 55.657409673794525 -0.07203515105467045 0.9998947585915251 0.03530452137503865 1.678500076939746 -0.9955816677977788 -0.07420472589220065 0.06512330144032262 42.46829504226459
0.06987479959963225 -0.02612965990968076 0.9977877080843238 55.53265463600161 -0.07252855619746174 1.0000182835468043 0.031182839183539635 1.4790498836370216 -0.9953901880945363 -0.07448642797318934 0.06770193788810396 43.40576339367361
0.0734080870521406 -0.027708021223439946 0.9974986038073786 55.376038991890574 -0.0722884034603962 1.000000775985182 0.03300403096075268 1.5653005297281046 -0.9951549605731227 -0.07446776205053131 0.07111306184575572 44.40421968447991
0.0771215339385376 -0.027267293500729983 0.9972356732354597 55.195756380965385 -0.07159869709382148 1.000080675221303 0.03279029558503366 1.5203052177848568 -0.9949275062177679 -0.07386410869159447 0.07487053823382536 45.39872729505421
0.08058880601488504 -0.02290273478087007 0.9970776437415338 55.0269766197902 -0.07144583244798634 1.0002508135445984 0.02868011785328513 1.2798340875045249 -0.9946658717700972 -0.07347965025074492 0.07865326206673269 46.417695495727536
0.08453671460424884 -0.022462832245535982 0.9967705495298222 54.82549692318673 -0.07265134417042934 1.0001971587630543 0.028632660227878342 1.3486254032320957 -0.9942546605747203 -0.07476895834602523 0.08258607595300284 47.4324126776705
0.0889500399354695 -0.02390321665779509 0.9963581150568327 54.62421646728157 -0.07319077873716147 1.0001275309782867 0.03044992864135477 1.4653576911348396 -0.9938331303349 -0.07556441443157136 0.08686133517219034 48.52057683112986
0.09352168324303324 -0.019380549317863326 0.9960430021579043 54.36982747717638 -0.06992282831906788 1.0005099167817177 0.025978038345675858 1.07931046547948 -0.9936524379582347 -0.07199782313357705 0.09184737981027673 49.60988209523422
0.09903464290981512 -0.017393077649092897 0.9955524304701795 54.06408558372991 -0.06286806444922513 1.001060818358749 0.0236980814494202 0.623528115141617 -0.9935921001124081 -0.06483995655602687 0.09765679912629123 50.71018908367804
0.10610254027825142 -0.01618002833046586 0.994851315706975 53.69250379978081 -0.05819870460169855 1.0013950467402277 0.022453203521545704 0.3507996804372004 -0.9931488820861392 -0.060174025737230935 0.10489409763987088 51.892829120833376
0.11323095034559688 -0.011340073610038378 0.9941400659127309 53.29030724470475 -0.056625639304112615 1.0015982113003854 0.01785913684275289 0.014636452080524562 -0.9924543375741021 -0.05820282715104476 0.11232648832345057 53.11855411617887
0.12038528410280724 -0.009596965273068763 0.9933229823633934 52.871850534920846 -0.05838978504307082 1.0015266368199078 0.01674487723833849 0.03993415451150792 -0.9915099279312909 -0.05990531634250412 0.11953886462487877 54.3335819811034
0.12774796645780995 -0.009308116799874028 0.9924100702898402 52.45399634618306 -0.05960484726992393 1.0014583313736083 0.017057498996490963 0.11297548465737307 -0.9905167605813167 -0.06122318735687969 0.1268843822445764 55.552567917864636
0.1347997150085037 -0.00884675401018006 0.9914837690650304 52.06396018811962 -0.061819875436237307 1.0013231600106878 0.017332075686043384 0.2420447583750373 -0.9894444609871952 -0.06352585942629883 0.13391276236461472 56.77438236778834
0.14204878427052328 -0.007326193964667985 0.99048999203784 51.62368910426856 -0.06768124880098872 1.0009596929740587 0.017109068774110545 0.5199988323701646 -0.9880455368716622 -0.06937585826029789 0.14114307065615694 57.986840449860225
0.14912437927976904 -0.004990375374884814 0.9894711097620934 51.176761109254045 -0.07457664042652642 1.0005027949600955 0.016295715907273196 0.8331549424892712 -0.9865085238733149 -0.0761430573793487 0.14825422302150862 59.18938417124929
0.1562242326422578 -0.005197753437283452 0.9883771594640827 50.73902940763541 -0.07789917024884334 1.0002446190100625 0.017580336299535926 1.0712801731919515 -0.9851553213424822 -0.07966839361014008 0.1552601582907106 60.36847494420493
