1.000000e+00 -1.822835e-10 5.241111e-10 -5.551115e-17 -1.822835e-10 9.999999e-01 -5.072855e-10 -3.330669e-16 5.241111e-10 -5.072855e-10 9.999999e-01 2.220446e-16
1.0000098815374265 0.0014428279024728693 0.0014358756581290865 0.003899392013167624 -0.0014361033853114698 1.0000456939451179 -0.004019277879972544 -0.008753652404646293 -0.001440772028805424 0.004016468074816196 0.9999968098538223 0.9831675848909772
1.000013942558544 -0.00011070936490111421 0.001975168136892816 0.01728329316825613 0.00012141543775037088 1.000051043957451 -0.004936973603217365 -0.014060331872912987 -0.0019730785861019062 0.0049363993338730795 0.9999917043110127 1.9724577596141613
1.0000177971604536 -0.00010164999385004676 0.0019730914767961422 0.02606877418129692 0.00010684099380233348 1.0000771343117956 -0.0019902681107674763 -0.0010894103841691963 -0.0019713134840114196 0.0019892637716523447 1.000005762822759 2.958396082450358
1.0000194615548923 -0.002670396369719035 0.0009058992740335508 0.027331190469563994 0.002669811790895398 1.0000909228727082 0.002208660586504184 0.023676402581761152 -0.0009102759559503425 -0.0022079103092800356 1.000009094443273 3.927724521089474
1.0000166535749495 -0.0038357789746266023 -0.0005561958867861498 0.01999533225262912 0.003838651880321115 1.000094226228958 0.0025182458274932277 0.011967781818199191 0.0005478698516915369 -0.0025220915223236836 1.0000085026674133 4.858632564923028
1.0000218198397202 -0.0047970041298236975 -0.0011237676800785587 0.03283100491753067 0.004798398630758368 1.0001149831977065 -0.0002261139694570388 -0.008595235713095985 0.001127116966194598 0.0002191229783463131 1.0000146954786762 5.821741939651435
1.0000242291616852 -0.004315218007521089 -0.0021076673377522287 0.033599449635038185 0.00431086724187659 1.000124223876818 -0.0029926202620325984 -0.0356139289768979 0.0021229238036214845 0.0029820913121824002 1.0000080790548753 6.78705524459633
1.000019621949592 -0.0043705375625701995 -0.003417766919233342 0.0197165300611942 0.004359834394528145 1.0001231626300908 -0.0037263207434387845 -0.0420546701613766 0.0034361529721786944 0.0037100366736158687 1.0000022550468144 7.73824525842918
1.0000314604514042 -0.0038122333672027837 -0.003293311298377561 0.033950370391721996 0.0038061636004768284 1.0001459418748417 -0.00255669631804393 -0.030085233667071998 0.003305620213354992 0.002542354971951459 1.0000052386070524 8.705764571950489
1.0000375965607562 -0.004320830565656423 -0.003648399865624928 0.04334516357873197 0.004322577139470924 1.0001803685951507 -0.00032163393174971014 -0.012692648183805742 0.0036532490619652505 0.0003033566658821197 1.0000112375313226 9.68168661447409
1.000040304110435 -0.004503970319054927 -0.003897230001265002 0.049182171426300214 0.004509907916460389 1.000197320775294 0.0007039127720462353 -0.0015042636040440273 0.003897660129177411 -0.0007242978773704321 1.000012435686448 10.630321905752243
1.0000298669445413 -0.006380619417433705 -0.00425029922637909 0.05445868636225269 0.0063907376224300256 1.0002015583212878 0.0016073417106786526 0.0029562082444964076 0.004243557212678676 -0.0016375212870593263 1.000010842909478 11.55610795964676
1.0000152322846712 -0.007970280355480894 -0.0055045091568253395 0.030091876038396848 0.007984108633238125 1.0002030047529467 0.001895974032262771 -0.002654945420604034 0.0054927810008707926 -0.001943022088559319 1.000005584008993 12.454910754891646
1.0000009778167593 -0.009861116932633099 -0.0057733911554433085 0.01473842921197194 0.009870596906728124 1.0002038602458947 0.0010301472255965175 -0.021917685961329293 0.005765680209344694 -0.0010901246932321475 1.00000883020776 13.404350011736078
0.999990061704294 -0.010808360278203685 -0.006309725706686673 0.01847330634025333 0.01080687895013657 1.000206624534519 -0.0008513913120694543 -0.06089053613179736 0.006321382768982687 0.0007804259797585076 1.0000096487294547 14.35970438342087
0.9999681354684892 -0.012400135703819025 -0.007691321171302601 -0.003910557130644683 0.012391287380590943 1.0002120660484606 -0.0017480025977582249 -0.0790285435222915 0.007714976162379979 0.0016498062914402831 1.0000032851644032 15.2892819669225
0.9999540151772479 -0.012312169597535288 -0.009444003678034218 -0.04748316984570396 0.01229741906922597 1.0002297421697508 -0.002152619105464421 -0.08721013372270578 0.009471384858072243 0.0020335207343412137 0.9999925064679032 16.193627674515852
0.9999576015266273 -0.011129888298512075 -0.0109729666109684 -0.0802301759366351 0.011106210480928597 1.0002582129100863 -0.0027505247580950323 -0.09660559781884506 0.011006053912856115 0.0026255681847684328 0.9999735870906069 17.10793732120368
0.9999494708800454 -0.010172577528754846 -0.012859385550067997 -0.12698526249610068 0.010146913494389051 1.0002860971874914 -0.0025820501976825732 -0.092786268872701 0.01288768330094146 0.0024482940112725586 0.9999557358767823 17.96020557827816
0.9999314396968684 -0.010538207646579993 -0.01418391544187756 -0.1575130387740562 0.010520851912857522 1.0002944100955202 -0.001795336791829211 -0.08289346122746621 0.014205161783495842 0.0016425771446746283 0.9999437250394692 18.842235860883356
0.9999210552627276 -0.010309824422640015 -0.015030112387007723 -0.1782227136699029 0.010307132520344117 1.0003034057232514 -0.0007519444365442335 -0.06717414831503177 0.015040020020760356 0.0005933076626907346 0.9999332941209413 19.738129076270614
0.9999119512815232 -0.009781153469486763 -0.01618926868281984 -0.20438546310033884 0.009789025804792075 1.0003255112545868 -0.00011106090321820303 -0.057055571754189155 0.016193163913270067 -5.133133777159059e-05 0.9999176319632492 20.602182349838156
0.9998803881082389 -0.010505908746728807 -0.017725556773542185 -0.2387871056022166 0.010515249973985123 1.0003276450726444 -5.567428170674638e-05 -0.0660656530635084 0.017728524333447244 -0.00013466346144634135 0.9998946133831335 21.46798489090371
0.999858432923501 -0.010017527950590084 -0.019224880244688734 -0.27248747306352744 0.01002312396381195 1.0003410699780348 -0.00028909985537187984 -0.07839918222747486 0.01922982338322467 9.248240704068508e-05 0.9998701920588104 22.32691199195673
0.9998397052125065 -0.010094776161870173 -0.02028717099002131 -0.30186787909332324 0.010108512899324445 1.0003499725933598 9.650065834205326e-05 -0.07063299496533086 0.020287979194930483 -0.0003055991601771498 0.9998505456067325 23.19553942255808
0.9998460557168078 -0.009374577505706617 -0.020414088673049977 -0.28846084368324115 0.009416803599704282 1.0003652576567337 0.001464044831426028 -0.034548141671949854 0.020401663136087277 -0.0016604995680674023 0.9998493206388771 24.081851368741926
0.9998353175052329 -0.009819358383577073 -0.020649366331355286 -0.27014060738627405 0.009904097414188939 1.0003602456397258 0.0034905133368454116 0.006686660167770054 0.020615741004579594 -0.0036994962453411355 0.99984368394797 24.966156005004002
0.9998356788007653 -0.009776114689526905 -0.020828600448935128 -0.25660234260699916 0.009883235869278983 1.0003624374607172 0.004524822306862655 0.026425210354651264 0.020785551905258208 -0.0047352504252052815 0.9998368772449949 25.82367856630444
0.9998316313280263 -0.008897053842044339 -0.021409540069360893 -0.284567070715912 0.008993413371999994 1.000376093900866 0.0038847129785459272 0.0003360795073542606 0.02137606666655095 -0.004081743460450665 0.9998270431727874 26.665979623311046
0.9998380502174381 -0.0076108151946107615 -0.02190954479246937 -0.28413146267970973 0.0076643210974628685 1.0004130427434716 0.0017869845339591633 -0.061260631006251884 0.021898596614283103 -0.001959219209405302 0.9998237445090249 27.526165539750256
0.9998316954511803 -0.0074096649954386124 -0.02244015415416971 -0.2968827529308275 0.007434672168872629 1.0004526199988115 0.0003851571514440761 -0.10168081376927687 0.022439406192376336 -0.0005562528481997212 0.9998159294357308 28.370109996500503
0.9998242886154873 -0.006482167606257652 -0.02317163743369396 -0.32863365266148337 0.006509906509982527 1.0004656246387014 0.0004677413039132547 -0.09715194518655876 0.023171814939411926 -0.0006229355540495115 0.9997979859858552 29.15547746558869
0.999793664672526 -0.006589695422324036 -0.02438657457497658 -0.3719683058394528 0.006613074739059027 1.0004669149224068 0.00025130639758488154 -0.11163331247917244 0.024388111353145097 -0.00041687313353731066 0.9997687188063651 29.947123315618384
0.9997523397749725 -0.006072070908872661 -0.026211237308939678 -0.428979138752483 0.006087751986494566 1.0004816766845892 -9.828838846824748e-05 -0.12371163621876444 0.026215224303250823 -6.55778619203337e-05 0.9997242969641829 30.71957053541082
0.9997126143822767 -0.005656997797172563 -0.027958157938411554 -0.48153475410933333 0.005677050520708687 1.0005121893912163 -1.1442628092306565e-05 -0.12726846748112225 0.027961727802261464 -0.0001517857786954179 0.9996850173541101 31.479546301507124
0.9996709757156492 -0.005089853335241891 -0.029693730468059478 -0.535853177097238 0.005139870966840458 1.0005322983210587 0.0009529797392673372 -0.09802476360669962 0.0296925511575032 -0.0011102700603453544 0.9996373475756897 32.235898118791205
0.9996223479069449 -0.005229102847669346 -0.031416650219136456 -0.5598832748930905 0.005334716120341066 1.0005521500236463 0.0026091286173586157 -0.045564289437592484 0.03140663761475057 -0.0027814066618175206 0.9995854758044067 33.008932550023154
0.9995904737974155 -0.004265951059066778 -0.03255492786387391 -0.5959096357926962 0.004412510379389919 1.0005558273370936 0.0037653284823439114 -0.00626717564918754 0.03254264357650257 -0.003913500910912598 0.9995442318579523 33.78173962526549
0.9995210960446903 -0.003324752435207478 -0.03475798044715609 -0.7049111467412948 0.003496962658497847 1.0005672544750812 0.004241551237773122 0.00946787786839293 0.03474783824963359 -0.004367261524756333 0.9994721324318931 34.48193580680748
0.999472014635717 -0.0003921269147693618 -0.03631168759623835 -0.7703526564400301 0.0005639961358994292 1.0005848222418996 0.004042411568557362 0.0002774426149794409 0.03631431270362754 -0.004066800505970057 0.9994168200472644 35.17575157817589
0.9993996203547572 0.0009962599687061387 -0.038174954748294604 -0.8621099874370429 -0.0008266295249719826 1.0005838594149112 0.0037877282085793398 -0.012154886105920998 0.038182733331405753 -0.003759762125042577 0.9993492430820229 35.85252883524436
0.9993480478649962 0.001963077384556069 -0.03946877313866313 -0.9060926250827254 -0.001752225727756205 1.0005879034917011 0.004700815467712072 0.017511953251023307 0.039481875244136364 -0.0046347850900364685 0.9992985327338535 36.552487560046984
0.9993179482538876 0.003202632451112282 -0.04031298996141692 -0.9241490172827639 -0.0029360589021269826 1.0006074033737296 0.005961538142977986 0.06087642803827799 0.04033569275083079 -0.005845695152694287 0.9992623893219116 37.286965662578964
0.9992936071343547 0.005506451606390697 -0.040647286028512114 -0.9817543365100961 -0.005211910995527982 1.0005975879548847 0.006610799659641343 0.09455359762284239 0.04068667233500626 -0.006401076051729371 0.9992466443020882 37.947941041740954
0.9993130217689307 0.008818420705819213 -0.03962790575475845 -0.9437257764060607 -0.008583117465027209 1.0005889023709016 0.005296625181179297 0.031926292197353594 0.03967690671873149 -0.004959056854439598 0.9992978147173075 38.65521271134166
0.9993586038830536 0.011067768141653452 -0.03782045873495007 -0.858255000566016 -0.010946959416955464 1.0005737391270269 0.002529945001460813 -0.07734256819368292 0.03785031922880583 -0.0021194220296745867 0.9993765899737296 39.377920220653124
0.9994194518275786 0.011952618015824664 -0.03584095737802247 -0.7865947780562809 -0.011891805791188648 1.0005580650046209 0.0009842016761415658 -0.1413706240784946 0.03585442936295392 -0.0005619608533700978 0.9994503017481455 40.04144003678455
0.9995194028995632 0.013018131876235295 -0.03246003526467149 -0.6730388107978227 -0.012943780974494088 1.00054477588681 0.0014605855937845208 -0.11814566524173915 0.032480605942309566 -0.0010445575204471405 0.9995643074106287 40.696199013263495
0.9995687235863322 0.017099752606011577 -0.028953780471860584 -0.5569949111721966 -0.016969323267153138 1.0004908021463355 0.0034981161690641155 -0.027813329559037203 0.029013061964483517 -0.003011024077767861 0.9996687209239168 41.39267786362644
0.9995810609148585 0.021816190866364545 -0.025206831468253844 -0.3862994200644964 -0.021616947358186003 1.0003962027895525 0.006619218482337506 0.10197140959144013 0.025348088772281636 -0.006078613661743961 0.9997548658024848 42.06427690382225
0.9995771814072615 0.02624588924571904 -0.020655458054893456 -0.18942804351252882 -0.026052538476803097 1.000287089130224 0.0076025425606441365 0.13755461094096946 0.020850706825922223 -0.007068801353357493 0.9998535075863673 42.669484246685236
0.9995654049374068 0.03031365871079849 -0.01473391444856563 0.06087616213094088 -0.030153950558223754 1.0001713735961015 0.00805786222923258 0.15551851055851157 0.014975238392579512 -0.007618056769763486 0.9999564470231483 43.239676631910974
0.9995437054007393 0.03322207582452047 -0.009353023057699585 0.2641505285953776 -0.03308771114747608 1.0000843574689513 0.009565632539525899 0.218864455896602 0.009667384759875006 -0.009260361275138776 1.00000518566792 43.845358445581475
0.9994273356645802 0.037801199513481015 -0.002910109367357745 0.5593463999374498 -0.03772114701763024 0.999927349031994 0.01059143963500815 0.2715691868572799 0.003309001952679801 -0.010484614003000672 1.000036072937373 44.40945724684577
0.9992996335136471 0.04094917865407004 0.004852087429707393 0.8925699468261746 -0.04094976024605069 0.9998180374709107 0.010576013584685429 0.2651169552714889 -0.0044128339794417965 -0.010776308989992135 1.0000317688033062 44.90799735318114
0.9991400160163662 0.04329266173024275 0.012384568040553972 1.2040126242817308 -0.04337671711801914 0.9997225919771254 0.010778913140311678 0.27016355735831676 -0.01190417678090742 -0.011316118866037944 0.9999649222491633 45.378514979585916
0.998832279039584 0.04736605821628292 0.020283001205022265 1.5622255964455616 -0.047533907782547666 0.9995702352708673 0.010495110032809883 0.25337737461065984 -0.01975726938494912 -0.011455799580820197 0.9998460649340262 45.84929192885825
0.9984576082628778 0.051475153443350005 0.027563930005478524 1.9068867535290541 -0.05166637289363872 0.999395874320339 0.00826581228253096 0.1487119359222557 -0.02709718710854522 -0.009685161145474536 0.9996935599184514 46.3761818406599
0.9981563170605765 0.052993310090292116 0.03503363615160958 2.241198918777115 -0.05317509642596999 0.9993802567063049 0.00583013629531146 0.015645178011260395 -0.034673234626260915 -0.007688847985169783 0.9994840453980086 46.86812303984275
0.9978148014360697 0.053617701601482715 0.04304715852872296 2.5829087492724048 -0.053861070338532845 0.999366767019981 0.005770404648408729 0.02176476298045194 -0.04267553813313509 -0.008083134468704975 0.9991755045022352 47.27574984593688
0.9975364077146934 0.05297005096575737 0.04989697732048179 2.95034760382229 -0.05332693365470512 0.9994013905556784 0.006918788148754679 0.06730924359302272 -0.049463393920853346 -0.009570255727509686 0.9988498264347596 47.72523969023948
0.9970520037393166 0.05435813331509534 0.05765337490241452 3.273054923586367 -0.054835672517170746 0.9993615933588518 0.007650126659493036 0.10657789500308443 -0.05715398786981548 -0.010796897564978893 0.998434604970942 48.09370416888929
0.9963823458782346 0.0564315040346621 0.06660931748101578 3.6570274465874797 -0.0570278047950513 0.9992623524984451 0.007886608236348618 0.11427642085586857 -0.06606213910338148 -0.011664913499682569 0.9978782270689714 48.410640667527375
0.9955213097263528 0.060698558996203404 0.07524969055984758 4.114244460817932 -0.06136276563782891 0.9990292139111807 0.007287949085314739 0.08283234213182358 -0.07467108177812774 -0.011880914481322743 0.9972713979794026 48.690359822831994
0.9945960767437626 0.06409827522553786 0.08416525656792793 4.5747005878442275 -0.06489077092153064 0.9988146256401181 0.007402432146315889 0.09129740279239024 -0.0835213417629104 -0.012832688091324458 0.9965585790540032 48.94874520251955
0.9938682290530679 0.06354610986541243 0.09273727906816488 4.991469169203702 -0.06449770889482889 0.9988359393535962 0.007919762831167333 0.10923629128834138 -0.09204761714196383 -0.013861895871522086 0.9957940911273251 49.25721072820533
0.9928987922582876 0.06252216259311591 0.10331476039348277 5.564021846485868 -0.0635644673313231 0.9989475049475078 0.007353939555507913 0.07738925669851833 -0.10265875108703804 -0.013877808647993598 0.9947572795885674 49.42911625975388
0.9917538923197778 0.061290382146695056 0.11449643065636518 6.1194219046456135 -0.0621471397342678 0.9990774327871097 0.004385403842782441 -0.07581500560814335 -0.11402223954151208 -0.011471965086745885 0.9935508529927474 49.66420338659583
0.9901397807145053 0.06161757856548084 0.12754594484307738 6.738102058296074 -0.06227325360252941 0.9990830944315381 0.0015685719361873977 -0.21949543601877824 -0.12722266587917566 -0.00950176077653629 0.991968858115538 49.85842309383649
0.987924835098883 0.06269723057315758 0.14325646786149326 7.4890063002620835 -0.06333518724229659 0.9990402875872014 0.0002592971507440298 -0.28225929394644717 -0.14297558172706232 -0.009335040719355375 0.9898256595884646 49.95438292082192
0.9853043802859157 0.0635170428125908 0.15999396239586705 8.274386898028112 -0.06425969480295901 0.9989989218177089 -0.00020518975865748613 -0.30417577167861143 -0.15970114468884428 -0.01008509851727819 0.9872615401867595 50.04930554429419
0.9823529205482657 0.06376959483966753 0.17713925455925483 9.111055254877959 -0.06467718916067886 0.9989861720854923 -0.00035764445276862045 -0.30881418599314076 -0.1768168650094409 -0.011112178278794458 0.9843313747700853 50.12548892735827
0.9790706556174401 0.06320397077497364 0.194661567002884 10.050043133144026 -0.06434286118588514 0.9990254424488855 -0.0002123234603497055 -0.30381135191481573 -0.1942995381785683 -0.012324534211203593 0.9810189216291013 50.22450050026044
0.9752912247859858 0.06221422372840975 0.21312202085076382 11.064071206228228 -0.06369073792478354 0.999107280763476 0.00028811343738794764 -0.2768518674439692 -0.2127046231894334 -0.013863060996552594 0.9771763165886481 50.35226526180741
0.970704271722661 0.062157565014898594 0.2331441789440033 12.104217757309273 -0.06391315589196118 0.9991046786512389 0.00017972325608954536 -0.27447110409804526 -0.23269066095488056 -0.015084150867029899 0.9725940240921382 50.35008755977093
0.9651455061669804 0.06339905508082005 0.254885309411645 13.192018000881003 -0.06532383742292075 0.9990363779041576 -0.0007276013542736008 -0.31714782577237244 -0.25442113940202277 -0.01595655286748746 0.967127955308829 50.25835062242024
0.9587127921941047 0.0638255401245057 0.2780153593069015 14.357221654245382 -0.06597658019344353 0.9990107624951634 -0.0014508379366478927 -0.3527920705942156 -0.27753782115478154 -0.016960508232942692 0.9607370224920859 50.13631986183992
0.9513617218427525 0.06450001123958536 0.30207271228556276 15.57141031756909 -0.06712869465942962 0.998945908530096 -0.0015245047536081705 -0.357734378069687 -0.3015260264160732 -0.01883719788809995 0.9534476783501362 50.00925625658725
0.9428071705833944 0.0660447502032586 0.32749280475323533 16.865206455307572 -0.06921920423841342 0.9988203721384167 -0.0018183839999044015 -0.37062285371517356 -0.32686601731304926 -0.020965247871030084 0.9450197119384175 49.84031309327707
0.932857836143869 0.06728110128448307 0.3546058514689 18.250550939687653 -0.07116221692085467 0.9986931074922196 -0.001960982099234579 -0.3769848779665924 -0.3538779140596967 -0.023417241450213358 0.9351851116047291 49.61429118165049
0.9216396529409602 0.0671449242893818 0.38284885602236357 19.718281246948706 -0.07182901884732158 0.9986772219017586 -0.0019386056497729016 -0.3740424401307939 -0.38203048600003164 -0.025725657055306 0.9239849804411532 49.30566459694009
0.9087791474054999 0.06543799509921333 0.41272206398505135 21.38978397463634 -0.07115758414748997 0.9987367677510035 -0.001401626742419073 -0.35353697371799064 -0.41181197295139965 -0.028108368147707428 0.911035178339599 48.92702426417677
0.893604528536991 0.0621317224742822 0.4450962636537842 23.207180026940804 -0.06896011736204977 0.9989105144892262 -0.0007571069292763707 -0.3251410307657063 -0.4441287228838328 -0.030031368015542462 0.8956686709099354 48.43362013880082
0.8759651800136697 0.05990495664123829 0.47916116871805964 25.14307048528137 -0.06738901880483426 0.9990302136982491 -0.0014952651475491209 -0.3646712277020447 -0.4782087636511569 -0.030994003384993602 0.8779199110513743 47.73039032704129
0.8557856580676308 0.05948969396570099 0.5143793283313032 27.070137718325974 -0.06710919972478457 0.9990489045731978 -0.003697851126874551 -0.4815507789725317 -0.5134859632247553 -0.031367742142601414 0.8577538691568636 46.90156142195745
0.8334804431896488 0.05937345805887665 0.5498028992733334 29.031817976464197 -0.06726336992201755 0.9990536489614471 -0.005736571080635361 -0.590839848879888 -0.5489378060931859 -0.03221184737080063 0.8354830093469409 45.92443444669399
0.8086879088022875 0.06023346781323486 0.5855728435158446 31.020952666832102 -0.06851475305845704 0.9989757966751828 -0.00796016601314683 -0.709573334246698 -0.584708772617836 -0.033694321485144306 0.8108001316050975 44.898524657509014
0.7811526102924541 0.06269704982453536 0.6215818020643805 33.03977589460988 -0.07161328712869197 0.9987375765189117 -0.01056493845968299 -0.8480233377804981 -0.6206664685844041 -0.036272845099247074 0.7835032641008783 43.78313862275846
0.7513237051267907 0.06609829032492989 0.6569976033494825 35.07116592955159 -0.07542655730357212 0.9984529592755916 -0.014014397100613491 -1.0215343806403843 -0.6560424888550743 -0.03903818618193903 0.7540043698548814 42.53486228160124
0.7184668079903437 0.065918375654255 0.6927977044624427 37.079970465663614 -0.0770563502103503 0.9983356487707388 -0.014905576425514213 -1.0704074249748343 -0.6916989935435696 -0.04268911326512942 0.721238216115273 41.134389833300105
0.6822696584975204 0.06296261423500249 0.7287322395571602 39.198375985457325 -0.0779051401224762 0.9983188757018563 -0.013160361654827092 -0.9703324132811544 -0.7273421129024759 -0.04780938610996779 0.6849517830110597 39.64673857195393
0.6436586761960714 0.06050362663768817 0.763242758811445 41.243497586979984 -0.07900127729441002 0.9982505149141063 -0.012365726738892933 -0.9230751611376137 -0.7616103588243343 -0.05235664953796796 0.6462902736803008 37.98966022771965
0.6018681026469729 0.05855021456367183 0.7967547847807086 43.25869579681202 -0.07999782384235196 0.9981762714552809 -0.012787042542483367 -0.9347849717913034 -0.7949500984714776 -0.05606274906055502 0.604488156287297 36.20278235561613
0.5561738600631986 0.05558861788527628 0.8295045183675076 45.32095452366651 -0.08016745682832609 0.998192654386288 -0.013018583975745514 -0.9459733528033927 -0.8275524992687545 -0.05927858115330599 0.5587071084928922 34.10721894357848
0.5087501593720816 0.05225144689820416 0.8596186457374632 47.223876058804024 -0.08098657556358244 0.9981496959565151 -0.012629481857061683 -0.9159283267471138 -0.857448403965083 -0.06321315352238382 0.511184013042789 32.00473612351466
0.46035634606926557 0.05024298174481171 0.886595513919556 48.97897534333306 -0.08370220962884538 0.9979392394565796 -0.012985405834932165 -0.920437105945354 -0.8841206896740821 -0.06825483129321074 0.46282097669517064 29.855822431374854
0.41030729832041046 0.04928005358226688 0.9108864609560716 50.66340334721681 -0.08801450105375279 0.997559567789755 -0.014219918769460743 -0.9707298816525821 -0.9080246261054746 -0.07436373852574739 0.4129276042729905 27.51409087204229
0.36031075717235816 0.05021338235228931 0.9317439077955322 52.13467877147384 -0.09179035231407032 0.9971716076192113 -0.01813677215052291 -1.1631457898373827 -0.9286355604887492 -0.07901955070351083 0.3632584655838438 25.233280863146376
0.3109715056522886 0.047393125115954504 0.9494953196134145 53.38493038982685 -0.09198616208282565 0.9971423509171837 -0.019544368464677775 -1.2281233973368664 -0.9462831661526533 -0.0812917688664519 0.3138748531683946 22.96979258762591
0.2641193457638441 0.03762073564587504 0.964008861657428 54.54176495071183 -0.09146222914530158 0.9973101749615204 -0.013786567905912683 -0.9185339567820209 -0.9604675218667356 -0.08455875534252812 0.26635370162024713 20.792089952828476
0.21991068183794826 0.024930925569170186 0.9754524476284078 55.53001721927896 -0.09166526118204132 0.9973939991656311 -0.004784466902937357 -0.38323023019177205 -0.971526235471432 -0.0883939944063874 0.22119870965069502 18.728189154339486
0.17738133707815132 0.015961134880000664 0.9842627371073741 56.370920668344716 -0.09112099748819397 0.9974747318734832 0.0002658577319321288 -0.1086425197058585 -0.9802366117609699 -0.0897641104243602 0.17803313873550958 16.815138477970823
0.13837844572301392 0.01183321065843323 0.9905595371965394 57.088785246667534 -0.08859334909504114 0.9977245807226273 0.000468686121897286 -0.07884692956922684 -0.9867300932842847 -0.08784704063921996 0.13882173443333398 15.047983808062888
0.10560619982113666 0.004114165921589225 0.9946596267457634 57.57167043917362 -0.08721384974391456 0.9978690163886794 0.005124322756908389 0.1696220803729278 -0.9908983975600637 -0.08730997010276721 0.10550466677555356 13.674963372017022
0.07657734077686991 -0.003197570053106712 0.9973220919186837 58.023419457405275 -0.08721221421039349 0.997849232394044 0.00986917430606092 0.4442388600141358 -0.9935623488281209 -0.08775357982857751 0.07595191185120526 12.56104613270552
0.05130810348674749 -0.009134514393699325 0.9989049856311879 58.36476746914444 -0.0877488160274499 0.9977669375728522 0.013589898803366933 0.6777663991991627 -0.9951412368809466 -0.08836892700571868 0.050256148478827214 11.638060284647413
0.031200869295366654 -0.014347386282721513 0.9996758121015296 58.5953636073661 -0.08797299571568465 0.997706396105982 0.017010219666626008 0.8832672094256272 -0.9959568949093084 -0.0884931719619584 0.029766047077651996 11.050576846112024
0.014425607055598214 -0.01613343361766057 1.0000381614555018 58.862842101897215 -0.08685677148104824 0.997828663865781 0.017292630149942402 0.8869192728689944 -0.9964423187501275 -0.08712336619219327 0.01292168307017433 10.61777811733568
0.00047514498315864775 -0.017444085163588436 1.000122684420758 59.07119288629727 -0.08659383026616656 0.9978628132279924 0.017385239473618003 0.9025731615406009 -0.9965704696835737 -0.08662486038955156 -0.0010819077261747408 10.331181331788128
-0.01147799196066783 -0.018072480460935823 1.0000527202597582 59.18350582660025 -0.08590994933559183 0.9979533652047935 0.016987323715058657 0.8863414215228922 -0.996566400774493 -0.08572860300208153 -0.013028706453311058 10.228610300384426
-0.020590211477981204 -0.022083968636259818 0.9998278316770702 59.28621759796884 -0.08334314714058307 0.9981173189021874 0.020257544649189604 1.0370497791181754 -0.9966393529068326 -0.08291700771274152 -0.02239662935377082 10.349380300692822
-0.027198485679463175 -0.02558160041452328 0.9995990348706009 59.35314741681315 -0.0819083143614138 0.9982069273770107 0.023235168944047594 1.1859401963372798 -0.9966044151707057 -0.08124403809018822 -0.029233582872092996 10.618650802106002
-0.032730876315647 -0.02589086187949705 0.9994264807616102 59.45511172241915 -0.08196603245299665 0.9982097775805203 0.02309248298193913 1.1921001499342403 -0.9964326166401616 -0.08116320383071783 -0.03477212437050786 10.909116438879181
-0.03673336130191222 -0.02378678339414065 0.9993477217461154 59.469381776638706 -0.08408652412278937 0.9981103159412883 0.020591087456938287 1.076619965497349 -0.9961174676797058 -0.08327599294220892 -0.03863135741493058 11.3735269211804
-0.03973700236327481 -0.022332016310508476 0.999272595599684 59.520917135960886 -0.08976562703047712 0.9976679495133057 0.018655929124340765 1.0615885912718677 -0.9955087675452178 -0.08896537716165417 -0.041609891582636685 11.879140931163322
-0.040964521863868834 -0.0226533543366925 0.9992169892696889 59.52710566017899 -0.0950918111754488 0.9971786416494575 0.018637047236371176 1.1352791905261996 -0.9949660311863261 -0.09426644978503813 -0.0429621071763152 12.49865888656733
-0.04184115820700079 -0.024513465210011902 0.9991441255736223 59.623432542770566 -0.09694596712989416 0.996983694262532 0.02032325701227995 1.2590761418127743 -0.9947516987220308 -0.09602542006225859 -0.04404402708671767 13.136141513601643
-0.04177553253467497 -0.027750269066246225 0.9990667773354717 59.61059547283521 -0.09542216977885655 0.997086645655963 0.02361783053005964 1.4138258277677522 -0.9949070344075561 -0.09435483542939595 -0.04425212035827173 13.86487350149662
-0.0409154393842939 -0.028194527443925806 0.9990909538039692 59.59017062068685 -0.08898796247318407 0.9976694825364213 0.024421449093236836 1.3608693047005185 -0.995539582129256 -0.08790755256008481 -0.04328114703029883 14.627501692639138
-0.03899039670070712 -0.027361510903257016 0.9991887563347982 59.566452544296645 -0.08208540353459515 0.9982706259920531 0.024047253720303113 1.2143555688131833 -0.9962102767302566 -0.08107246727595457 -0.04112570832435667 15.492754416255234
-0.037038292608414014 -0.02791418512169327 0.999251219509069 59.54302506963877 -0.08088923897323327 0.9983603391282243 0.02480318552703095 1.2513789969209441 -0.9963822894220667 -0.07989882182778864 -0.039195588302535944 16.310280247699527
-0.03464330935570578 -0.027856114039660772 0.9993419943675432 59.53473889835632 -0.08461922352890554 0.9980616318046026 0.0247990129437113 1.3305875434924996 -0.9961587480497518 -0.08369715708039009 -0.036897708352736085 17.224736736462663
-0.03182886978231202 -0.027756313878573913 0.9994415303472783 59.49550649611241 -0.09016123626376861 0.9975939708248839 0.024745654031410682 1.4480984655333569 -0.9957702940190476 -0.08932206371769207 -0.03422479761995878 18.12182050121024
-0.029330646649665226 -0.025656891243534097 0.9995801101968735 59.41992027041636 -0.09167403139174884 0.997529734562509 0.022832991585339815 1.3742370946513316 -0.9957099542866401 -0.09096425768835907 -0.03158440494155827 19.07461182586661
-0.025861028425885123 -0.03131153637068872 0.9995233192691994 59.35706890760966 -0.08755682392523144 0.9977844686922578 0.02889135744690875 1.622346553446801 -0.9961825384096129 -0.0867574252264201 -0.02852436334046788 20.022894893551122
-0.022634232069585085 -0.03270935884606171 0.999562742832129 59.30099628247316 -0.08286636083266252 0.9981581769926702 0.03068186683713185 1.6117054939979036 -0.9966684861332211 -0.08211713594782494 -0.025288111581935654 20.937980730994287
-0.020653568086753418 -0.026911021201286016 0.9997861695919564 59.253268549492645 -0.08185864179862576 0.9984225500034304 0.02509805128129346 1.2805675225806992 -0.9967973407273223 -0.08130113302438595 -0.022813395726246966 21.841801296250818
-0.017306050730350048 -0.021749044048585544 0.9999799897869637 59.16521826860187 -0.0844750358315985 0.9983230687974263 0.0201831455008794 1.069562398081556 -0.9966444046604614 -0.08410555196350383 -0.019111363233606245 22.823322388464675
-0.01290104015557352 -0.026061855167032986 0.9999566495098626 59.09893179550734 -0.08808901507335909 0.9979573176055466 0.024789775991417975 1.4278532873098826 -0.9964071547559958 -0.08774808917097476 -0.01517504478343563 23.821590086769067
-0.009770723680989062 -0.030243722967871603 0.9998783577306604 59.01986638094122 -0.08711861419688284 0.9979416294516135 0.02923525135880959 1.6579025248517258 -0.9965306290084587 -0.08680219945874877 -0.012395648609371564 24.752409519382816
-0.006925232536675318 -0.029501116569554998 0.9999267657743122 58.94054487419893 -0.08334417715359786 0.9982868427831678 0.02877940078947839 1.5186401638892402 -0.9968791626596503 -0.08311269482499309 -0.00938851404987664 25.68293091948555
-0.0037838652886730078 -0.02540549932093926 1.000060216701417 58.85616177721514 -0.08195827581515967 0.9985182562631706 0.02497448459825109 1.273432986264773 -0.997012395192438 -0.08183967333861529 -0.005884668481757465 26.620162991836345
-0.0004939557754911778 -0.02384787397512155 1.000106306945728 58.71001498317784 -0.08301227668978069 0.998467718247815 0.023691187668144043 1.221079828692739 -0.9969323617691068 -0.08298156471904732 -0.0025044675934605136 27.541576931395273
0.003344261374412848 -0.027229135775451156 1.0000223438341527 58.63370554076467 -0.0846016520188991 0.9982711744685241 0.02737513012755114 1.4791276206966093 -0.9967981460731377 -0.08466741996834358 0.0009950045665638213 28.549659604316084
0.0071420153816965145 -0.030928393081974617 0.9998965331445728 58.50909316878255 -0.08472482178037224 0.998151652435498 0.031376355953886374 1.7075359208432401 -0.9967676049657441 -0.08491210204661158 0.004460609099342489 29.50347480815832
0.010264302445346025 -0.03279438090934229 0.9998129398369114 58.42126582573335 -0.0838942471445418 0.9981702223425194 0.03349149776604846 1.7958184929805308 -0.9968164408006605 -0.0841922671681892 0.007440161697162492 30.440908195196197
0.012368343395762598 -0.03208576940099111 0.999816724928703 58.40016634219736 -0.08416315655758673 0.9981806408176862 0.032966645891033285 1.7678311119718808 -0.9967715954144468 -0.08452466761514572 0.00958544454113197 31.267604453620816
0.014704311787465353 -0.032789536286967964 0.9997709745503646 58.35245960540073 -0.08490931732337323 0.9981155102171072 0.03387370264077464 1.8490635250865843 -0.9966808933115204 -0.0853560554842626 0.01182675538642068 32.11152416482328
0.017913999232881218 -0.035440889836559526 0.9996310846981152 58.253302614069995 -0.08589539449420187 0.9979450615080279 0.03679977858692973 2.0436925661336107 -0.9965475976871615 -0.08649156696912542 0.014761136068136192 33.04963727741324
0.020217128473506256 -0.03349821757639382 0.9996596386021558 58.159034938561774 -0.08560757194297536 0.9980519325580794 0.03506243639475244 1.945377620624682 -0.9965301783122593 -0.08625384800127686 0.01723169357112578 33.8570989949713
0.022902964507851686 -0.02997040634459824 0.999717143445213 58.0829328070738 -0.08477704081290713 0.9982510756381254 0.03176875831332549 1.7243907514984267 -0.9965432451440986 -0.08544441197008644 0.020236517566720288 34.822435490062325
0.02479688654364449 -0.030799330916497933 0.999654736894826 58.03500574526907 -0.0846330063802968 0.9982690789179414 0.032753274091638286 1.7709376400689507 -0.9965188864583818 -0.08537706086876497 0.02205667425952285 35.61501847585941
0.026571449974312284 -0.028861314382262377 0.9996724081997039 57.94180135878216 -0.08533349123400474 0.9982954903233099 0.030994784946290346 1.6991829170732264 -0.996418449410659 -0.08608908796322186 0.023967303943853092 36.41267213666886
0.027870417081814345 -0.027043052105088578 0.99969080592957 57.88017712304985 -0.08516938655750893 0.9983857421950773 0.029294573620317718 1.5955077154996573 -0.9964014388423965 -0.08591754534761231 0.02542259144952303 37.20068488646547
0.030649867411601656 -0.025279508246771287 0.9996628720367371 57.74051729232928 -0.08536275294940047 0.9984509128435806 0.027785531767439798 1.5197387674615184 -0.9963068775420428 -0.08614080105868539 0.028335836060575464 38.047097041466124
0.03298156149254935 -0.022466408030846322 0.9996623529572902 57.69259887432663 -0.08387414821239804 0.9986783282774115 0.025142332454090106 1.3056584893493213 -0.9963637056272212 -0.08462543237689607 0.030937062089675168 38.98587551163325
0.035547362103386396 -0.02151173723013272 0.9995996095960523 57.58444590710445 -0.08087586409691817 0.9989651099859296 0.02430861369750078 1.1397403866624651 -0.9965271818027475 -0.08165174309774025 0.03364665860708057 39.956226436388576
0.03851176917481277 -0.02120235620402739 0.9994994359584213 57.468268773020235 -0.07884949608184269 0.9991528347859894 0.024168531133398015 1.058935259996047 -0.9965846253388064 -0.07968039434122949 0.0366751428633573 40.92520075738953
0.04096207772434904 -0.015545479429924547 0.9995127746903043 57.38605299018125 -0.07742625032869822 0.9994225285483271 0.018675990401543854 0.6789926378550861 -0.9966034891875369 -0.07808786379828209 0.03959372845548606 41.91901002835315
0.04295219062690706 -0.011140220715368424 0.9994938400088751 57.29894073019666 -0.07793434669380207 0.9994781109732707 0.014466317037170199 0.47183474439678164 -0.9964796356897843 -0.07844916022328813 0.04191262954815732 42.860014097789005
0.04593082623783602 -0.013138854937260958 0.9993391382883754 57.20226148632597 -0.07762700301180972 0.9994784262928492 0.016676484131235986 0.5765128469697643 -0.9963724242878208 -0.0782735560320848 0.04473013132891553 43.82853313941735
0.049011061326833555 -0.012681696525009799 0.9992027931054508 57.08304894583854 -0.07670968361874474 0.9995718309439123 0.016418324153113933 0.5164986435550672 -0.9962973143250842 -0.07738208735331391 0.04785169693645666 44.77140866018584
0.051807436845232036 -0.008105531813698448 0.9991175324133075 56.97083241480291 -0.07630499101066211 0.999695871526544 0.012055404249860529 0.24587741432748567 -0.9961907169448907 -0.07678781239445345 0.05099629602014885 45.74894468321494
0.05524074904207274 -0.007161881937980863 0.9989505470727403 56.78235673653465 -0.07767836879029621 0.9996357961886516 0.011453951205976061 0.2923495515624709 -0.9959018526265271 -0.0781546486951132 0.054474530937458056 46.703072407374435
0.059305269327239486 -0.008953155151879102 0.9987075063747048 56.63815124081708 -0.07846057049730706 0.999571682494993 0.013602709501107027 0.436371484633645 -0.9956122863503805 -0.07909107885501336 0.058377366421523955 47.75962599416734
0.06361412890496675 -0.00412500794120949 0.9984754416318578 56.42195649975422 -0.07500534943660402 0.9999074929492241 0.008912976782546784 0.023850324129530368 -0.9956166576299194 -0.07537558376036216 0.0630866963664135 48.89319069935663
0.0682191145543595 -0.0019403685735253562 0.9981829232474134 56.168615057506734 -0.06834642713054577 1.0004278341026265 0.006628000624349337 -0.4177777891153913 -0.9957951820327843 -0.06857821989272546 0.0678890661741943 49.915039709437686
0.07479135045926508 -0.000566434930874924 0.9977171324576134 55.841973717027344 -0.06402251681792596 1.0007293588814548 0.005384611883951272 -0.6760694791898014 -0.9956106876056849 -0.06417423069551854 0.0745635015225564 51.08207778346594
0.08141849992833139 0.003944961406343026 0.9971948780165067 55.48186853031802 -0.062009202812837894 1.0008847896223865 0.0011396256629410551 -1.01425801110131 -0.9952221651476483 -0.06181816745384341 0.08147036368000356 52.33049194852881
0.08805335761402473 0.005857053754846916 0.996625487688639 55.088709888158974 -0.06389816589697547 1.0007757989226498 -0.0001925136168459631 -0.9930576529312786 -0.9945411644558427 -0.06355837940725766 0.08821246576276433 53.47260261862088
0.09514717444259459 0.0062236672019773155 0.9959720669898449 54.702481602208586 -0.06557362740035759 1.0006681065950722 5.4877056644438993e-05 -0.8998963938952222 -0.9937778030737427 -0.06521032326200499 0.09531379139391326 54.75030888179094
0.10177153049525216 0.0062199320439399386 0.9953197079986622 54.362699360132154 -0.06780953066993795 1.0005227078983074 0.0007230534272759514 -0.7398040261357447 -0.9929701393639669 -0.06746493540436717 0.10192081328498548 56.02977999631314
0.10827740292903745 0.007090708411456076 0.9946295819551788 53.97665917548527 -0.0735386126689583 1.0001172239886709 0.0009201192698888266 -0.4414925188542549 -0.9918736700004058 -0.07315268517669152 0.1084667138548106 57.19089983080357
0.11480451209493109 0.009788872717462123 0.9938791120935927 53.57993912250196 -0.08005843321305106 0.9996248312690141 -0.000542578756961372 -0.18591445971488157 -0.9906344534883461 -0.07942610476886092 0.11517882779695687 58.40055620689137
0.12137251040077315 0.009352864684871093 0.9931095807846769 53.19208337468384 -0.08322949954301029 0.999391705360551 0.0008116575417522617 0.049043287794554524 -0.98959581505714 -0.08267862153921805 0.12169050448057409 59.5531190328848
