1.000000e+00 -1.822835e-10 5.241111e-10 -5.551115e-17 -1.822835e-10 9.999999e-01 -5.072855e-10 -3.330669e-16 5.241111e-10 -5.072855e-10 9.999999e-01 2.220446e-16
0.9989899069996763 0.0051250890237587625 0.04467634869011143 0.8208483956396556 -0.004854322151776597 0.9999750718056375 -0.006166459871693863 0.1119519258692444 -0.044706517198590055 0.005943258429550974 0.9989831075536405 -0.5168898938850114
0.9989062436731755 0.0042284915677462415 0.04657128378656693 0.9133184299396256 -0.004073761266830434 0.9999895256373412 -0.0034163033781357795 0.12833293425882644 -0.04658520853150702 0.0032227998838280933 0.9989095508376548 -0.3819930093862458
0.9992258756454458 0.0023660100856366406 0.03928083045803284 0.4643221022495513 -0.002334792136162365 1.0000039253087216 -0.0008392182054269704 0.1444986131534934 -0.039282901817769535 0.0007467732498548011 0.9992288163614472 0.1471650758524721
0.998884402612992 -0.0006523892902383373 0.04723280283962748 0.751229799480373 0.0006660259319674647 1.0000044803085677 -0.00027258952458105584 0.1389065537736816 -0.04723292228972152 0.00030369614502869966 0.9988853332133321 0.2610030972421591
0.9989315890513365 0.001986517494186499 0.04652128529655118 0.8556683013778232 -0.0018815989283814101 1.0000608691277884 -0.002291763533932177 0.11418361843837273 -0.0465254740199836 0.0022011186310699673 0.9989253534300078 0.15876038104809104
0.99912479617345 -0.001081618042312329 0.04184761337736645 0.5791324173678836 0.0012461123295433015 0.9999948970308683 -0.0039050193455974036 0.14033138739800383 -0.0418428747541551 0.003953703002570729 0.9991167251157688 -0.5966448817309496
0.9989122887729106 -0.005582795328664195 0.04630325524574505 0.2600990742296143 0.005741231288577262 0.9999858303742073 -0.0032885585559618846 0.13297109962052253 -0.04628437101338957 0.0035507452791851855 0.9989238663949804 -0.5654223818936753
0.9986147029907008 -0.005990468333668159 0.05225833759411284 0.5169824599200527 0.0061439571787168966 0.999976553190552 -0.0027760002778563883 0.1262791071380494 -0.05224069203972902 0.00309324993825728 0.998629986432493 -0.3565929545379877
0.9989687677503843 0.004364307235033081 0.04521611223788145 0.927802777858589 -0.004266894370323451 0.9999920203488685 -0.0022504055198981 0.09498112744191617 -0.04522528286070902 0.002055095238100815 0.9989750178279815 -0.3251235135876953
0.9982743818436777 0.00400488713025669 0.05857525198611428 0.7076491375093567 -0.003937570383543296 0.9999917024025715 -0.0012648857822723215 0.09429847358765069 -0.05858021507580113 0.0010320668306192861 0.9982830733337773 -0.3873200857455535
0.9983564282929906 -0.004121819221620449 0.05718305914342926 0.5720542933246536 0.004210893856344784 0.9999937571815337 -0.0014382068895672521 0.12234138067677752 -0.05717658444841799 0.0016765934322944545 0.9983633923037611 -0.5168261051583145
0.9975071503626316 -0.00926909578967761 0.06996352923804892 0.8059566966138973 0.00932446005986772 0.9999605979407941 -0.0004653670844448007 0.11863506250906224 -0.06995627132564755 0.0011165418812226838 0.9975504410990156 -0.7338754739150323
0.9973295407830584 -0.012080328671878198 0.07205342162658514 0.9114032554529661 0.012184716616655707 0.9999298288754596 -0.001009195807899445 0.11562119365459775 -0.0720354938047435 0.0018844112658157844 0.9973997015341762 -0.5096930239544902
0.9970063815886232 -0.010674407649222676 0.07658210559768594 1.1531394803309047 0.010837659548786118 0.9999432593457286 -0.0017161562154119237 0.10319511187086691 -0.07655924982628395 0.0025409594790073613 0.9970616459205974 -0.492740419361785
0.9972693461931186 -0.01575409940162791 0.07216584116817752 0.8114729400370858 0.015908903594022427 0.9998769284118159 -0.0015695056500724554 0.09663382844650698 -0.07213181958030633 0.0027132601624162266 0.9973929895004658 -1.278930001935869
0.99776081651298 -0.01639675490481947 0.06484647846438972 0.9559466770797461 0.016429813819803966 0.9998669092277936 2.4727423582856936e-05 0.08930350727286494 -0.06483783984548368 0.001040718783265338 0.9978956160030213 -1.130420269408055
0.9988209116877775 -0.008163712011441648 0.04783738542817354 1.415919030185764 0.008185533640425019 0.9999695286006387 -0.00025677448418482643 0.07586867570748206 -0.04783422156211776 0.0006480346215278168 0.998856004124439 -1.2718944593095842
0.9993529774610433 -0.0168685150716991 0.03186948246705978 1.4080667747460522 0.01681977363116407 0.9998680334821834 0.0018080221504951973 0.09422323841755958 -0.03189558755875718 -0.001270890820410272 0.9994924429394785 -1.4253718189167106
0.9993497848211103 -0.015984356762445334 0.03244554613261729 1.8629481591804462 0.015940855832907205 0.9998800262517955 0.0016045598850010102 0.08107304609318922 -0.032466502397828896 -0.0010863836529687039 0.9994740948928527 -1.5881859228307234
0.9990571481136736 -0.0201418227176555 0.03847268573896885 1.556704548402239 0.020047757857901194 0.9997946597841183 0.002828984686725606 0.09269525362264418 -0.038521658818886584 -0.0020550303796209703 0.9992557393386693 -1.900516507995859
0.9993293193725035 -0.01751025096713558 0.03219472269775253 2.201854269915368 0.017418322927108095 0.9998495120436606 0.003141653170603133 0.07598260372497435 -0.032245015729695826 -0.0025787723561954265 0.9994780323378689 -2.0166837928268566
0.9997199663277713 -0.017824379682602514 0.015642300018513293 2.3012844085939803 0.017777232820617706 0.9998421999205589 0.0031603916962420365 0.09519753903304658 -0.015696415798990726 -0.0028814388604517954 0.9998728743644907 -1.7068683121577584
0.9998547391947109 -0.01713100085825887 -0.0016551466383018382 2.3140528248035293 0.017136446066849678 0.9998602800383328 0.0030493214434676305 0.09389132250906614 0.001603040209564224 -0.0030772799683015813 0.9999947547499884 -1.856810354600743
0.9998818752137053 -0.013746520385018189 0.007265229641786629 2.632448119768195 0.013735553753669064 0.9999140473321325 0.001603650848449972 0.08877247484889311 -0.007287012830281812 -0.0015036893340625982 0.9999738118335151 -1.6499717376611127
0.999844005846459 -0.014393336307219848 0.010303549015170561 2.7672924451951793 0.014370970466861265 0.9999013232463209 0.002269915766105476 0.08436949182843848 -0.01033570729451923 -0.002121510734393244 0.9999467805142698 -1.4393727834749237
0.9998889531467872 -0.012828171665482259 -0.007574324464701445 2.5711910450441566 0.012854851341728757 0.9999153934752505 0.0034604278535908277 0.10747162093388975 0.007529036001300285 -0.0035574185112674877 0.9999655118441833 -1.32372681412305
0.9999169971956048 -0.012389999951423121 -0.0034657940037971908 2.646554129456466 0.012402362475859057 0.9999146272081044 0.0035848881046025155 0.08292075468607257 0.0034212106591438285 -0.003627576516416576 0.9999876174346091 -1.16657103785171
0.9997111671834558 -0.014047420712530302 -0.019555583939093558 2.548939384574885 0.014134255210141392 0.9998968570062436 0.00429790073274869 0.09428567320321071 0.019493420405620236 -0.004573082769777751 0.9997999940501543 -0.9837367402398219
0.9994937056832922 -0.013616779279497301 -0.028818965525821437 2.5371393246988014 0.013722177592152737 0.9999058977266306 0.0034554388620733818 0.10622156540000255 0.028769296119190164 -0.003849151856934896 0.9995781223137061 -1.0736530865681397
0.9985699211727418 -0.013277958723959185 -0.05181727952042876 2.526551195099991 0.013454980299096142 0.9999127188915955 0.0030634473075178675 0.10889201080663509 0.05177195002399015 -0.0037562575358303734 0.9986519622202117 -1.3209059079670795
0.9987534195575503 -0.014184351897572774 -0.0478866454939568 2.5459003812169785 0.014320193676976012 0.9999030460540747 0.002486492661744267 0.09884516241008325 0.04784616299211014 -0.003169128676679715 0.998850620849395 -1.1837405430764887
0.9979411458227181 -0.012341098561615641 -0.06294683827153774 2.675638010300412 0.01260890515081612 0.9999128832261911 0.003859526585567258 0.11704381558299087 0.06289394225473004 -0.004645284954879679 0.9980097688697253 -0.5948884794488596
0.9983311259181464 -0.012603860445112039 -0.05634827787615409 2.7550894917424857 0.012843730862630008 0.999910914826693 0.0038954749339399045 0.07279844967833077 0.05629412259248361 -0.004612699374198686 0.9984028816219634 -0.9606303200705102
0.9986198603192711 -0.01141231598189054 -0.05127291330345779 2.2485139427854963 0.011588440679562847 0.9999321768188844 0.0031337925924964888 0.09394452058343422 0.051233417208247006 -0.0037236418199090866 0.9986816199745212 -0.3438661418027661
0.9983307112565443 -0.010865106159934747 -0.056713957107134436 2.5987708132610003 0.011113860457627087 0.9999353527250526 0.0040664850390742325 0.07280917607506979 0.056665726944927094 -0.004690012931723394 0.9983823498981503 -0.6808732054768819
0.9989240522135978 -0.008465192560172535 -0.04561454532976412 2.766928986465854 0.008668822463328825 0.9999643994754144 0.004253029230315728 0.05625764226270559 0.04557632244882812 -0.0046438904459777655 0.9989519213234532 -0.2888766618065985
0.9963686032500396 -0.008523467615523066 -0.08473269899911576 2.4760730340777806 0.00909557598008098 0.9999542450182018 0.006356368830965368 0.0665742976967532 0.08467299696600028 -0.007103936128255116 0.9963859914662339 -0.49031151101313725
0.9953578104181172 -0.006734494029670096 -0.09602096371193979 2.472466645316297 0.007367138747642619 0.9999657564162755 0.006227298767611875 0.06912491196981994 0.09597432386909138 -0.006905724394999505 0.9953623595742139 -0.3952050230154422
0.9949218553490975 -0.0072905924645127644 -0.10040797032744016 2.5959123602428065 0.007844169053891544 0.9999593514307775 0.00511802467902978 0.07602682283053849 0.10036616883940296 -0.005879627172364842 0.9949336248084846 -0.40799003691592184
0.9953100036012726 -0.005008705870349424 -0.09660372833736158 2.446347948658835 0.005502264798784281 0.9999763477229122 0.0048405018821216115 0.07694058381983597 0.09657696047894483 -0.005349326795458519 0.9953118492506922 -0.5117981091076231
0.9950278496155311 -0.005380455664838783 -0.09959480336458806 2.5244410104730473 0.005889332288128534 1.0000193898017293 0.0047893334837140564 0.07512552174977537 0.09956565008123539 -0.005351803101732529 0.9950288087824639 -0.7613453226228302
0.9956866463256926 -0.0018361545575617737 -0.09277820714351447 2.4274574701388403 0.0023064465426828277 0.9999948954504619 0.004955943065375558 0.05190507697750236 0.09276767423449514 -0.005148501745442069 0.9956759092575853 -0.687980464474214
0.9973051285512606 -0.003056142092243885 -0.07330673943109836 2.068888413894163 0.0034157038025444905 0.9999867368921264 0.004777026136496245 0.09066540260647782 0.07329075145376748 -0.005014523968052805 0.9972985912213743 -0.8243504653073479
0.9966316892192556 -0.004517481761012441 -0.08189853456886535 1.7541336821077762 0.004903257639215417 0.999984094087072 0.0045052855817507885 0.12337838704543866 0.0818763555192466 -0.004891634675635823 0.9966315661861356 -1.0351248789844074
0.9986499181858881 -0.002398388877797334 -0.05198406066679724 2.119965599687465 0.002545254921588133 1.0000395174396088 0.0027109369062388797 0.07831598931852285 0.051977025811138555 -0.0028393482781433137 0.998654255695466 -1.1907695459573182
0.998099047504858 -0.0019189521190813102 -0.06160889233080419 2.3343271488336534 0.00207984739195185 0.9999984957263076 0.002543753838123761 0.07503424028888539 0.06160376119528024 -0.0026670361327857167 0.9980988832731551 -1.2154876842013231
0.997840701961507 -0.00204501265793232 -0.06579046249751001 2.378255723538929 0.0022324104899955036 1.0000420756597206 0.0027363564755008333 0.08638754397987218 0.0657852669825242 -0.0028771380005021595 0.9978412076089994 -1.0888085679802224
0.997612075641213 -0.0030688120825651663 -0.06900717050428493 2.142004041568667 0.003307498522301876 0.9999900324252187 0.0033446520285462054 0.10443987668811265 0.0689958753630471 -0.003564895389326715 0.9976098904434758 -0.28378739152185095
0.9967078159817884 -0.00047854791078700556 -0.08109330631504409 2.0391582106566033 0.0009187672090852529 0.9999970780492319 0.005384379044722741 0.12429786738817489 0.08109003693896566 -0.005441100718956237 0.9966941643668291 -0.1797103094691149
0.9967444963766379 -0.0016268087736023057 -0.08063625236700635 2.0356977720773592 0.0020417068000177954 0.9999904554523594 0.005060735824995215 0.13194390151493712 0.08062612865117595 -0.005208835379720684 0.9967326080011195 0.20477328846698356
0.9951416316587328 -0.0005226892542968109 -0.09848186108132642 1.8758586920248108 0.000902906542583319 0.9999995111972868 0.0038137948197745687 0.1452203702220387 0.09847717017187453 -0.0038840258369179717 0.9951317135712368 0.43738367372020426
0.9946536142637562 -0.0009173137571940189 -0.1032769235352674 1.7451068971372306 0.0012983841019334336 0.999996525162649 0.0036212457169369884 0.14749588574617395 0.10327206223187894 -0.0037358918104820706 0.9946463378187523 -0.14854544300228795
0.9947448669325776 -0.0007565894551526904 -0.10237043776225621 1.9991841072977194 0.0011415669156780944 0.9999894854617604 0.0037031712596739944 0.15368642817417424 0.10236657813244195 -0.003800606342618514 0.9947392276961176 0.5340815443091633
0.9934397004396558 0.0006370796721568926 -0.1143840514514923 1.1422958942740782 -0.0001726379081415081 1.0000068000383544 0.004066626012556172 0.17396447384729458 0.11438451189706365 -0.004019984116878182 0.9934291918969722 0.10473675387776672
0.9946575500642013 -0.00012862436563261417 -0.1032443710288786 1.4493514527688394 0.00043763085809751215 1.0000018824660883 0.0029686440407242737 0.15748577068775965 0.10324376185082068 -0.0029978828789124883 0.9946516885989881 -0.18077368543629976
0.9959477672996397 -0.001305662201462204 -0.08994331686169416 1.2127645975637424 0.0015381724400513029 1.000001304798737 0.0025143758334948193 0.17628175927704823 0.08993933628921326 -0.0026424528999251817 0.9959446142734373 -0.21558386066062935
0.9938864234485086 -0.00031392106832415454 -0.1104115288813179 1.0033365743276583 0.0006030713367823563 1.0000002228479714 0.002584299162553274 0.19156002476357661 0.11041075666459443 -0.002635038789760916 0.9938837145441024 -0.3859490543061266
0.9933788262463707 -9.957876244324816e-05 -0.11488759385122871 0.5059059698753758 0.0002544035123298967 1.000004311223427 0.001331740767340756 0.19576938101303695 0.114887255780911 -0.0013520845602928405 0.9933789961719804 -0.6061989065925937
0.9940385566235554 -0.0010663252304533707 -0.10902454346319508 0.8149297849557973 0.0011584174217270803 0.9999992190451805 0.0007809068934902456 0.19690090493296494 0.10902346951793077 -0.0009025474276238772 0.9940387076817773 -0.9383296914877496
0.9958320956709616 -0.0013407797159905252 -0.09121770965532185 0.671321730143695 0.001475482107348084 1.00000907437676 0.0014072021054771888 0.19724919752770445 0.09121650118615078 -0.0015358435777168761 0.9958318749705386 -0.3823229768549855
0.9942016411776144 -0.001917128300440558 -0.10754362546970035 1.0894966828493178 0.002195233205417031 1.000009043807389 0.0024657134917542307 0.19978481504533754 0.10753908407810389 -0.002687387839429637 0.9941987657532522 -0.343363557293035
0.9932947832567419 -0.0007859118405584387 -0.11564346722977825 0.6477819739679803 0.0010000345777633206 1.0000187714777673 0.00179094939083442 0.2122984724210254 0.11564027255009403 -0.001894418010788499 0.9932915733000411 -0.29868257402829623
0.9937296060844585 -0.00013104096547194148 -0.11184377232269374 0.43859680587824795 0.00032783778101241873 1.000017698265158 0.0017386094990849707 0.21104633594441555 0.11184415285047988 -0.001764234830779844 0.9937260820843047 -0.4759474310438921
0.9921861597693846 0.0015484074067639514 -0.12478486654767948 -0.12227580473861045 -0.0014222230648778171 1.000021147331724 0.0010978074190491865 0.2161688780051562 0.12478595371315424 -0.0009115984045363356 0.9921879068013731 -0.765212275620463
0.9933407333913623 0.0009737677424470301 -0.11522386757347627 -0.2952852280542041 -0.0008431309700612149 1.000005530935334 0.0011819080001826967 0.2139418853432393 0.11522385746134602 -0.001076846602216146 0.9933406594886971 -0.9428673706010036
0.9944526823821902 -0.0013905347377021298 -0.10520941787838599 0.2341698366698966 0.0014533292977422447 1.0000121962688369 0.0005190042887446355 0.19692146807418948 0.10520858818135204 -0.0006689210201440683 0.9944515531783611 -0.6403511734510063
0.9975044076823182 -0.0013833554349888487 -0.07064820252957597 0.53291077150503 0.0013523163089191382 1.000014247160744 -0.0004889957732852164 0.19962207958255956 0.07064893104294946 0.00039232448265036465 0.9975019437494174 -0.702043699907672
0.9973110936992524 -0.0013787362308819852 -0.07329865158418378 0.4679236562116972 0.0013309991364526305 1.0000097292957182 -0.0007014733531302673 0.2064583725075902 0.07329989232446475 0.0006020589149427037 0.9973113851014642 -1.5728994236072233
0.9971674187076446 -2.8479712839792307e-05 -0.07521973170287431 0.584033812661064 -2.7882152847183567e-05 1.0000024196407145 -0.0007484932194940466 0.19997251345551045 0.07521924371694666 0.0007484768390423078 0.9971665524015453 -1.0633427854266182
0.9962455816633683 -0.0008751425437179655 -0.08665945476753321 0.08174589853816991 0.0008322753001822202 1.0000289079613638 -0.0005318797800579326 0.2054271923764665 0.08666362047236525 0.0004577626981117856 0.9962404181126899 -1.2715073988542502
0.9925551086352621 -0.0007903810563995249 -0.12179904706323726 -0.3047797223290617 0.0007594028183959006 1.0000100984793159 -0.00030116266138623604 0.2055881740591696 0.12180049961975566 0.00020641777611837868 0.9925553446616947 -1.1677253174787163
0.9972974674263405 -0.0004500541825804621 -0.07350804229705903 0.13820637983408865 0.0004370655298834686 1.0000178359496532 -0.00019395990608745873 0.1990091377772824 0.07350822191639453 0.00016128097260287113 0.9972970140962674 -1.1663213627645537
0.9987085436148694 3.708877520349875e-05 -0.05091635223494647 0.45004143559511606 -4.467255859278931e-05 1.000025625997235 -0.0001485231369574829 0.1792749739503604 0.050914356452200625 0.00015056572974910475 0.9987042367693116 -0.8860742124004651
0.9923758278236562 -0.0004370488370312911 -0.12330004651560714 0.06347444238472874 0.0005129317766208725 1.0000211918611293 0.0005835348021377578 0.18354172009892789 0.12329796241772599 -0.0006423572381308348 0.9923696938053878 -0.871984158040592
0.9928639627077616 -0.00015244310372642802 -0.11927889368850406 -0.01880009519827413 0.00021469224279252417 1.0000147486000541 0.0005086627286897453 0.20435587527323476 0.1192758856596331 -0.0005306623979898116 0.9928599825512363 -0.9776452524026026
0.9940891470431007 -7.147599703233148e-05 -0.10862538882504578 -0.3210860230102569 4.52190795419278e-05 1.0000199202066395 -0.00024477416447960524 0.20584263947864787 0.10862190455849172 0.00023835055944339931 0.9940850822442905 -0.9933717934583969
0.9969263132275353 -0.0001435201746688479 -0.07840476532003303 -0.01221798919978424 0.000130038245146012 1.0000275904249942 -0.00017792958238878215 0.1833171808050081 0.0784055418153641 0.0001670605603709905 0.9969262025321075 -0.7659700825408874
0.9951250523476863 0.00047035666348797014 -0.09863578295475559 -0.06340999454882902 -0.00048424969505462504 1.0000207665168885 -0.0001171784562888231 0.204651660941659 0.0986414792799869 0.0001642840172616642 0.9951268149359361 -0.7878526382708078
0.9945308507071676 0.0010729809206222042 -0.10447044056139478 -0.4127069349165598 -0.001069516660864383 1.0000145504855549 8.914587484714658e-05 0.19923591242216085 0.10446834351897541 2.297402022108494e-05 0.994528259423754 -0.6335152975961009
0.99595647287939 0.0004830441521737941 -0.0898789369424164 -0.5983069588745901 -0.0005059856368448141 1.0000212489537128 -0.0002325008947764467 0.19544673698177306 0.08988019192465548 0.0002769289786208093 0.99595438281401 -0.6577884290137818
0.9952343119904906 -0.0004040241790757613 -0.09757159451577062 -0.23048428459108944 0.000313369429228283 1.000021354027539 -0.0009447046590432962 0.19854072836881367 0.09757331883583656 0.0009094609389175639 0.9952313322486476 -0.42909254962943516
0.9975069277920208 -0.0007813306458748612 -0.07056888333305812 -0.15160223421292737 0.0007649701702365293 1.0000177814534739 -0.00025932418069403267 0.19891173254107397 0.07057193551268871 0.0002045861228436514 0.9975112094576805 -0.34660416828012375
0.9950437786458741 -0.0024853506391068494 -0.09941724010917372 0.26339063254555667 0.0024218341677013783 1.0000095754384184 -0.0007598302795660821 0.2078094441574107 0.09941996298752319 0.0005152173731187258 0.9950469686545328 -0.3860066164189692
0.9973354168120313 -0.0011853881984829151 -0.07299526832147543 0.16843585204420006 0.001081907950757419 1.0000189381105808 -0.0014581921800736963 0.218496961433273 0.07299873587427479 0.001375181487199508 0.9973348037092367 -0.3133505460229795
0.9978475286339101 4.0565248227498915e-05 -0.0656053344082879 -0.025855442733271918 -0.00014825501070090254 1.0000094440552942 -0.0016372321753259256 0.22029916825146875 0.06560482822013734 0.0016433202674587426 0.9978445691488622 -0.7618919079634424
0.9980854771397566 0.00036458443416123007 -0.06199170292973364 -0.21199290123904352 -0.0004731528704695232 1.0000535042082261 -0.0017394420522028877 0.21255563919964715 0.06199310364381815 0.0017648090371903166 0.9980822921416056 -0.5135052043242739
0.9974766303331254 0.0011316146006653668 -0.07105384516344208 -0.11339217110173601 -0.0012187896366030104 1.0000191505372906 -0.001184677292274208 0.2061735223726994 0.07105042876933201 0.0012680234083259567 0.9974726473171378 -0.6126976840216208
0.9982491541734863 0.0008467271667895985 -0.059286372768544114 -0.5136560101574937 -0.0009644271137258953 1.0000376428792113 -0.001958823855935639 0.20949013692930943 0.05928426905321577 0.002011968291140675 0.9982426273470497 -0.11674995119314249
0.9940415732940477 0.00043049393356505946 -0.10907700176084176 -0.508682096463913 -0.0006506716281397266 1.0000259216073266 -0.0019843206939859476 0.1991162638057368 0.1090749436183081 0.0020430473191576817 0.9940340472148548 -0.10445827425099674
0.9935507484413788 -0.0026261218343982596 -0.11336447132688869 -0.5671005402226463 0.002415952280502317 1.000011072828087 -0.0019922124234805993 0.18983623375111594 0.11336979280373187 0.0017052478919822392 0.9935543682013439 -0.022451299695603673
0.99316381246978 -0.0041958398130734625 -0.11674856913230217 -0.35383337672760484 0.004114383675665979 1.0000411427721851 -0.0009418625259322399 0.1962218522312034 0.11675089135345494 0.0004543340347002351 0.9931666609801191 0.4329725084275506
0.9952309131546896 -0.002656723317181462 -0.09755324873433596 -0.18949377082940702 0.0025673678126618585 1.000018052165932 -0.001043044929418121 0.2122491485300672 0.09755557075035523 0.0007873053505325355 0.9952328766059335 0.6116206890983127
0.9967913661110019 -0.002359694636305483 -0.08005338137982815 -0.6512699027299231 0.00232423814321407 1.0000083960094095 -0.0005369701675456692 0.2080646641753059 0.08005405134962039 0.00034901625506077324 0.9967906959019041 0.5509204522777505
0.9963311593901729 -0.0017949504374394915 -0.08559895191523435 -0.14106342971399802 0.001776129013687258 1.0000110824985275 -0.00029705996838501396 0.196377363685545 0.0855991873814426 0.00014378247950268903 0.9963304516138635 0.05774954131008031
0.9988232202938099 -0.002507876063643338 -0.04846354582842122 -0.144920084749482 0.002507261350420695 1.000004148750721 -7.460842142193885e-05 0.20791919071888615 0.04846354565998548 -4.7062179206183046e-05 0.9988253060816319 0.4292099859886817
0.9992526037907274 -0.0013388020648694395 -0.038661747399260656 -0.6635891671290803 0.0014071650475246814 1.0000036923338333 0.0017401511239880602 0.21846189351421408 0.03865924644645807 -0.0017933298703261592 0.9992521938167458 0.8750931172899767
0.999590679248669 -0.0020382456282277087 -0.028561055192358086 -0.5824757717845157 0.002103577387358672 0.9999998712050938 0.00225635068474267 0.19956329216742247 0.02855635304506304 -0.0023155465133135795 0.9995899867383102 0.817612680714391
0.9991030513760006 0.001475730296116229 -0.04230757440277753 -0.4382669521422505 -0.001391896378342748 0.999995549862055 0.0020109166011275242 0.2332109486512084 0.042310419929549196 -0.0019502023639630824 0.9991017464089359 0.44973560935324747
0.9999821468307772 0.0038623386705238776 0.004735215373279417 -0.5509079417155986 -0.0038666206309466633 0.999997915992719 0.0008946575287848171 0.20855344127668574 -0.004731702096649681 -0.0009129908755641975 0.9999887809429139 0.36422691109613053
0.998912443952158 -0.0027639795390793196 0.04657588422126956 0.6185161323816332 0.002620003578748071 1.0000014588551516 0.0031519413576546165 0.17859879955323452 -0.046584565300073405 -0.0030265620892935448 0.9989120701368227 0.38447815943305974
0.9966495203175163 -0.0025971280320589833 0.0817653638671131 1.210518970611976 0.002398386918532601 0.999997190798934 0.002528625834488395 0.21769546939419887 -0.08177138156826791 -0.002324067784392858 0.9966486993106142 0.932969555478762
0.9973532064257615 0.0007712658766485243 0.07273546136381498 1.3041745811224061 -0.000822765222032012 1.0000097224494124 0.0006775865502711042 0.217550535772225 -0.07273507952580598 -0.0007357538201882147 0.9973530135356445 0.569639756793107
0.9969315505645646 0.0011935194323871026 0.07829362013096004 1.2348404017675785 -0.001171831318872618 1.0000061872015238 -0.0003231267372842227 0.23763238459976843 -0.07829334058771416 0.0002302783022626712 0.9969305749560656 0.08770258713735628
0.9959262869986039 -0.0013888141561198566 0.09017468279815488 1.8356979529008124 0.0013413351616412435 1.0000075471631962 0.0005869810779204032 0.21062421508925566 -0.0901755622868271 -0.00046376128103824143 0.9959266897110773 0.0759103125641783
0.9958229522936208 -0.0009511139206506064 0.09132989296723192 2.38810510747938 0.0009558839189893273 1.0000077495914148 -8.752900971126493e-06 0.2329320046407382 -0.09132898198239123 9.584762201701279e-05 0.9958205271386189 0.4052245694866222
0.9949731320988626 0.00015582468454331745 0.10017181075564845 2.4413371141474642 -0.00018737207743557935 1.0000079629677932 0.00030546015105950764 0.2212266459997884 -0.10017135883713658 -0.00032286413447205824 0.9949712109164832 0.1476161640138101
0.9932849244764846 0.000446107035483563 0.1157093498228693 2.597961171801784 -0.0004380789448930206 1.0000072726683975 -9.46076630294879e-05 0.21897603932310444 -0.11571016958371583 4.313147761053053e-05 0.9932846138530422 0.38747627124123996
0.9929246024907975 0.0017797761427206826 0.11874616328930246 2.5387353275807563 -0.0016089253938622555 1.0000019552465895 -0.0015345935913350743 0.208528880768156 -0.11874857977767866 0.0013325844795339405 0.9929234166028261 -0.3972835229698779
0.9954813262772637 0.0019227651682524065 0.09498572507731738 1.8161986097389158 -0.0019025316240000312 1.0000082363477285 -0.000303922395868921 0.20038098745934213 -0.09498500294986649 0.00012155180096487433 0.9954786951731147 -0.22706837447610773
0.9969001779557245 0.002437060323027677 0.07864893485989546 2.3102851486697746 -0.002405837413493464 1.000001441151611 -0.0004920853813564328 0.22200261474479815 -0.07864993589032972 0.0003012508084178889 0.9969020812664459 0.3013649848241871
0.9974689256774509 0.0012511411965451353 0.07111137085872665 2.7869799710927654 -0.0011691579791904382 1.000003025043986 -0.0011947689582952525 0.15990600616689613 -0.07111273611379519 0.0011085144374044461 0.9974677999253756 -0.4858443158436462
0.996541840977364 0.0022968378569902417 0.0831004080514077 2.929235844395795 -0.0021574660129505237 1.0000098396197261 -0.00176727781181841 0.1640247566204733 -0.08310416571577743 0.0015815411028258226 0.9965415122057111 -0.29896261229422044
0.9923804822690792 0.004621500982600002 0.12315947628967372 2.3241427854232515 -0.004369485169194191 1.0000005475042393 -0.00231600648520823 0.1939693638101226 -0.12316828349122155 0.001759865631672778 0.9923859735633387 -0.1132869282536069
0.991848768247658 0.005209784074321407 0.12732636347545542 2.10715511587339 -0.005140650198352376 0.999992933624114 -0.0008710662568165375 0.1781861002260887 -0.1273287756717045 0.00020925881618927633 0.9918614999557961 0.009321713622729499
0.9926293034633719 0.004244959987276111 0.12113070639934027 2.080778875397744 -0.004517669996030845 0.9999941334476152 0.0019772014545192196 0.20663891892122996 -0.12112059835452602 -0.0025099785623111685 0.9926353029170907 1.25181748893284
0.9947897257905806 0.0027097391113411447 0.10193633585425008 2.5864840832665386 -0.0029262786031959186 1.0000024074162202 0.0019749769546609382 0.19513672930983741 -0.10193028520462515 -0.002263135208182127 0.9947901344307797 1.0794652233530595
0.9946202724554482 0.0019440238690582323 0.10359675911914354 2.876820568905511 -0.0020235585020789894 1.000010140891267 0.000662814194258794 0.1742866512135749 -0.10359463823701587 -0.0008690582408085604 0.9946193356538854 0.33298722997897784
0.994799795948144 0.0009438509882578307 0.10188870947370579 3.135602563535894 -0.0008175922331354463 1.0000082666777441 -0.0012806630510074633 0.17760014522605833 -0.10188870625548407 0.0011905738402300825 0.9947957115707218 -0.1872839461077188
0.9951389317355522 0.004504686039649631 0.09840564314835633 3.0774254987095127 -0.004085508490618003 1.0000031544699384 -0.004460419944650413 0.1544886792470321 -0.09842375478409984 0.004036236116638876 0.9951356446037143 -1.094696912320558
0.9952342554331703 0.0055397277212693805 0.0973756834038244 3.125936280268352 -0.005063482572926583 0.9999754814224365 -0.005137234093715174 0.1296343573141454 -0.0974009184977393 0.004619629998368311 0.9952330371733683 -1.4726660052428322
0.994768408243643 0.004210964360663596 0.10210169618805413 2.9439934961080123 -0.003981122577200943 0.9999999486573391 -0.0024551770299222303 0.12724407191859596 -0.1021106616886174 0.0020355228601133747 0.9947725119008434 -0.8427065306861922
0.9936321864950965 0.004717468543029467 0.11258453246323111 2.8775717751930845 -0.00465639187120547 0.9999957979065183 -0.0008055995439505687 0.17390839436532754 -0.11258644423429427 0.0002760558767540089 0.9936399582216643 0.5414824254829633
0.9940307633726563 0.00339013578809978 0.10905360075106174 3.1893971657764038 -0.0035123887033685682 1.000000878224689 0.0009287253429018113 0.16200454067509687 -0.10904996972317714 -0.0013064055949208264 0.9940367984337121 0.2650219615552624
0.9942467952876887 0.006312858459655695 0.10694645545238338 3.0901803724355745 -0.006269821235546026 0.9999950034369292 -0.0007391614118633913 0.1418770272164331 -0.10694916521334438 6.406499709830445e-05 0.9942663212619869 0.014731677327471472
0.9973901033769632 3.989917414930866e-05 0.07222799480965204 3.7979809608432387 8.605167693083198e-05 1.0000070370531002 -0.0017410026355899882 0.1224839756659162 -0.07222792825409272 0.0017424203472915828 0.9973884565483003 -0.9238484583765031
0.9962356863201839 0.0029300137784509235 0.08670094314995816 3.344820251750601 -0.0025604213545792117 1.000005734406266 -0.004373919939870639 0.11874323099820622 -0.08671239092362196 0.0041349165068126055 0.9962264617671341 -0.6316157362931888
0.9938525333385104 0.008236818442657364 0.11042279543402252 2.841585730650031 -0.007911960564203303 0.9999703850436383 -0.003379884845599198 0.14625769091363255 -0.11044648311948366 0.002485152390536419 0.9938791718575821 -0.36879536180797107
0.9947447288497985 0.007629825710463388 0.10210904670592381 3.0401580678001348 -0.007591180157186953 0.9999763546507335 -0.0007672442772466268 0.16750813108213802 -0.10211192575890685 -1.2014490108514264e-05 0.994773798280201 0.5612571524631307
0.996296673826805 0.0013412173534762383 0.08599499890932578 3.5678264025678144 -0.0013825465444451384 1.0000082113432673 0.0004209083126824696 0.14070847948110096 -0.08599432502383313 -0.0005384197973440246 0.9962961680733916 0.8337210356361754
0.997368499337837 0.0021785508563885374 0.07248964809145324 4.1054374372073825 -0.002054111655738576 0.999999805876374 -0.001791094191708018 0.11147189981155226 -0.07249338966490917 0.0016373470096056853 0.9973675095059366 0.21372998766684298
0.9976387065381717 0.004813549462268094 0.06855712219525124 3.5326765506821176 -0.004582574900143111 0.9999937963065605 -0.0035258741405607384 0.11530599913566837 -0.06857305313532527 0.003203073806548707 0.9976412066771654 -0.3225827056141736
0.9979632821473793 0.006832547866967133 0.06346081802053394 2.977394948599795 -0.006654266718262837 0.9999825813475368 -0.00302075726447384 0.14389993253735178 -0.06347976814533426 0.0025920320666664998 0.9979804369631523 0.4332145322939348
0.9969838758889271 0.005985267335840468 0.0774079719044939 2.7911830750877087 -0.005910783564147148 0.9999847339447374 -0.001191336187476167 0.13052101958328588 -0.07741374425444465 0.0007300656545186601 0.9969978791580202 0.43441117671168566
0.9975115227438389 0.0018435943495496152 0.07051485449636725 3.3701211560174182 -0.001789485322429551 1.0000044270328987 -0.00083048497370171 0.12828728088573121 -0.07051648543302906 0.000702036349026438 0.9975095677161427 0.7440011232750156
0.9977571102626108 0.0029345067311140473 0.06689006717317547 4.0206835419441465 -0.0028296838467692363 0.9999995950638915 -0.0016612301284394545 0.0904404274299661 -0.06689440815002433 0.0014681204191448066 0.9977591577151749 0.9492808186744334
0.9986655735108263 0.0026096396811685395 0.05163852283806047 4.046019621191262 -0.0024900487357977603 1.0000021456113766 -0.002378820374488057 0.09410090474056168 -0.05164453566661573 0.002246820765305111 0.9986641117857372 0.4598359532050078
0.9981446395388811 0.0036605916285800577 0.06079508774501968 3.623615889693999 -0.0035420598453836023 0.9999963705359883 -0.0020567597506034024 0.10055700498228679 -0.060801977287409416 0.001837474163202038 0.9981491611443828 0.8429861429320787
0.9982649387445776 0.003108863904926977 0.05883666168878585 4.048297643811993 -0.0030444152052681514 1.000002239287559 -0.0011841273876084498 0.09178610032764352 -0.0588398025201288 0.001002746216755629 0.9982669682006612 0.6214980619709768
0.9983428392510212 0.0023237972780860454 0.057530206887257254 4.02188661739143 -0.0022906078819121003 1.000004055980106 -0.0006411296862919053 0.052994420598541196 -0.05753147495313965 0.0005081319514126132 0.9983447058109309 0.7068492779993438
0.9985406660315803 0.004307602943879781 0.05386214485631066 3.572493553555232 -0.004178826059378343 0.9999945868521436 -0.002501417860336583 0.09602508160167628 -0.05387226200872422 0.0022725521869041273 0.9985460237003473 0.7751348572739165
0.9987683394800468 0.004865621971510977 0.04939557099685058 3.4749939202444744 -0.00477200223475677 0.9999919944323031 -0.002011765730976128 0.08453222129681272 -0.049404519351084794 0.0017734535549108726 0.9987777010430093 0.8886921086078368
0.9985019149403911 0.0013371581321557913 0.05472243255099617 3.5922719171815642 -0.0012454963307034334 1.0000027223995775 -0.0017081052361520904 0.09562408341273962 -0.05472445148294068 0.0016372679731311952 0.9985008455031034 0.6148058143611963
0.9989674654906349 0.00508340980082938 0.0451691761902564 3.534965842000947 -0.005064604985188283 0.9999916979157591 -0.0005300134544013668 0.08466673527300259 -0.04517127714073159 0.00030060336393508707 0.9989795111766867 0.804884656072755
0.9989663398400079 0.0038552258347623264 0.045303773053509654 3.4429358666314784 -0.0037876752840058994 0.999993445895754 -0.001576692262487633 0.07670064688279005 -0.04530955019167783 0.0014034307483024016 0.998971529454451 0.915751589132529
0.9987167783746841 0.0037204078596641105 0.05053595083145357 3.218949675438357 -0.003649110789959511 0.9999957940035755 -0.0015026815789504595 0.10808257049009885 -0.050541163674650835 0.0013162588256660133 0.9987213843727292 0.812278457805489
0.9991747059050783 0.004040363737092493 0.04045935748348357 3.394102991905877 -0.003938842478364876 0.9999969151801184 -0.0025879404581223425 0.0848338406988643 -0.04046912103724546 0.0024262857917193834 0.9991798855129814 0.7660793999728627
0.9994438086461173 0.0032793098518216993 0.033212475273021395 3.5593242625992128 -0.0032108119656735685 0.9999974196317195 -0.002115497737351195 0.11776546385398685 -0.03321887042756628 0.0020075697164419946 0.9994468344694781 0.8581536733856265
0.9990103808086299 0.002387947872199088 0.044449049559048846 3.206194965686526 -0.002310315191358671 0.999998392284977 -0.0017980365961962606 0.11426114746190759 -0.044453268720307054 0.0016934946095551247 0.9990109374128552 0.39905711669942845
0.9993640258420352 0.006172336942974109 0.035121311089432256 3.0749335228894394 -0.006090460968812547 0.9999749768730299 -0.002437012142441577 0.12545433278165632 -0.03513572136195581 0.002221651200322306 0.9993796927814024 0.9272138496751645
0.998979410933667 0.004012501646884818 0.04500599194513239 3.0642281998495124 -0.003976662493185645 0.9999925765080593 -0.0008860901730665499 0.14294613204924647 -0.04500944565381101 0.0007061786199392847 0.9989863841714937 0.8346559446649923
0.9995162847859108 0.0004454299912146959 0.031069531205436533 3.5681012345234255 -0.0004189941183188192 0.9999992592640441 -0.0008580600365969878 0.12393665319782385 -0.03106992343906338 0.0008446426869385169 0.9995169651289254 1.122670613077069
0.9994811033144391 0.0006449063604914155 0.03221365736799192 3.3934603705453545 -0.0005782242994818468 0.999997927961669 -0.002080345300729733 0.15149744834518808 -0.032214948840327995 0.002060621854754964 0.9994790836377435 1.252381938288954
0.9998085460145004 0.004256668804476898 0.01916077212770322 3.132153396259751 -0.004230738731768561 0.9999908463363518 -0.0013948808045235175 0.12972648085719862 -0.01916670433228798 0.0013134856204695094 0.9998161704967476 1.1716006166307817
0.999636911633482 0.0020967639638653597 0.0268870989201318 3.4670237175036833 -0.0020839406365143645 0.9999993809638527 -0.0005061266477548452 0.16000129976068586 -0.026888178071861956 0.00044985668436519336 0.9996392280929262 1.462042863197133
0.999854053132817 -0.0010440845431957573 0.017112822259071053 3.530966202662996 0.001038756529078753 1.0000005810779924 0.000317451698694321 0.13952121363478767 -0.01711341510132997 -0.00029966614299653814 0.9998525906343503 1.4665621859246472
0.9999883246363872 0.004637056219566562 -0.0010997040360240155 2.927948390694335 -0.004640792486448721 0.9999867427107603 -0.003332209502608922 0.15324069625029565 0.0010843395113767232 0.003337220839406486 0.9999952145901558 1.2745116277518806
0.9998385026177307 0.0014750913709642942 -0.01788227886831939 2.6990333479636694 -0.0015642782727709997 0.9999860359702472 -0.004972653551778763 0.14482362428168993 0.01787455629874279 0.004999816216938135 0.9998280365868338 0.5811000191471009
0.9997936968168976 -0.0003774879729616137 -0.02032620735383077 2.599854596529936 0.0002875145369209408 0.99998931882106 -0.004430644587269967 0.19749506253864074 0.020327600747765167 0.004423892805683179 0.9997842421400012 1.1188566399924067
0.9999458587715899 0.0036015671820548746 -0.009636698174603414 2.3725299671007396 -0.0036250248530337328 0.9999933013748431 -0.002399115300342184 0.16659555821136993 0.00962821700150783 0.0024338685898403173 0.9999516811329182 0.9219646973481459
0.9997536386589297 0.0016347922876986676 -0.022099622345979772 1.8387195583922242 -0.0016607145919842077 0.9999994303132357 -0.001150378272048322 0.17647804751108387 0.022097641619344324 0.0011867796676236157 0.9997554832218835 1.5377716979774936
0.9994985038312936 -0.0009244615585244356 -0.03164775245566308 1.8791010814301428 0.0008738028581064797 1.0000001506609233 -0.0016127249393605887 0.17768106865707434 0.031649411112737294 0.00158424217775048 0.9994975524493617 1.4905174733042508
0.9995097499854048 0.0014302154260410038 -0.031288788961103 2.1469591670079247 -0.0014574406682135623 0.9999954558032117 -0.0008497007883790396 0.20196534997452617 0.03128728932391855 0.0008949527278507554 0.9995095639770322 1.9938226919787951
