1.000000e+00 -1.822835e-10 5.241111e-10 -5.551115e-17 -1.822835e-10 9.999999e-01 -5.072855e-10 -3.330669e-16 5.241111e-10 -5.072855e-10 9.999999e-01 2.220446e-16
0.9999998647474472 0.00043058064892330047 0.0002917282846251234 0.008520185272435218 -0.0004298753768129488 0.9999969955185583 -0.0024133298607969377 0.004338685123379184 -0.00029276654127043415 0.002413204127581633 0.9999970453624305 0.8656848003585541
0.9999915184369268 0.0023836472137832424 -0.0033587617018564107 -0.0019339809576614428 -0.002387254878090494 0.9999965775096339 -0.0010705060326458159 0.019288385351238 0.00335619849780479 0.0010785151733384798 0.9999937863490275 1.0987938216957172
0.9999993336640395 0.0006868795813245965 -0.0009278296815395747 -0.20017060798777306 -0.0006861627721881542 0.9999994660861671 0.0007726629478728013 -0.02101363182310712 0.000928359912560613 -0.00077202579083329 0.9999992710617599 0.9802986463756649
0.999989540191954 -0.00030787548522518587 0.004563410935942803 -0.09868904181045954 0.00029491233134023805 0.9999959206577127 0.0028410727992348476 0.004576329053355839 -0.0045642670168942225 -0.00283969727600074 0.9999855516886128 0.9943299238915065
0.99999892598693 0.0014637411482033807 -7.407319117107719e-05 -0.15822023155754844 -0.001463760003939555 0.9999988961532986 -0.0002551447337138606 -0.017694643940372148 7.369964356014509e-05 0.0002552528850596822 0.9999999647071629 1.002951164782896
0.999997350543274 -0.0005885502019175286 -0.0022254246993236035 -0.08765308811419072 0.0005845568421402476 0.9999982187593409 -0.0017946507859836858 0.015520524518342392 0.002226476977389108 0.0017933451438994323 0.9999959133483817 0.7638759000632233
0.9999996199164053 0.000321538851324898 -0.0008104195283962098 -0.24262351621470551 -0.0003231452703437746 0.9999979819279129 -0.0019828558282911847 0.0009390627018888112 0.0008097803277258091 0.001983116957877809 0.9999977057488443 1.075989964595762
0.999991002419746 -0.002973098048298077 0.0030258498883253084 -0.03774697200259 0.00297368280464591 0.99999556077782 -0.00018877296033456868 0.017144950696757873 -0.0030252752153854287 0.000197769179617061 0.9999954042880511 0.9757786578555173
0.9999902259428759 -0.0015453643829004846 -0.004142447059394845 0.17958079123554208 0.001549615091791243 0.9999982759561242 0.001023121618589905 0.017131048434400758 0.004140858821925618 -0.0010295308170209447 0.9999908966358212 0.8425916755617568
0.9999976536149159 0.0018191865220854692 0.0011761484006807311 0.2203241107424544 -0.0018211632928438399 0.9999969273933451 0.0016818347510008038 -0.03842788284022981 -0.0011730852157279326 -0.0016839727630630868 0.9999978940511874 0.7375585127344391
0.9999999399691492 0.00014311100320313087 -0.0003155644765216988 0.07880019857739887 -0.00014308783068914407 0.9999999870652425 7.345330127274783e-05 -0.006963636338267681 0.0003155749844155826 -7.34081434268956e-05 0.9999999475118354 1.0987684324245637
0.9999821301800512 -0.003572016354740267 0.004793747983425919 0.13269356557990042 0.0035667511249757072 0.9999930269992077 0.0011064535120394968 0.03032662523615689 -0.004797666826658197 -0.0010893356339017207 0.9999878977972169 1.192572858215505
0.9999992365318435 0.00037421724582670067 0.0011776659895561604 0.16567141281113948 -0.00037470950634962687 0.9999998425163545 0.00041780384388247644 -0.005516499345335238 -0.0011775094546892736 -0.0004182448075441373 0.9999992192710778 1.0272662456944943
0.9999846316221271 -0.004784388386773417 0.0028010975211967813 0.5189479110304218 0.004786012264519712 0.9999883826317423 -0.0005733133141327668 -0.003961173125356497 -0.0027983220262532324 0.0005867105903276793 0.9999959125739069 1.1644743600728746
0.9999578601914748 -0.0002407720943203109 0.009177138447544763 0.461305155902979 0.00026146524252008106 0.9999974261756132 -0.00225372537723192 -0.014650389582280389 -0.009176572193022928 0.002256029908405883 0.9999553494290825 1.3262916824852293
0.9999981197701788 -0.0017856842527456626 -0.0007561665534836536 0.051351840451659 0.0017860506754050136 0.9999982877941151 0.0004841816012733504 -0.02001639287773991 0.0007553006633099677 -0.00048553124268423304 0.999999596890079 0.3720224576643317
0.9999862783233174 0.004053891422697986 -0.003318000815788641 -0.19564532063496268 -0.0040534113925699816 0.9999917734352852 0.00015138637883063962 -0.0015294643435720301 0.003318587223982861 -0.000137935079248421 0.999994483961162 0.7016813270108403
0.9999965599443645 -0.0013935083012708636 -0.002222213772661262 0.02459084119661919 0.0013927994148481915 0.999998978689199 -0.0003205157549788033 -2.8572450753708376e-05 0.0022226581444555844 0.0003174195543445439 0.9999974795146234 0.3455317081723106
0.9999538972523612 0.003749104452002411 0.00884011230822927 0.11987470639933571 -0.0037463823763273455 0.9999929296465285 -0.0003244626994130365 -0.017485735292656204 -0.008841266250061403 0.0002913292998347827 0.9999608728036985 1.383946945775495
0.9999787498455668 -0.003078323012896379 0.0057466324682866644 0.41395560789810104 0.0030758079716361676 0.9999951700360487 0.0004464413688521082 -0.03453024702089996 -0.005747979002998647 -0.0004287563439480554 0.9999833883147152 1.187097916566999
0.9999529086690548 0.0008258373578525617 0.009669458979442751 0.3964431951340049 -0.0008333700311284949 0.9999993524238375 0.0007750137397052617 -0.05090874143571814 -0.009668812682432516 -0.0007830354806074522 0.9999529493514923 1.0561590808499415
0.999999082291798 0.0009494788781011579 0.0009663878216448588 -0.02311699413732285 -0.0009495098659758996 0.9999995487158921 3.1607379350279004e-05 -0.003867158337722181 -0.0009663573749903077 -3.252494511493848e-05 0.9999995325476666 0.14272869954916537
0.9999975744371414 -0.0005556600756786716 0.002131281706907978 0.2777463241095277 0.000556097944647047 0.9999998243933932 -0.0002048615600745358 0.003215058112322208 -0.002131167499250855 0.00020604626454661992 0.9999977078323865 0.9338673113154016
0.9999995568019152 -0.00032460034829824596 -0.0008837593489778821 -0.05027814526620382 0.0003241798691301507 0.9999998342197722 -0.00047588637354632166 -0.001616172737658132 0.0008839136753506595 0.00047559966564429814 0.9999994962506594 1.005880865510364
0.9999721968857617 -0.00045678836263374716 0.007442902649869309 -0.04390441033112748 0.0004582100051898726 0.9999998771040965 -0.00018930235886522245 -0.001220912043831583 -0.007442815264052514 0.00019270750813193765 0.999972283298273 0.8612712129449541
0.999986995489992 8.32222897717317e-05 0.005099208266903859 -0.09213233576176436 -8.504347232289728e-05 0.9999999326827634 0.0003569342747944554 -0.020216456436715987 -0.005099178218751603 -0.0003573632874162218 0.9999869352511433 0.8534285972759275
0.9999920785581362 -0.0007568678968467094 0.003907681149360056 -0.0717366472683595 0.0007525153739219711 0.9999990950377963 0.0011151879664997868 0.003053469844822837 -0.0039085216630271044 -0.0011122385424618645 0.9999917431578295 1.1458442573659633
0.9999968451017267 -0.00038764266011075826 0.002481837980445303 0.2283185358870567 0.00038787125506265223 0.9999999205802369 -9.162646628067949e-05 0.0067994454224243606 -0.0024818022650111926 9.258881082083672e-05 0.9999969160376593 0.9220310818766093
0.9999962389819155 -0.0009716021876810432 0.00256476338339227 -0.0129918256503267 0.0009736504476579059 0.9999992080086775 -0.0007974878203841295 0.030718642526073342 -0.0025639865112109914 0.0007999820040343914 0.9999963929944766 0.9320040566704895
0.9999990356655373 0.0004097683117721446 -0.0013269355395638728 -0.050632366957404584 -0.0004122837113294563 0.9999981177392016 -0.0018959272652965499 0.00021627523981890615 0.001326156151010381 0.0018964725108974955 0.9999973223473543 0.8664618394228145
0.9999852564882584 -0.0004679752203944757 -0.005409972763794002 -0.042369403700449636 0.00046556559629457636 0.999999791874022 -0.0004466548870829614 -0.0201605611065405 0.005410180661257352 0.0004441296046256761 0.9999852662385115 0.6696837881957063
0.9999993090818411 0.00039517554230594613 0.0011071007773352487 0.12347807503213717 -0.00039439867171466665 0.9999996759303982 -0.0007018466972565917 0.003573248203874296 -0.0011073777712067446 0.0007014095732619285 0.9999991408691722 0.5719911972129438
0.9999987193808815 -0.0012261920501554914 0.001028440398466688 -1.1294741117905911e-05 0.0012260169487517442 0.9999992338422505 0.0001708723307755519 -5.999965921775422e-06 -0.0010286491328126955 -0.00016961122659387714 0.999999456556349 7.95164172119665e-05
0.999976362408161 0.0006637710360622497 -0.006843539504804864 -0.23539969184329151 -0.0006693774831135144 0.9999994422433642 -0.0008169741401079459 -0.00858607358138369 0.006842993404003878 0.0008215357400559932 0.9999762489780948 1.3393698235715603
0.9999885539484248 -0.0012942311150931432 -0.004606184750859763 0.35886003712468184 0.001295174728992871 0.9999991408828737 0.00020188099466126943 0.004378843705777651 0.00460591951294272 -0.00020784449800737836 0.9999893710965657 0.9349964767830288
0.9999871980431682 0.0009013005077868735 0.004979097023393337 0.2828810019786373 -0.0009067446522958055 0.999998993492416 0.001091250791720745 0.007654833642103328 -0.004978108467001721 -0.0010957515911744406 0.9999870087978849 0.2524143396200302
0.9999988475109658 -0.001143710375535152 0.000998450458023617 -7.351401524513829e-06 0.001143257775053147 0.9999992435332858 0.0004537560092077461 -4.939975098015114e-06 -0.000998968668184772 -0.00045261400000978037 0.9999993986009026 4.3194288600597305e-05
0.9999994750441216 0.0005958141998992714 -0.0008336167708258384 0.09381497949186328 -0.0005946771247452518 0.9999988934630301 0.0013636098536098573 -0.016787100067743678 0.0008344283065119661 -0.0013631134049504347 0.9999987228248077 1.2792332911702216
0.9999976711154897 0.0012604275817730095 -0.0017518806775110168 0.07982827153819218 -0.0012598607594610331 0.9999991536870851 0.0003246166667307785 -0.01132237391760624 0.0017522883506720247 -0.00032240878501519737 0.9999984127677961 0.9354436672601226
0.9999968752584647 -0.00014046356830827383 -0.0024959453705267697 -0.2465482016286646 0.0001387112201351392 0.9999997438110413 -0.0007022371744700446 0.020310792625882302 0.002496043369832449 0.0007018887645326415 0.9999966385541794 1.0816192310852595
0.999996522195472 0.0014866458498294015 0.00217841251326502 0.16852198798984128 -0.0014838949783862636 0.9999981003552234 -0.0012638598171945759 0.018692388882956778 -0.002180287287007067 0.0012606228863478934 0.9999968285836133 1.1204510652959
0.9999793743579617 0.0026941489427783163 -0.005830301890439319 -0.19174698130749956 -0.0026879142566759782 0.999995807659788 0.0010769307299458583 0.015346227412906574 0.005833178859617785 -0.0010612371659860856 0.9999824237455722 0.9798255975706596
0.9999962826256443 0.0020327240388779938 -0.0018173518850699943 -0.19349034780897512 -0.0020303206190694163 0.9999970632634705 0.0013233527943591356 0.03738070262303032 0.0018200365590233369 -0.001319658067957032 0.9999974729815608 0.5554798427499925
0.9999823490057005 -0.0022891717146839297 -0.005482824992843491 -0.25131637656969563 0.002294152608946768 0.9999969613211916 0.0009023370711725156 0.011244963935916898 0.005480742727798937 -0.0009148995812877465 0.9999845620897894 0.5467419495016653
0.9999998238083158 0.0005147558953893698 -0.00029565132411400665 -1.7782786681852566e-06 -0.0005148000380878746 0.9999998563526797 -0.00014924992626389128 -2.4840168492398576e-06 0.0002955744543650555 0.00014940210128021005 0.9999999451573754 2.092486269506336e-05
0.9999981545521 0.0018571789963462654 -0.0004917098431808465 -0.08893295698156424 -0.0018582877255443199 0.999995710363338 -0.0022640719184766297 -0.012566383305117525 0.000487502947111064 0.0022649814786159747 0.9999973160962873 0.9047088890237959
0.9999995040623927 -4.7016370060199225e-05 -0.0009948187923049406 -5.5245917572088206e-05 4.670781075975504e-05 0.9999999508011096 -0.000310187296257141 -1.7414102526735558e-05 0.0009948333272416687 0.00031014067661570426 0.9999994570595585 0.00020783080388603952
0.9999997309009611 0.0005045740634066138 0.0005325439137215976 -0.2955131910827254 -0.0005047087162145354 0.9999998406947339 0.0002527441758856959 0.022794261161026674 -0.0005324163007287188 -0.00025301288742750333 0.9999998262586657 0.9545923922011966
0.9999941854102518 0.0032888544644928594 -0.0009014333022848368 -0.17547167747105444 -0.003287962309441577 0.9999941051697496 0.0009894087140694208 0.0650456514027164 0.0009046820097550132 -0.0009864390823412672 0.9999991042437978 1.0549660833689463
0.9999935608800284 0.0026073320377855962 -0.0024657692766229863 0.1484883885604921 -0.0026037274674206414 0.9999955387518005 0.0014639261496821687 0.029320513445256102 0.002469575217765259 -0.0014574965320921964 0.9999958884425989 0.7116179328651928
0.9999943032481716 0.0033729210128790855 -0.00012990398231840463 -0.37606681386409785 -0.0033728276520411534 0.9999940582943826 0.0007123268636146434 0.030883602281971265 0.00013230583271350724 -0.000711884661921607 0.999999737857663 0.8028648968645725
0.9999690716261532 0.0034550007778368836 0.007065320994433168 -0.2564363605025478 -0.0034499065378374998 0.9999937803493752 -0.0007330807906472815 0.04804157521281459 -0.007067809845306935 0.000708683420559913 0.9999747715976638 0.3895809778350453
0.9999966036325739 0.000749971364743957 0.0024960501334756464 1.1503635969778767e-05 -0.0007511965161425756 0.9999995978337916 0.0004899347396832718 4.751450760846217e-06 -0.002495681692623273 -0.0004918080998492651 0.9999967648436079 4.095938071873686e-05
0.9999880652631127 0.0048744020207055795 0.0003309626525276797 -0.34000054537233226 -0.004874467934262645 0.999988099980776 0.00019864338787011583 0.016454478735975026 -0.0003299904463345183 -0.00020025428395073188 0.9999999255022608 0.7766264868941133
0.9999953612388593 0.0019168464941906613 0.002367107999407245 -0.5107342344168015 -0.0019166432789522788 0.999998159355445 -8.811505674245597e-05 0.02453954591385247 -0.0023672725454403974 8.357774636013677e-05 0.9999971945137925 0.7612547337741508
0.9999913768838334 0.0012038963786326 0.00397451776754593 -0.09444978156127978 -0.0012028175942126688 0.9999992391302037 -0.0002738043986787982 0.0320994679544715 -0.003974844375579429 0.00026902141773234637 0.9999920640883441 0.6807206074537161
0.9999991900268491 0.0010812346439824806 0.0006714739685944689 -0.43856296113730514 -0.0010811304966338955 0.9999994034964866 -0.0001554461972884624 0.027435534207400577 -0.000671641641871671 0.00015472012039607292 0.9999997624795665 1.1349150312890137
0.9999756327619851 0.0035996019758672507 0.005981366723669291 0.1521165211373681 -0.0035885107344697806 0.999991824018406 -0.001863997599250425 0.03346343848224467 -0.005988027469566325 0.001842487980082577 0.9999803741899473 0.6531265117456682
0.9999958719005865 0.0006421885529665841 0.0028006741417461655 -9.052341498982329e-06 -0.0006403672899531463 0.9999995829713304 -0.0006511427641835592 -4.7877135235107075e-06 -0.00280109113021426 0.0006493466160913045 0.9999958661101817 5.6589942943634446e-05
0.9999613005212021 0.0011362320150853143 0.008723900317749795 -0.036561747392834944 -0.001137323512819501 0.9999993460286951 0.00012015577115395858 -0.02120741552337164 -0.008723758087735338 -0.0001300730181431107 0.9999619388385924 0.5116138055825551
0.9999932953986105 -0.000578452714531452 0.003615874760611705 -0.015821355101813317 0.0005770855423958451 0.999999761614573 0.0003791346382823889 -0.0030302500853308986 -0.003616093210100543 -0.00037704542728830316 0.9999933908314803 0.5267822418273338
0.9999602224298508 0.002224743867618735 0.008637364920309388 0.08321270885944757 -0.002231721722081039 0.9999971910523406 0.0007983142136112598 -0.05936408829692502 -0.008635564613752247 -0.0008175586535258221 0.9999623786031401 0.13081472577713157
0.999995084088586 0.0006309425134476547 0.003071434551893117 -2.295222194063111e-06 -0.0006306979679314681 0.9999997978628645 -8.058724040242165e-05 4.489631172067245e-06 -0.003071484776958146 7.864969671217325e-05 0.9999952798866053 1.4784344657196913e-05
0.9999704390663898 0.0035522125832635467 0.006819294621501202 -0.08009001993997689 -0.003550494550082956 0.9999936621191007 -0.0002640266646216134 -0.02196037866656331 -0.006820189280464461 0.00023980699135785915 0.9999767134842619 0.059995282738839
0.9999807458264687 0.002261850320303756 0.005778581959952905 -0.2577399333157367 -0.0022650039686243403 0.9999972894732082 0.0005392617719384677 0.008486439162296853 -0.005777346567540097 -0.0005523398999710463 0.9999831584518178 0.5124685878881645
0.9999919911077905 -0.0001988664695237304 0.003997270619318127 9.431972223634867e-07 0.00019879316592713586 0.9999999800651248 1.8735720541976212e-05 -3.249458339062173e-06 -0.003997274265539634 -1.7940940408128147e-05 0.99999201070637 1.3246017421329912e-05
0.9999475887585781 -0.0006381695408213525 0.0102182422922337 0.004748123312229925 0.0006468764919259114 0.9999994305306589 -0.0008488163300991983 0.003864074620597519 -0.010217694784530372 0.0008553817833092477 0.9999474321359574 0.17252542438328333
0.9998900705188747 -0.0003685035267432749 0.01482265438140814 0.21612368355607736 0.0003838825899318177 0.999999391008768 -0.0010347058762479398 -0.03225258588935007 -0.014822264061777049 0.0010402822905214457 0.999889603056677 0.27134231875341264
0.9999456224985059 0.0008269811622317018 0.01039558311172992 0.043575257594209396 -0.0007975622678233768 0.9999956668146635 -0.0028337689259440796 0.09281223586336877 -0.010397881539261487 0.0028253237078281375 0.9999419491177683 0.03902503861606958
0.9999610065868374 0.001077151424511624 0.008764990054051432 -0.012841713343207883 -0.0010699972286051036 0.9999990906367278 -0.0008208724920649691 -0.055020768531305775 -0.008765866287465568 0.000811461968378146 0.9999612498080634 0.032608218445679855
0.9999175724711694 0.0013975192037253695 0.012763040524847313 -0.04333296843118203 -0.001400366233759709 0.9999989965599718 0.00021413421258215145 -0.10004169369829749 -0.012762728461227309 -0.0002319894930192732 0.9999185261525562 0.06231267681649454
0.9999458863460181 9.503165585769706e-05 0.010402660652962775 0.024700198612030936 -9.624931969646505e-05 0.9999999885757869 0.00011655254001797327 0.0033166933981902506 -0.01040264945793969 -0.00011754748194503288 0.9999458840691554 0.030673260051493845
0.9999700408265194 0.0003737809947000925 0.007731606377527708 2.654670904448899e-05 -0.00037611152703440125 0.9999998842768163 0.0002999774543218036 -1.0737551913738894e-05 -0.007731493356930339 -0.00030287641352629013 0.9999700656901435 2.068336651805522e-05
0.9999351341564477 -0.0011426320038257004 0.011332337430146316 -0.036628776388874656 0.0011387053475438481 0.999999289389242 0.0003529463734060331 -0.00539174195916821 -0.011332732665087313 -0.00034001928600991453 0.9999357247129572 0.12436350491249634
0.9999475043313933 0.0005805582420442677 0.010229933213158736 -0.0007959494820135313 -0.0005823341698489166 0.9999998158872899 0.00017062327141651145 0.009770372671105651 -0.010229832272951505 -0.00017657155409909326 0.9999476583072504 -0.011283286571219573
0.999880449712703 0.000890602011451039 0.015436745459452913 -0.012359101653203055 -0.000879796169870891 0.9999993632068945 -0.0007067846240294812 0.0060351031472457095 -0.01543736509324766 0.0006931189381941229 0.9998805965439649 0.10501915683239359
0.9997519512965997 -0.00014419488160143188 0.02227139615016291 0.2405177126410337 0.00015422205566944608 0.9999998875273272 -0.00044850963261144 0.02698411058157108 -0.022271328972446082 0.00045183312087551485 0.9997518610898566 0.4459923028696309
0.9999188121399173 0.0005285610706318397 0.01273144736043069 -0.1581544046637052 -0.0005252229791838042 0.9999998268160454 -0.0002655347458759667 0.028826819778037683 -0.012731585506877861 0.0002588263389662043 0.9999189165824434 0.13731671394457734
0.9999017845431278 0.0008361719941624736 0.013990070902767915 -0.035268588520070615 -0.000835959115505915 0.9999996503642661 -2.106425403085752e-05 0.034079933114266915 -0.013990083624678505 9.367057897781306e-06 0.9999021339473343 0.19340720529295918
0.9995507923405201 0.0017911362338794239 0.02991664022630138 -0.16010632283737156 -0.0018080285569527876 0.9999982210053286 0.0005376047944280227 -0.01955508242146933 -0.029915624081331027 -0.0005914534380938281 0.9995522525704471 0.1715582221551354
0.9998206292355964 0.0004980298875008757 0.01893307479431514 -0.03347476771035182 -0.0005038439583316675 0.9999998273729686 0.00030231655399076235 0.004069828050572471 -0.018932920963275267 -0.0003118016425871384 0.9998207075688791 0.09644854925276505
0.999437239469926 -0.0009671643673886771 0.03353012009850503 0.11704743597897815 0.0009703161562117597 0.9999995262224328 -7.772687368247235e-05 0.021926670912087824 -0.03353002903802369 0.00011021794931713787 0.9994377044141936 0.31409512730473793
0.9994336755265307 -0.0017999184808594043 0.0336019124008093 0.3107837374298341 0.0018146126736438976 0.9999982708411148 -0.00040681153499601557 -0.0324750937607564 -0.033601122070163844 0.00046755560376883834 0.9994352135017974 0.3884321976815393
0.9998037930127593 -7.810026184126559e-05 0.01980831587107991 -0.0396972092672209 7.599109170968844e-05 0.9999999913633579 0.00010723170278780571 0.011639577162333643 -0.01980832407482664 -0.00010570540763049134 0.999803790312736 0.07056064245939161
0.99919971410592 0.0007378511963139158 0.03999233559395897 0.17315929544863515 -0.0006521554929502269 0.9999974635922504 -0.0021558066422850955 0.00817348025250114 -0.03999382482159908 0.002128000159305402 0.9991976609217325 0.4861985978347754
0.9996665836131391 0.000713440018551102 0.02581109471864153 -0.027451928877760504 -0.000678702139648195 0.9999988522292761 -0.0013545861124303709 0.007666049994320574 -0.025812031509363845 0.001336616426010868 0.9996659204383679 0.1207012305135837
0.9996292497897518 0.0005794373757289916 0.027221815095719526 -0.012401287697782655 -0.000560591071791562 0.9999995979037243 -0.0006999500267910073 0.0013458764992690716 -0.027222209727135724 0.0006844302136707902 0.9996291726699729 0.07162706343727142
0.9990155818365785 0.003131052519156857 0.04425001421293531 0.03020093426643216 -0.0031170223563973453 0.9999950675523844 -0.0003860602699064044 0.003938913040813473 -0.044251004727038856 0.0002477519415919135 0.9990204138052551 0.4895280022280406
0.9992984490210214 0.004894383501749533 0.03713024096769396 -0.09980682324678632 -0.004945354182963154 0.9999869511258374 0.0012810347603445483 0.004471724868166559 -0.037123486584455745 -0.001463758241638338 0.9993096137612325 0.15703750969586006
0.9993890567435836 0.0018361301568697325 0.03490188945053282 -0.07033007747947215 -0.001883974152320837 0.9999973302270238 0.0013379761649964786 -0.009790511754374837 -0.034899339572025824 -0.001402912995073191 0.999389847823443 0.16771062008152254
0.9986874562620727 -0.0005272216461608565 0.051216078941349594 0.10411765096335839 0.00045749012730591756 0.9999989524708941 0.0013732297323506316 0.003964344469946821 -0.05121674928745626 -0.0013479964577897113 0.9986866513065926 0.5077744729910334
0.9986887959940608 0.0002156839214792964 0.05119220874683276 0.11463673453134358 -0.0002896240519020652 0.9999989256468047 0.001436949249253869 0.0016849251738306993 -0.05119184382147068 -0.0014498916105649899 0.9986877855168129 0.3706527655301006
0.9985370074919645 0.0007629069846533593 0.054067204865103864 -0.1369108152969144 -0.000774973203139152 0.9999996792646949 0.0002022054443937512 0.02462792575949107 -0.054067033259896556 -0.0002438102542826094 0.9985372784583624 0.47764767018887583
0.998403457848649 0.001046253523182359 0.05647513354943022 0.09146079660032458 -0.0010666939022627915 0.999999376038825 0.0003317922233518547 -0.01702817048910634 -0.05647475117235688 -0.000391504183668437 0.9984039509159078 0.49881917309294865
0.9983672801106466 0.0018979464833863318 0.05708915662028911 -0.015085444832491529 -0.0019659163766842726 0.9999974240907517 0.0011344534636864004 -0.022420697355025488 -0.05708685643184062 -0.0012448337268836133 0.9983684396112104 0.28845234815678183
0.9984606098418918 0.0020151505484054012 0.055428780993494 0.039779472765618135 -0.0021488943100340463 0.9999949218715625 0.0023533984643389653 -0.015308650594925132 -0.05542375706681895 -0.002468886257993898 0.9984598698762226 0.46401213048444423
0.9993071296046623 0.001205254984339114 0.03719957098829878 0.020780627429311735 -0.001181620015631722 0.9999990858420632 -0.000657334904454767 -0.002595915365105699 -0.037200329238185684 0.0006129236989069612 0.9993076402335318 0.07209801275433979
0.9994917953527971 0.00310637141849561 0.031725407468662536 -0.008528281331128078 -0.003082673914252483 0.9999949318662281 -0.0007958413133450571 0.0023405702952058053 -0.03172771885876295 0.0006976377770685022 0.9994963057248142 0.1894125865476899
0.998437829811726 6.845424677712158e-05 0.05587392338888394 -0.23015483474178364 -6.07283033663268e-05 0.9999999883598916 -0.00013997246093943016 0.013763223381665222 -0.05587393232021479 0.0001363606715639442 0.9984378223469117 0.42609534199977217
0.998750513837952 -0.0024799025014319662 0.049912535419573044 0.44021020220518425 0.0024187857931531782 0.9999962493230704 0.0012848404875469995 -0.03237252404428374 -0.04991553449291696 -0.0011625073655642526 0.9987527662003802 0.43018318957260077
0.9994933184087368 -0.00346737774854903 0.03163990751946558 0.25904652383599336 0.00344221604455687 0.9999937145706141 0.0008496869821934747 0.013122032203180794 -0.03164265483479638 -0.0007403450641294614 0.9994989716273809 0.2545858672105803
0.9989336041416034 -0.003443640722690926 0.04604124080907779 0.2329628815512756 0.0034548072771812452 0.9999940188571926 -0.0001629617076661049 -0.016122799782261093 -0.04604040424826872 0.0003218515397736286 0.9989395264920906 0.9495133384758575
0.9997607397121931 -0.0007442258613654265 0.021861140363573457 0.01631550835031985 0.0007743217785271361 0.9999987641538935 -0.0013682530719485147 0.011751389216586713 -0.021860095057247217 0.001384853260411681 0.9997600804320681 0.11017176055983799
0.9993287730345561 -0.004888816145559913 0.03630568635824795 0.04798954299203922 0.004903146947226613 0.9999879327757565 -0.00030570064290712424 0.03148907966185022 -0.0363037537351506 0.0004835075636266617 0.9993406844941185 0.25889595111160774
0.9996612612287015 -0.0031204639754860587 0.02583845009321568 0.3175247638993529 0.0031396468378165924 0.9999948249777273 -0.0007018799743610183 0.002127883186912367 -0.025836126187485844 0.0007827658285301506 0.9996658851142626 0.7402023922882791
0.9996597166716469 -0.002731567216230555 0.025942039328200207 0.11630598284228076 0.002716332275628894 0.9999961170151295 0.0006224898648425621 0.01153846079440084 -0.025943638968561226 -0.0005518108431966631 0.9996632548522838 0.5699880625917034
0.9999624288159258 -0.0009599425519821419 0.008615072074658699 -6.657869687239208e-06 0.0009575904357459664 0.9999995031057081 0.0002771441761646134 -5.295198467916608e-06 -0.008615333836366293 -0.00026888405290780026 0.9999628511721094 2.3205503929094626e-05
0.9998488230872876 -0.0007056998592144232 0.01737334045814426 0.009020369654911877 0.0007297438886166081 0.9999987847618315 -0.0013776605958480206 0.02450058036221148 -0.017372347130509287 0.0013901304143965614 0.9998481230129944 0.38636762315149453
0.9999122922347815 0.0013333607009792968 0.013176873188501472 -0.04417352210610111 -0.001319270783176511 0.9999985487991055 -0.001077925917436074 0.005218752258012507 -0.013178291330268191 0.0010604475111515726 0.999912600224985 0.23537639464040394
0.9999947236778005 -5.597666763422481e-05 0.0032479967937139816 9.642719226672986e-06 5.505632300388461e-05 0.999999958313487 0.0002834463363846748 4.1640746032504905e-06 -0.003248012524697685 -0.0002832660180698875 0.999994685073377 2.3321398131752324e-05
0.999980759337452 -0.001963174162540883 0.005884462770759544 0.24365936268114757 0.001978190037211442 0.9999947996361511 -0.0025470502214778993 -0.012154234489560814 -0.005879431866226582 0.002558641800171553 0.9999794426052312 0.30802084241072464
0.9999443231400796 -0.002407980416791807 0.010273862479143282 0.36633669125802054 0.0024262695780175735 0.999995493559032 -0.0017680717074828442 0.03243277698549136 -0.010269558698541403 0.0017929004267839392 0.9999456593596459 0.841639505129486
0.9999995004532486 0.0005207368775204018 0.0008531860040287032 1.1306088413755543e-05 -0.0005207939183090036 0.9999998621666986 6.663541397347293e-05 3.2736157993777688e-06 -0.0008531511869138546 -6.707971476805288e-05 0.9999996338166149 3.2221835653559956e-05
0.9999995901509668 0.0008260587972035055 -0.00037057355784067623 8.627494228056711e-06 -0.0008257563941274152 0.9999993265813653 0.0008154527536271228 -4.006053717732543e-06 0.00037124692021037436 -0.0008151464159297186 0.9999995988559419 2.1392715772074323e-05
0.999998033536418 0.000729133400675903 0.0018442580570661251 0.10148672448168555 -0.0007358814673559916 0.9999930280038232 0.003660931877399532 -0.013529884869306575 -0.001841575891196591 -0.003662281833635536 0.9999915981097081 1.0341626751778066
0.9999999006544004 -6.671110099910832e-05 -0.00044072760107757126 4.607872525188282e-06 6.720930932786644e-05 0.9999993587213034 0.0011305042638552068 -3.1985364547236e-07 0.0004406519012642237 -0.0011305337725422532 0.9999992638593745 1.6131995341763022e-05
0.999999642962496 -0.0008316697352367071 -0.00014966740434457776 1.06278075711696e-05 0.0008317031402884418 0.9999996292097757 0.00022327157790614623 -3.7301941993081964e-07 0.00014948166063528424 -0.00022339597704001157 0.9999999638747346 1.8434231581911752e-05
0.9999995668688415 -0.0007180213191875937 -0.0005922056352969225 -0.003450655963975105 0.0007179634234310892 0.9999997374651933 -9.796972502023395e-05 -0.00842532472176983 0.0005922758241735301 9.75445006012005e-05 0.999999819847193 0.21765497053032773
0.9999987789266831 -5.0745055620385504e-05 -0.0015619123158013728 2.8172534363954612e-06 4.8591697091254244e-05 0.9999990484464919 -0.001378675073328603 6.229020192770993e-06 0.0015619807905015077 0.0013785974938951258 0.9999978298401252 1.7128464010149737e-05
0.9999997601088121 -0.00012744711835879294 -0.0006808373890211298 8.899698485363794e-06 0.00012635973394613993 0.9999987169194408 -0.00159693227465517 1.6009662166461685e-06 0.0006810400398685308 0.0015968458611338523 0.9999984931327446 1.3526733791780433e-05
0.9999811805133069 -0.002176219615636019 -0.005736086418263388 0.08295795916298192 0.0021680492788677345 0.9999966270276804 -0.0014302082319040362 0.03179179899180949 0.005739179517811391 0.0014177451980966085 0.9999825257558332 0.9597771967632496
0.9999818045550796 1.2203651263134985e-05 -0.006032446422285056 0.2968590009311802 7.29642763885462e-07 0.9999977017401311 0.002143948209122218 0.001806406349844569 0.006032458722151803 -0.002143913600561547 0.9999795063281242 0.9580490649183245
0.9999929428879677 -0.00012961097904632725 -0.0037546471546591907 0.21108611558456997 0.00014620950894119204 0.9999902172659634 0.004420859096471585 0.006315017274657747 0.003754037432068956 -0.004421376863090392 0.9999831791733265 0.7700167213929231
0.9999876839039661 0.0008008568669257548 -0.004898027017104633 0.248760785874011 -0.0007917077405320149 0.9999979389428518 0.0018695745243042623 -0.005280460209984485 0.004899514183587056 -0.0018656736925421016 0.9999862569167827 0.956439853222445
0.9999633806866545 -0.003546014263875024 -0.007788649982979086 -0.12303293995635732 0.0035250763143700194 0.9999901409269129 -0.002700349227567568 -0.0735224683689298 0.007798148670988052 0.002672794757057143 0.9999660219454918 0.8324586428698718
0.9999666049867463 -0.0012353122059570356 -0.008078546591705071 -0.16091438235878472 0.0012039987686142913 0.9999917485880939 -0.003879837972330175 0.013535213645841185 0.008083272743493896 0.003869981844941061 0.999959841164771 1.0461163986359368
0.9999980314537851 0.0019413874937347204 -0.0004100038460749193 -0.3868059157911316 -0.0019420290677562954 0.9999968814261488 -0.0015702423624583584 0.04741302866381824 0.0004069541185630369 0.0015710355107506685 0.9999986831170176 0.6416484867204572
0.9999665118148007 0.003231876578009326 -0.007518658306151005 -0.21424423694523628 -0.003220022616691096 0.9999935545526875 0.0015881773922337492 0.03639478254381274 0.007523742638350716 -0.0015639139572621301 0.99997047329901 1.1973156127872897
0.9999578077353087 -0.0038567037261504236 -0.00833718091228313 0.06740772970126213 0.003884355374148184 0.9999870008299194 0.0033030220268789093 0.01678344886355898 0.008324333758491839 -0.0033352672383811428 0.9999597899215377 1.2210777929447558
0.9999954370906694 -0.0017134161442510813 -0.002487971655305384 1.6697914339020356e-05 0.001713941973673412 0.9999985093113508 0.00020923189755568122 -5.627889650413377e-06 0.002487609445203114 -0.00021349518189884125 0.9999968831046702 2.6179613973720658e-05
0.9999971999149277 0.00014504334461193285 -0.0023620170897278112 0.05742992446697684 -0.0001523041703702954 0.9999952633326283 -0.003074104055971624 0.011669070812135534 0.002361560023304568 0.003074455193271998 0.9999924853515254 0.7492306503701461
0.9999991538502369 0.0012266929260258295 -0.000433039577299455 6.291376388544702e-06 -0.0012269926424837724 0.9999990074404878 -0.0006925367099508801 9.758718556327599e-06 0.0004321896175987935 0.0006930674603363577 0.9999996664347593 1.858455236723253e-05
0.9999900609922842 0.004004051028299981 0.001960992608514992 -0.1943949871794825 -0.004004295714948004 0.9999919754713474 0.00012086661784946883 -0.045671618515130075 -0.00196049291636813 -0.00012871781085454272 0.9999980699477624 0.3134150954886657
0.9999734518463793 -0.005858880942686521 -0.004332333844057242 0.040700171915649445 0.005866948260970976 0.9999810747725162 0.0018517599483665985 -0.01596524402620082 0.004321402612581792 -0.0018771283660713577 0.9999889008726833 0.7968067818948361
0.9999966166753432 -0.001329934573529608 -0.00223560101464009 5.745335785787168e-06 0.0013292901121845883 0.9999990745207937 -0.00028973324577908694 -5.454361952832479e-07 0.0022359842718985006 0.0002867605031939017 0.9999974590681466 2.365497213655977e-05
0.9999391152030004 -0.0027848822078149938 -0.010677561431772752 0.1534029947676222 0.0027807588860030365 0.9999960532841813 -0.00040099386371435957 0.024862686149971704 0.010678636011148646 0.00037127772545212387 0.9999429128134226 1.3449656691787866
0.9999999047803564 0.00029641640376504796 -0.000320275808897629 0.00011861441515675339 -0.0002964228843550152 0.9999999558629759 -2.0187124485095373e-05 -2.2795857715612718e-05 0.00032026981096676567 2.0282059641947146e-05 0.9999999485079418 0.00023749914100572753
0.9999995124584017 -0.0009505216757379647 -0.0002675658852308477 -0.008461996767773046 0.0009505324454799368 0.999999547438864 4.012651696818021e-05 -0.024328709771034622 0.00026752762301677656 -4.038082746004947e-05 0.9999999633991792 0.21285143980070256
0.9999912132099664 -0.003499567488823897 -0.002307927696141252 0.11794065837886783 0.0035027458111538943 0.9999929206926287 0.001374531341357768 0.03363929257218115 0.002303101092417115 -0.0013826033477095817 0.9999963920601619 0.5092929984172885
0.9999598136019313 0.0024986275555766444 -0.008609764313228187 0.17860506100457818 -0.002499824691257085 0.9999968672048167 -0.00012828509335262832 -0.025752339031072075 0.008609416803930797 0.0001498028394529125 0.9999629270635014 0.9320280520896341
0.9999680863354723 0.0010944374693726247 -0.00791381811763854 0.1974682191333465 -0.0010987090042815207 0.9999992530768207 -0.0005354291033792694 -0.0006322683670752477 0.00791322621295142 0.0005441069990985814 0.9999685419044322 0.7997687738251945
0.9999925599398642 -0.0007590261469935802 -0.0037820555555572724 0.33928039010804034 0.0007601179366253103 0.9999996698548276 0.0002872472076178781 0.000341124908191206 0.0037818362787886556 -0.0002901198787464721 0.9999928067465368 0.5823574910310906
0.9999969773871972 0.0011598046010585922 -0.0021679644270295112 0.03654221800428123 -0.00116203435336784 0.9999987969346807 -0.0010275238939592179 -0.13510415854095836 0.002166770091886784 0.0010300400372934284 0.9999971220583039 0.3615939062299995
0.9999967336942676 0.002217879408246219 0.0012702801763577907 0.01839961070464468 -0.002218070334755474 0.9999975289913098 0.00014891361466405788 0.007208766843227113 -0.0012699467650448648 -0.00015173069904267185 0.99999918210617 0.5969656870647203
0.9999971280414368 0.00045278517184393934 0.002353485599367711 -1.9934518249750862e-05 -0.0004526451913039327 0.9999998957555434 -6.001027494436843e-05 9.281089309669143e-06 -0.002353512525792537 5.894480865798857e-05 0.9999972287483103 3.1186876077722936e-05
0.999992331615151 0.002358747384995371 -0.0031261832428142477 -0.1200154479094093 -0.002364009858569341 0.9999957932942382 -0.0016807293701927828 -0.021484497311709566 0.0031222056758743607 0.0016881068097188523 0.9999937010437199 0.8221224107675149
0.9999815901901873 0.0007958703729854955 -0.0060154693128392405 0.03194944777795376 -0.0008031195317689691 0.9999989541751602 -0.001202766645521663 -0.003840798793863119 0.006014505775373225 0.0012075756437143678 0.9999811835636422 0.6438439416919879
0.9999922967753726 0.0008048733626462092 -0.0038416882727771327 0.11158530093276597 -0.0008122283301216505 0.9999978397084365 -0.0019133383391326223 0.0004997723859160889 0.00384013997854747 0.0019164439283082535 0.9999907902413976 0.6293451076891239
0.999986957754396 0.004181560560624243 -0.0029323833967409424 -0.12940085069745857 -0.004185324163935389 0.9999904242008415 -0.00127850235195473 0.012988880779711501 0.0029270091818148804 0.0012907586525013537 0.9999948832665848 0.6281948872080053
0.999999217220007 0.00125063054147667 3.8504831001381656e-05 0.06014107690417464 -0.0012506079561298397 0.9999990491511183 -0.0005810994746319134 0.01796455663680267 -3.923153513971688e-05 0.0005810508653108709 0.9999998304203749 0.680724783464507
0.9999894487228052 -0.0017790712104230509 -0.004235250723212862 0.09190865810540554 0.0017829258683054272 0.9999979996825141 0.0009065353376907055 -0.02017347154045981 0.004233629460446267 -0.0009140769106582461 0.9999906203785078 0.5783567134572885
0.9999884948797568 -0.00012588112963013017 -0.004795233264376557 0.1883454908080231 0.00012122042778057332 0.9999995200439044 -0.0009722230037009532 -0.01741362835883053 0.00479535334740508 0.0009716305379307771 0.9999880301885474 0.454750540153864
0.9999934441657451 0.0018842711912431035 -0.0030921105427559907 0.0870959600962725 -0.0018881292501128474 0.999997442136915 -0.0012452660607723872 0.004943651632259826 0.0030897562145968324 0.0012510962013748497 0.9999944440669803 0.4341934471887196
0.9999993069615921 0.001065247764542013 -0.0005013217885244257 -0.007625681116171842 -0.0010650746628059703 0.9999993731464745 0.0003454310651139799 -0.003779280849413571 0.0005016894439390111 -0.0003448968805821146 0.9999998146769046 0.15503164573774378
0.9999866113204473 -0.003313389359968997 -0.003974749149063671 0.19135867767757958 0.003317333701038284 0.9999940113673103 0.0009861676488824422 0.0030215220214722966 0.003971457788356031 -0.0009993400147051681 0.9999916143861259 0.25924535265815085
0.9999529389303724 0.004977263610375999 -0.008327470892396896 0.08806127152893448 -0.005002410085988642 0.9999829829939869 -0.0030016022020430094 -0.0022053005663011677 0.008312389418361592 0.003043118367815688 0.9999608210388831 0.6388624016966604
0.9999750434447637 0.0013125570612004603 -0.006941878823775845 -0.16348040585269105 -0.0013510824363555099 0.9999836973939052 -0.0055479295836218055 -0.0032815248031349805 0.006934483678909796 0.005557170176964816 0.9999605146183179 0.4855246332205143
0.9999663366353356 0.0005124195284081993 -0.008189201568749532 0.08784373069881579 -0.0005364403272338257 0.9999955598429264 -0.0029313011117064343 -0.002696190415062816 0.008187663151474978 0.002935595452217493 0.9999621715102321 0.9113977124424345
